Date	Time	Tair	Rhair	GlobRad	DifRad	Windspeed
01-05-2001	00:00	4.7	85	0	0	2.6
01-05-2001	01:00	4.1	84	0	0	2.6
01-05-2001	02:00	3.8	84	0	0	2.6
01-05-2001	03:00	3.9	82	0	0	2.6
01-05-2001	04:00	4.3	81	3	3	3.3
01-05-2001	05:00	4.8	79	37	37	3.9
01-05-2001	06:00	7.2	75	86	86	4.6
01-05-2001	07:00	9.2	64	182	167	5.1
01-05-2001	08:00	11.2	54	293	242	5.7
01-05-2001	09:00	13.2	46	403	318	6.2
01-05-2001	10:00	14.3	44	577	309	6.2
01-05-2001	11:00	15.4	43	694	262	6.2
01-05-2001	12:00	16.5	41	738	194	6.2
01-05-2001	13:00	16.7	43	696	142	5.5
01-05-2001	14:00	17	45	611	132	4.8
01-05-2001	15:00	17.2	47	491	133	4.1
01-05-2001	16:00	15.8	51	350	125	3.2
01-05-2001	17:00	14.5	54	199	98	2.4
01-05-2001	18:00	13.1	58	70	58	1.5
01-05-2001	19:00	11.5	65	8	8	1.3
01-05-2001	20:00	9.8	71	0	0	1.2
01-05-2001	21:00	8.2	79	0	0	1
01-05-2001	22:00	7.7	80	0	0	1.2
01-05-2001	23:00	7.3	81	0	0	1.3
02-05-2001	00:00	6.8	82	0	0	1.5
02-05-2001	01:00	6.4	84	0	0	1.3
02-05-2001	02:00	5.9	87	0	0	1.2
02-05-2001	03:00	5.5	89	0	0	1
02-05-2001	04:00	7.2	85	4	4	1
02-05-2001	05:00	9	81	51	46	1
02-05-2001	06:00	10.7	77	173	95	1
02-05-2001	07:00	12.5	66	323	135	1.5
02-05-2001	08:00	14.3	58	470	146	2.1
02-05-2001	09:00	16.1	50	592	146	2.6
02-05-2001	10:00	15.9	51	684	143	2.9
02-05-2001	11:00	15.8	53	734	151	3.3
02-05-2001	12:00	15.6	54	738	152	3.6
02-05-2001	13:00	15	57	697	147	3.9
02-05-2001	14:00	14.5	60	613	136	4.3
02-05-2001	15:00	13.9	64	493	135	4.6
02-05-2001	16:00	13.7	65	352	127	4.4
02-05-2001	17:00	13.6	66	202	100	4.3
02-05-2001	18:00	13.4	67	72	60	4.1
02-05-2001	19:00	12.5	70	8	8	3.9
02-05-2001	20:00	11.7	73	0	0	3.8
02-05-2001	21:00	10.8	76	0	0	3.6
02-05-2001	22:00	10.3	78	0	0	3.4
02-05-2001	23:00	9.7	80	0	0	3.3
03-05-2001	00:00	9.2	82	0	0	3.1
03-05-2001	01:00	8.7	81	0	0	2.8
03-05-2001	02:00	8.3	79	0	0	2.4
03-05-2001	03:00	7.8	77	0	0	2.1
03-05-2001	04:00	8.7	75	5	5	2.6
03-05-2001	05:00	9.7	72	54	48	3.1
03-05-2001	06:00	10.6	69	177	96	3.6
03-05-2001	07:00	12.3	64	327	136	4.1
03-05-2001	08:00	14.1	59	473	147	4.6
03-05-2001	09:00	15.8	54	595	148	5.1
03-05-2001	10:00	16.9	49	687	145	5.3
03-05-2001	11:00	17.9	43	738	151	5.5
03-05-2001	12:00	19	39	744	151	5.7
03-05-2001	13:00	18.8	39	708	136	5.7
03-05-2001	14:00	18.5	39	627	122	5.7
03-05-2001	15:00	18.3	38	507	123	5.7
03-05-2001	16:00	17	42	361	131	5.3
03-05-2001	17:00	15.8	46	207	100	5
03-05-2001	18:00	14.5	50	75	62	4.6
03-05-2001	19:00	13.1	53	9	9	4.3
03-05-2001	20:00	11.7	57	0	0	3.9
03-05-2001	21:00	10.3	61	0	0	3.6
03-05-2001	22:00	9.8	65	0	0	3.1
03-05-2001	23:00	9.4	70	0	0	2.6
04-05-2001	00:00	8.9	74	0	0	2.1
04-05-2001	01:00	8.9	75	0	0	2.8
04-05-2001	02:00	8.9	76	0	0	3.4
04-05-2001	03:00	8.9	76	0	0	4.1
04-05-2001	04:00	10	73	5	5	4.3
04-05-2001	05:00	11.1	70	57	43	4.4
04-05-2001	06:00	12.2	67	181	98	4.6
04-05-2001	07:00	13.7	61	333	136	5.3
04-05-2001	08:00	15.1	56	483	142	6
04-05-2001	09:00	16.6	51	610	134	6.7
04-05-2001	10:00	17.1	50	704	127	6.7
04-05-2001	11:00	17.6	48	754	134	6.7
04-05-2001	12:00	18.1	46	757	137	6.7
04-05-2001	13:00	18.2	46	715	131	6.9
04-05-2001	14:00	18.3	45	630	123	7
04-05-2001	15:00	18.4	44	509	126	7.2
04-05-2001	16:00	17.3	48	363	134	7
04-05-2001	17:00	16.2	52	210	102	6.9
04-05-2001	18:00	15.1	56	77	64	6.7
04-05-2001	19:00	13.7	60	10	10	6.2
04-05-2001	20:00	12.3	64	0	0	5.6
04-05-2001	21:00	10.9	68	0	0	5.1
04-05-2001	22:00	10.7	68	0	0	4.8
04-05-2001	23:00	10.6	67	0	0	4.4
05-05-2001	00:00	10.4	67	0	0	4.1
05-05-2001	01:00	10.5	65	0	0	4.8
05-05-2001	02:00	10.5	64	0	0	5.5
05-05-2001	03:00	10.6	62	0	0	6.2
05-05-2001	04:00	10.8	61	5	5	6
05-05-2001	05:00	11.1	59	50	47	5.9
05-05-2001	06:00	11.3	58	147	118	5.7
05-05-2001	07:00	12.4	54	291	168	5.9
05-05-2001	08:00	13.6	50	444	203	6
05-05-2001	09:00	14.7	47	583	196	6.2
05-05-2001	10:00	15.2	45	645	239	6.5
05-05-2001	11:00	15.6	43	653	287	6.9
05-05-2001	12:00	16.1	41	608	349	7.2
05-05-2001	13:00	16.2	40	600	303	7.7
05-05-2001	14:00	16.3	38	549	231	8.2
05-05-2001	15:00	16.4	37	458	234	8.7
05-05-2001	16:00	15.5	40	336	154	7.9
05-05-2001	17:00	14.5	44	199	111	7
05-05-2001	18:00	13.6	48	76	65	6.2
05-05-2001	19:00	12.5	51	10	10	5.8
05-05-2001	20:00	11.3	55	0	0	5.5
05-05-2001	21:00	10.2	58	0	0	5.1
05-05-2001	22:00	10.5	57	0	0	4.6
05-05-2001	23:00	10.8	56	0	0	4.1
06-05-2001	00:00	11.1	55	0	0	3.6
06-05-2001	01:00	11	54	0	0	4.5
06-05-2001	02:00	11	53	0	0	5.3
06-05-2001	03:00	10.9	53	0	0	6.2
06-05-2001	04:00	10.9	53	5	5	6.4
06-05-2001	05:00	11	54	45	45	6.5
06-05-2001	06:00	11	55	127	116	6.7
06-05-2001	07:00	12.1	51	272	182	6.9
06-05-2001	08:00	13.3	48	436	213	7
06-05-2001	09:00	14.4	45	587	197	7.2
06-05-2001	10:00	15.2	41	632	254	7.2
06-05-2001	11:00	16.1	39	608	348	7.2
06-05-2001	12:00	16.9	36	516	358	7.2
06-05-2001	13:00	17.3	35	521	337	6.9
06-05-2001	14:00	17.6	34	486	301	6.5
06-05-2001	15:00	18	33	414	259	6.2
06-05-2001	16:00	17	38	282	202	6.4
06-05-2001	17:00	16.1	44	156	131	6.5
06-05-2001	18:00	15.1	50	56	56	6.7
06-05-2001	19:00	13.3	55	9	9	5.8
06-05-2001	20:00	11.6	62	0	0	5
06-05-2001	21:00	9.8	69	0	0	4.1
06-05-2001	22:00	10.6	64	0	0	5
06-05-2001	23:00	11.3	60	0	0	5.8
07-05-2001	00:00	12.1	56	0	0	6.7
07-05-2001	01:00	11.8	58	0	0	7
07-05-2001	02:00	11.6	60	0	0	7.4
07-05-2001	03:00	11.3	62	0	0	7.7
07-05-2001	04:00	11	66	7	7	7.7
07-05-2001	05:00	11.7	62	65	46	8
07-05-2001	06:00	12.5	60	192	101	8.2
07-05-2001	07:00	13.1	57	345	139	8.4
07-05-2001	08:00	13.8	54	495	145	8.5
07-05-2001	09:00	14.4	51	621	137	8.7
07-05-2001	10:00	15.1	49	715	128	8.5
07-05-2001	11:00	15.7	47	766	126	8.4
07-05-2001	12:00	16.4	45	771	127	8.2
07-05-2001	13:00	16.7	43	716	166	7.5
07-05-2001	14:00	17.1	40	570	251	6.9
07-05-2001	15:00	17.4	38	350	246	6.2
07-05-2001	16:00	15.1	47	232	197	5.2
07-05-2001	17:00	12.8	57	124	120	4.1
07-05-2001	18:00	10.5	70	43	43	3.1
07-05-2001	19:00	10.4	73	5	5	3.6
07-05-2001	20:00	10.2	77	0	0	4.1
07-05-2001	21:00	10.1	80	0	0	4.6
07-05-2001	22:00	9.8	81	0	0	3.9
07-05-2001	23:00	9.5	81	0	0	3.3
08-05-2001	00:00	9.2	81	0	0	2.6
08-05-2001	01:00	9.6	85	0	0	2.1
08-05-2001	02:00	10.1	87	0	0	1.5
08-05-2001	03:00	10.5	90	0	0	1
08-05-2001	04:00	10.3	89	2	2	1.2
08-05-2001	05:00	10.2	88	20	20	1.3
08-05-2001	06:00	10	87	59	59	1.5
08-05-2001	07:00	9.8	88	104	104	1.5
08-05-2001	08:00	9.6	88	149	149	1.5
08-05-2001	09:00	9.4	89	187	187	1.5
08-05-2001	10:00	9.6	90	215	214	2.2
08-05-2001	11:00	9.9	91	230	229	2.9
08-05-2001	12:00	10.1	92	231	230	3.6
08-05-2001	13:00	10.4	92	218	217	4.1
08-05-2001	14:00	10.8	91	193	192	4.6
08-05-2001	15:00	11.1	90	156	156	5.1
08-05-2001	16:00	11.1	89	113	113	4.6
08-05-2001	17:00	11	89	67	67	4.1
08-05-2001	18:00	11	88	26	26	3.6
08-05-2001	19:00	10.5	89	4	4	3.1
08-05-2001	20:00	10.1	90	0	0	2.6
08-05-2001	21:00	9.6	91	0	0	2.1
08-05-2001	22:00	9	91	0	0	2.8
08-05-2001	23:00	8.3	90	0	0	3.4
09-05-2001	00:00	7.7	90	0	0	4.1
09-05-2001	01:00	7.2	90	0	0	4.1
09-05-2001	02:00	6.7	90	0	0	4.1
09-05-2001	03:00	6.2	90	0	0	4.1
09-05-2001	04:00	7.3	88	9	9	3.8
09-05-2001	05:00	8.3	85	69	49	3.4
09-05-2001	06:00	9.4	82	195	106	3.1
09-05-2001	07:00	10.3	81	332	152	3.1
09-05-2001	08:00	11.1	79	442	234	3.1
09-05-2001	09:00	12	77	497	290	3.1
09-05-2001	10:00	12.1	73	514	385	3.1
09-05-2001	11:00	12.2	68	477	382	3.1
09-05-2001	12:00	12.3	64	392	373	3.1
09-05-2001	13:00	12.1	67	371	328	2.8
09-05-2001	14:00	11.9	69	327	291	2.4
09-05-2001	15:00	11.7	71	266	238	2.1
09-05-2001	16:00	11.6	71	254	202	2.1
09-05-2001	17:00	11.4	71	180	130	2.1
09-05-2001	18:00	11.3	71	80	72	2.1
09-05-2001	19:00	9.8	76	13	13	2.4
09-05-2001	20:00	8.3	81	0	0	2.8
09-05-2001	21:00	6.8	86	0	0	3.1
09-05-2001	22:00	6.4	87	0	0	3.1
09-05-2001	23:00	5.9	88	0	0	3.1
10-05-2001	00:00	5.5	89	0	0	3.1
10-05-2001	01:00	5.5	91	0	0	2.8
10-05-2001	02:00	5.4	92	0	0	2.4
10-05-2001	03:00	5.4	94	0	0	2.1
10-05-2001	04:00	6.7	90	9	9	2.6
10-05-2001	05:00	7.9	86	58	54	3.1
10-05-2001	06:00	9.2	83	102	102	3.6
10-05-2001	07:00	9.9	81	237	190	4.3
10-05-2001	08:00	10.6	80	400	247	5
10-05-2001	09:00	11.3	78	557	254	5.7
10-05-2001	10:00	11.3	78	573	331	5.7
10-05-2001	11:00	11.4	77	516	364	5.7
10-05-2001	12:00	11.4	76	392	374	5.7
10-05-2001	13:00	11.3	78	371	329	5.5
10-05-2001	14:00	11.1	80	328	292	5.3
10-05-2001	15:00	11	82	267	239	5.1
10-05-2001	16:00	10.8	85	169	168	5.3
10-05-2001	17:00	10.6	87	85	85	5.5
10-05-2001	18:00	10.4	89	28	28	5.7
10-05-2001	19:00	10.2	90	4	4	5.8
10-05-2001	20:00	10	91	0	0	5.9
10-05-2001	21:00	9.7	92	0	0	5.9
10-05-2001	22:00	9.5	93	0	0	6
10-05-2001	23:00	9.3	93	0	0	6.1
11-05-2001	00:00	9.1	94	0	0	6.2
11-05-2001	01:00	9.2	94	0	0	5.7
11-05-2001	02:00	9.2	94	0	0	5.1
11-05-2001	03:00	9.3	94	0	0	4.6
11-05-2001	04:00	9.5	93	5	5	5.1
11-05-2001	05:00	9.6	92	51	51	5.7
11-05-2001	06:00	9.8	91	162	121	6.2
11-05-2001	07:00	10.4	88	255	216	5.8
11-05-2001	08:00	10.9	85	313	261	5.5
11-05-2001	09:00	11.5	82	319	307	5.1
11-05-2001	10:00	12	79	366	324	6
11-05-2001	11:00	12.5	77	391	377	6.8
11-05-2001	12:00	13	75	393	379	7.7
11-05-2001	13:00	12.8	75	372	330	7.4
11-05-2001	14:00	12.5	75	330	293	7
11-05-2001	15:00	12.3	74	269	241	6.7
11-05-2001	16:00	12	74	218	207	7.6
11-05-2001	17:00	11.7	74	144	135	8.4
11-05-2001	18:00	11.4	74	64	64	9.3
11-05-2001	19:00	10.8	78	11	11	8.6
11-05-2001	20:00	10.3	82	0	0	7.9
11-05-2001	21:00	9.7	86	0	0	7.2
11-05-2001	22:00	9.6	86	0	0	7.2
11-05-2001	23:00	9.4	86	0	0	7.2
12-05-2001	00:00	9.3	86	0	0	7.2
12-05-2001	01:00	9.1	86	0	0	7.4
12-05-2001	02:00	8.8	87	0	0	7.5
12-05-2001	03:00	8.6	87	0	0	7.7
12-05-2001	04:00	9.1	84	8	8	7.7
12-05-2001	05:00	9.7	82	65	56	7.7
12-05-2001	06:00	10.2	80	184	132	7.7
12-05-2001	07:00	11.2	74	320	170	7.5
12-05-2001	08:00	12.3	68	452	216	7.4
12-05-2001	09:00	13.3	63	564	238	7.2
12-05-2001	10:00	13.7	62	603	316	7.2
12-05-2001	11:00	14	61	589	374	7.2
12-05-2001	12:00	14.4	59	524	393	7.2
12-05-2001	13:00	14.4	62	458	383	7.2
12-05-2001	14:00	14.3	64	370	325	7.2
12-05-2001	15:00	14.3	67	270	260	7.2
12-05-2001	16:00	13.7	69	219	209	6.5
12-05-2001	17:00	13	72	145	137	5.8
12-05-2001	18:00	12.4	75	66	66	5.1
12-05-2001	19:00	11.9	77	10	10	4.9
12-05-2001	20:00	11.5	80	0	0	4.8
12-05-2001	21:00	11	82	0	0	4.6
12-05-2001	22:00	10.7	82	0	0	5.3
12-05-2001	23:00	10.4	82	0	0	6
13-05-2001	00:00	10.1	81	0	0	6.7
13-05-2001	01:00	10	80	0	0	6.9
13-05-2001	02:00	10	80	0	0	7
13-05-2001	03:00	9.9	79	0	0	7.2
13-05-2001	04:00	10.4	79	4	4	6.7
13-05-2001	05:00	11	79	36	36	6.2
13-05-2001	06:00	11.5	79	107	106	5.7
13-05-2001	07:00	12.4	77	184	181	5.2
13-05-2001	08:00	13.2	75	259	252	4.6
13-05-2001	09:00	14.1	73	322	287	4.1
13-05-2001	10:00	13.8	74	368	327	4.1
13-05-2001	11:00	13.4	76	393	380	4.1
13-05-2001	12:00	13.1	77	396	382	4.1
13-05-2001	13:00	12.3	81	327	319	4.3
13-05-2001	14:00	11.4	84	245	242	4.4
13-05-2001	15:00	10.6	87	161	161	4.6
13-05-2001	16:00	10.5	87	221	179	3.9
13-05-2001	17:00	10.5	86	180	145	3.3
13-05-2001	18:00	10.4	86	89	73	2.6
13-05-2001	19:00	9.8	88	16	16	2.4
13-05-2001	20:00	9.3	90	0	0	2.3
13-05-2001	21:00	8.7	92	0	0	2.1
13-05-2001	22:00	7.8	92	0	0	2.6
13-05-2001	23:00	6.9	93	0	0	3.1
14-05-2001	00:00	6	93	0	0	3.6
14-05-2001	01:00	5.6	94	0	0	3.6
14-05-2001	02:00	5.3	95	0	0	3.6
14-05-2001	03:00	4.9	96	0	0	3.6
14-05-2001	04:00	6.3	94	11	11	3.6
14-05-2001	05:00	7.7	91	59	59	3.6
14-05-2001	06:00	9.1	88	108	108	3.6
14-05-2001	07:00	9.5	86	186	183	3.8
14-05-2001	08:00	9.8	84	261	254	3.9
14-05-2001	09:00	10.2	82	324	289	4.1
14-05-2001	10:00	9.9	84	324	315	4.6
14-05-2001	11:00	9.6	85	293	287	5.2
14-05-2001	12:00	9.3	86	236	234	5.7
14-05-2001	13:00	9.6	85	224	223	5.9
14-05-2001	14:00	9.9	84	198	198	6
14-05-2001	15:00	10.2	82	162	162	6.2
14-05-2001	16:00	9.8	84	147	147	6
14-05-2001	17:00	9.5	86	106	106	5.9
14-05-2001	18:00	9.1	88	52	52	5.7
14-05-2001	19:00	8.6	90	13	13	5.2
14-05-2001	20:00	8	91	0	0	4.6
14-05-2001	21:00	7.5	91	0	0	4.1
14-05-2001	22:00	7	92	0	0	3.8
14-05-2001	23:00	6.5	93	0	0	3.4
15-05-2001	00:00	6	93	0	0	3.1
15-05-2001	01:00	6.2	93	0	0	3.3
15-05-2001	02:00	6.4	93	0	0	3.4
15-05-2001	03:00	6.6	93	0	0	3.6
15-05-2001	04:00	6.9	93	12	12	4.6
15-05-2001	05:00	7.1	92	57	57	5.7
15-05-2001	06:00	7.4	91	65	65	6.7
15-05-2001	07:00	8.2	88	164	160	5.8
15-05-2001	08:00	8.9	85	293	251	5
15-05-2001	09:00	9.7	82	431	323	4.1
15-05-2001	10:00	10.2	77	456	354	4.8
15-05-2001	11:00	10.7	73	444	378	5.5
15-05-2001	12:00	11.2	69	400	382	6.2
15-05-2001	13:00	11	70	331	322	6.2
15-05-2001	14:00	10.7	71	248	245	6.2
15-05-2001	15:00	10.5	72	163	163	6.2
15-05-2001	16:00	10.2	77	120	120	6
15-05-2001	17:00	9.9	82	73	73	5.9
15-05-2001	18:00	9.6	87	32	32	5.7
15-05-2001	19:00	9.1	86	7	7	5.9
15-05-2001	20:00	8.5	84	0	0	6
15-05-2001	21:00	8	82	0	0	6.2
15-05-2001	22:00	7.4	83	0	0	5.8
15-05-2001	23:00	6.7	84	0	0	5.5