minute	indoorsCo2	indoorsRh	indoorsTemperature	growthLight	heating	photosynthesis
1	651.9	55.7147	24.0029	0	67.465	0
2	651.9	55.7065	24.0028	0	67.4409	0
3	651.9	55.6977	24.0029	0	67.4176	0
4	651.9	55.6884	24.0031	0	67.3935	0
5	651.9	55.6784	24.0036	0	67.3668	0
6	651.9	55.668	24.0041	0	67.3363	0
7	651.9	55.6574	24.0048	0	67.3008	0
8	651.9	55.6467	24.0054	0	67.2601	0
9	651.9	55.6362	24.0059	0	67.2141	0
10	651.9	55.6259	24.0064	0	67.1636	0
11	651.9	55.616	24.0067	0	67.1095	0
12	651.9	55.6065	24.0069	0	67.0528	0
13	651.9	55.5975	24.007	0	66.995	0
14	651.9	55.5888	24.0069	0	66.9373	0
15	651.9	55.5805	24.0066	0	66.8807	0
16	651.9	55.5723	24.0063	0	66.8262	0
17	651.9	55.5643	24.006	0	66.7743	0
18	651.9	55.5563	24.0056	0	66.7255	0
19	651.9	55.5482	24.0053	0	66.6798	0
20	651.9	55.5399	24.005	0	66.6369	0
21	651.9	55.5314	24.0047	0	66.5964	0
22	651.9	55.5226	24.0046	0	66.5577	0
23	651.9	55.5135	24.0045	0	66.5203	0
24	651.9	55.5041	24.0045	0	66.4833	0
25	651.9	55.4944	24.0045	0	66.4463	0
26	651.9	55.4846	24.0046	0	66.4087	0
27	651.9	55.4746	24.0048	0	66.37	0
28	651.9	55.4645	24.0049	0	66.3301	0
29	651.9	55.4544	24.0051	0	66.2889	0
30	651.9	55.4444	24.0052	0	66.2463	0
31	651.9	55.4343	24.0053	0	66.2028	0
32	651.9	55.4244	24.0054	0	66.1584	0
33	651.9	55.4145	24.0054	0	66.1135	0
34	651.9	55.4047	24.0054	0	66.0686	0
35	651.9	55.395	24.0054	0	66.0238	0
36	651.9	55.3854	24.0053	0	65.9796	0
37	651.9	55.3758	24.0052	0	65.9361	0
38	651.9	55.3662	24.0051	0	65.8935	0
39	651.9	55.3565	24.0049	0	65.8519	0
40	651.9	55.3468	24.0048	0	65.8113	0
41	651.9	55.337	24.0047	0	65.7715	0
42	651.9	55.3271	24.0047	0	65.7326	0
43	651.9	55.3171	24.0046	0	65.6942	0
44	651.9	55.307	24.0046	0	65.6562	0
45	651.9	55.2968	24.0046	0	65.6185	0
46	651.9	55.2865	24.0046	0	65.5809	0
47	651.9	55.2761	24.0046	0	65.5432	0
48	651.9	55.2656	24.0046	0	65.5054	0
49	651.9	55.2552	24.0046	0	65.4673	0
50	651.9	55.2446	24.0047	0	65.429	0
51	651.9	55.2341	24.0047	0	65.3905	0
52	651.9	55.2235	24.0047	0	65.3518	0
53	651.9	55.213	24.0047	0	65.313	0
54	651.9	55.2024	24.0047	0	65.2743	0
55	651.9	55.1918	24.0047	0	65.2357	0
56	651.9	55.1813	24.0046	0	65.1973	0
57	651.9	55.1707	24.0046	0	65.1591	0
58	651.9	55.1601	24.0045	0	65.1214	0
59	651.9	55.1495	24.0045	0	65.084	0
60	651.9	55.1388	24.0044	0	65.0469	0
61	651.9	55.1281	24.0044	0	65.0103	0
62	651.895	55.1205	24.0033	0	64.9741	0
63	651.885	55.1155	24.0014	0	64.9487	0
64	651.869	55.1124	23.9989	0	64.9409	0
65	651.848	55.1104	23.996	0	64.9553	0
66	651.822	55.1084	23.9931	0	64.9943	0
67	651.79	55.1058	23.9904	0	65.0574	0
68	651.753	55.1017	23.9881	0	65.1427	0
69	651.712	55.0959	23.9863	0	65.2463	0
70	651.664	55.088	23.9853	0	65.3629	0
71	651.612	55.0779	23.9849	0	65.4871	0
72	651.554	55.0658	23.9851	0	65.6133	0
73	651.491	55.0521	23.9858	0	65.7365	0
74	651.423	55.0371	23.987	0	65.8523	0
75	651.35	55.0212	23.9884	0	65.9578	0
76	651.271	55.0051	23.9898	0	66.0513	0
77	651.188	54.9891	23.9913	0	66.1324	0
78	651.099	54.9736	23.9925	0	66.2018	0
79	651.005	54.959	23.9935	0	66.2614	0
80	650.905	54.9453	23.9941	0	66.3136	0
81	650.801	54.9327	23.9944	0	66.3611	0
82	650.691	54.9211	23.9943	0	66.4071	0
83	650.576	54.9104	23.9939	0	66.4544	0
84	650.456	54.9004	23.9933	0	66.5055	0
85	650.331	54.8909	23.9926	0	66.5619	0
86	650.201	54.8815	23.9917	0	66.6251	0
87	650.065	54.8721	23.9909	0	66.6954	0
88	649.924	54.8625	23.9901	0	66.7727	0
89	658.908	54.8524	23.9895	0	66.8562	0
90	658.752	54.8417	23.989	0	66.9447	0
91	658.59	54.8304	23.9887	0	67.0368	0
92	658.423	54.8185	23.9886	0	67.1311	0
93	658.251	54.806	23.9887	0	67.2258	0
94	658.074	54.7931	23.9889	0	67.3196	0
95	657.891	54.7798	23.9892	0	67.4115	0
96	657.703	54.7663	23.9895	0	67.5006	0
97	657.51	54.7527	23.9899	0	67.5867	0
98	657.311	54.7391	23.9903	0	67.6696	0
99	657.108	54.7257	23.9906	0	67.7497	0
100	656.899	54.7125	23.9908	0	67.8274	0
101	656.685	54.6995	23.9909	0	67.9036	0
102	656.466	54.6868	23.9909	0	67.979	0
103	656.241	54.6743	23.9909	0	68.0545	0
104	656.012	54.662	23.9907	0	68.1306	0
105	655.777	54.6499	23.9905	0	68.2083	0
106	655.538	54.6378	23.9902	0	68.2877	0
107	655.293	54.6258	23.99	0	68.3693	0
108	655.043	54.6137	23.9897	0	68.4533	0
109	654.788	54.6015	23.9895	0	68.5393	0
110	654.528	54.5891	23.9893	0	68.6273	0
111	654.263	54.5765	23.9891	0	68.7168	0
112	653.993	54.5637	23.989	0	68.8074	0
113	653.718	54.5508	23.989	0	68.8989	0
114	653.438	54.5376	23.989	0	68.9906	0
115	653.153	54.5243	23.989	0	69.0824	0
116	652.863	54.5109	23.9891	0	69.1736	0
117	652.569	54.4975	23.9891	0	69.2646	0
118	652.269	54.4839	23.9892	0	69.3549	0
119	651.964	54.4704	23.9893	0	69.4446	0
120	651.655	54.4568	23.9893	0	69.5339	0
121	651.34	54.4433	23.9893	0	69.6228	0
122	651.026	54.4259	23.9906	0	69.7117	0
123	650.713	54.4072	23.9924	0	69.7869	0
124	650.4	54.3886	23.994	0	69.8468	0
125	650.087	54.3709	23.9955	0	69.8927	0
126	649.774	54.3545	23.9965	0	69.9272	0
127	658.589	54.3396	23.9971	0	69.9542	0
128	658.266	54.326	23.9972	0	69.9775	0
129	657.943	54.3138	23.9968	0	70.0011	0
130	657.621	54.3026	23.9962	0	70.028	0
131	657.299	54.2922	23.9953	0	70.0611	0
132	656.978	54.2822	23.9943	0	70.1019	0
133	656.657	54.2723	23.9933	0	70.1514	0
134	656.336	54.2622	23.9924	0	70.2095	0
135	656.016	54.2517	23.9916	0	70.2753	0
136	655.696	54.2406	23.991	0	70.3474	0
137	655.377	54.2288	23.9906	0	70.424	0
138	655.058	54.2163	23.9905	0	70.5032	0
139	654.739	54.2031	23.9906	0	70.5827	0
140	654.421	54.1894	23.9909	0	70.6609	0
141	654.103	54.1753	23.9913	0	70.7361	0
142	653.786	54.161	23.9919	0	70.8076	0
143	653.469	54.1466	23.9924	0	70.8743	0
144	653.152	54.1323	23.9929	0	70.9365	0
145	652.836	54.1182	23.9934	0	70.9941	0
146	652.52	54.1045	23.9938	0	71.0482	0
147	652.204	54.0912	23.994	0	71.0993	0
148	651.889	54.0783	23.9942	0	71.1486	0
149	651.575	54.0658	23.9942	0	71.1972	0
150	651.26	54.0536	23.9941	0	71.2458	0
151	650.946	54.0417	23.9939	0	71.2956	0
152	650.633	54.03	23.9937	0	71.3469	0
153	650.32	54.0185	23.9934	0	71.4005	0
154	650.007	54.007	23.9931	0	71.4562	0
155	649.695	53.9954	23.9929	0	71.5141	0
156	658.51	53.9837	23.9927	0	71.5738	0
157	658.187	53.9719	23.9926	0	71.6351	0
158	657.864	53.9599	23.9925	0	71.6972	0
159	657.542	53.9478	23.9925	0	71.7599	0
160	657.22	53.9355	23.9926	0	71.8224	0
161	656.899	53.9231	23.9927	0	71.8843	0
162	656.578	53.9106	23.9928	0	71.9454	0
163	656.258	53.8981	23.993	0	72.0052	0
164	655.937	53.8857	23.9931	0	72.0637	0
165	655.618	53.8733	23.9933	0	72.1208	0
166	655.298	53.861	23.9934	0	72.1769	0
167	654.979	53.8488	23.9935	0	72.2318	0
168	654.661	53.8367	23.9936	0	72.286	0
169	654.343	53.8248	23.9936	0	72.3397	0
170	654.025	53.813	23.9936	0	72.3932	0
171	653.708	53.8013	23.9936	0	72.4467	0
172	653.391	53.7897	23.9935	0	72.5005	0
173	653.074	53.7782	23.9935	0	72.5547	0
174	652.758	53.7667	23.9934	0	72.6093	0
175	652.442	53.7553	23.9934	0	72.6645	0
176	652.127	53.7438	23.9933	0	72.7201	0
177	651.812	53.7324	23.9933	0	72.7761	0
178	651.497	53.7209	23.9933	0	72.8324	0
179	651.183	53.7095	23.9933	0	72.8888	0
180	650.869	53.698	23.9933	0	72.9452	0
181	650.556	53.6872	23.9931	0	72.98	0
182	650.233	53.6838	23.9904	0	72.9805	0
183	649.899	53.6903	23.9846	0	72.9866	0
184	658.682	53.7068	23.9755	0	73.0002	0
185	658.316	53.7326	23.9633	0	73.0214	0
186	657.939	53.7669	23.9484	0	73.0497	0
187	657.553	53.8087	23.9311	0	73.0844	0
188	657.156	53.8571	23.9117	0	73.1247	0
189	656.749	53.9113	23.8904	0	73.1699	0
190	656.332	53.9705	23.8674	0	73.2196	0
191	655.905	54.0343	23.8431	0	73.273	0
192	655.469	54.1015	23.8177	0	73.3296	0
193	655.022	54.1711	23.7916	0	73.3888	0
194	654.565	54.2424	23.765	0	73.4496	0
195	654.099	54.3145	23.7382	0	73.5115	0
196	653.623	54.3869	23.7115	0	73.5738	0
197	653.137	54.4593	23.6849	0	73.6361	0
198	652.642	54.5315	23.6585	0	73.698	0
199	652.137	54.6036	23.6323	0	73.7595	0
200	651.623	54.6756	23.6063	0	73.8205	0
201	651.1	54.7478	23.5804	0	73.8812	0
202	650.567	54.8203	23.5546	0	73.9416	0
203	650.024	54.8931	23.5288	0	74.0017	0
204	649.473	54.9666	23.5031	0	74.0617	0
205	658.034	55.0408	23.4773	0	74.1218	0
206	657.443	55.116	23.4514	0	74.1819	0
207	656.843	55.1925	23.4253	0	74.2423	0
208	656.234	55.2704	23.399	0	74.3031	0
209	655.616	55.3496	23.3724	0	74.3646	0
210	654.988	55.4301	23.3457	0	74.4264	0
211	654.351	55.5117	23.3188	0	74.4888	0
212	653.706	55.5945	23.2917	0	74.5515	0
213	653.051	55.6783	23.2646	0	74.6147	0
214	652.388	55.763	23.2373	0	74.678	0
215	651.716	55.8487	23.2099	0	74.7417	0
216	651.035	55.9352	23.1825	0	74.8056	0
217	650.345	56.0226	23.155	0	74.8697	0
218	649.648	56.1106	23.1274	0	74.9338	0
219	658.061	56.1993	23.0998	0	74.9982	0
220	657.32	56.2885	23.0722	0	75.0626	0
221	656.57	56.3782	23.0446	0	75.1271	0
222	655.812	56.4683	23.017	0	75.1914	0
223	655.046	56.5587	22.9895	0	75.2559	0
224	654.272	56.6491	22.9621	0	75.32	0
225	653.489	56.7393	22.9348	0	75.3841	0
226	652.698	56.8293	22.9076	0	75.4479	0
227	651.899	56.919	22.8806	0	75.5114	0
228	651.092	57.0083	22.8538	0	75.5745	0
229	650.277	57.0973	22.8271	0	75.6372	0
230	649.455	57.1857	22.8007	0	75.6995	0
231	657.742	57.2738	22.7744	0	75.7613	0
232	656.873	57.3613	22.7483	0	75.8228	0
233	655.997	57.4484	22.7225	0	75.8836	0
234	655.114	57.535	22.6968	0	75.9442	0
235	654.222	57.621	22.6714	0	76.0041	0
236	653.323	57.7066	22.6461	0	76.0636	0
237	652.417	57.7917	22.6211	0	76.1227	0
238	651.504	57.8762	22.5962	0	76.1812	0
239	650.583	57.9603	22.5716	0	76.2392	0
240	649.656	58.0439	22.5472	0	76.2969	0
241	657.837	58.127	22.5229	0	76.354	0
242	656.87	58.2052	22.5002	0	76.4108	0
243	655.905	58.279	22.4788	0	76.4639	0
244	654.942	58.3491	22.4586	0	76.5139	0
245	653.98	58.4158	22.4395	0	76.5612	0
246	653.021	58.4795	22.4213	0	76.606	0
247	652.063	58.5407	22.4038	0	76.6486	0
248	651.108	58.5997	22.3871	0	76.6894	0
249	650.154	58.6566	22.371	0	76.7285	0
250	649.202	58.7118	22.3555	0	76.7662	0
251	657.367	58.7654	22.3405	0	76.8025	0
252	656.384	58.8176	22.3259	0	76.8376	0
253	655.403	58.8686	22.3118	0	76.8717	0
254	654.424	58.9185	22.2979	0	76.905	0.00573386
255	653.43	58.9675	22.2844	0	76.9373	0.00590057
256	652.438	59.0186	22.2703	0	76.9689	0.00606741
257	651.447	59.0696	22.2563	0	77.002	0.00623411
258	650.458	59.1201	22.2424	0	77.0348	0.00640074
259	649.47	59.1695	22.2289	0	77.0673	0.00656726
260	657.599	59.2182	22.2157	0	77.099	0.00674865
261	656.579	59.2661	22.2027	0	77.1299	0.00691533
262	655.561	59.3133	22.1899	0	77.1603	0.00708192
263	654.544	59.36	22.1773	0	77.1903	0.00724841
264	653.529	59.4062	22.1649	0	77.2197	0.00741481
265	652.516	59.4519	22.1527	0	77.2487	0.0075811
266	651.505	59.4972	22.1406	0	77.2774	0.0077473
267	650.495	59.5422	22.1287	0	77.3056	0.0079134
268	649.487	59.5869	22.1169	0	77.3337	0.0080794
269	657.596	59.6313	22.1052	0	77.3614	0.00826363
270	656.555	59.6754	22.0935	0	77.3888	0.00842979
271	655.517	59.7193	22.082	0	77.416	0.00859585
272	654.48	59.763	22.0706	0	77.443	0.00876181
273	653.445	59.8065	22.0593	0	77.4697	0.00892767
274	652.412	59.8498	22.048	0	77.4963	0.00909343
275	651.381	59.893	22.0369	0	77.5227	0.00925909
276	650.352	59.936	22.0258	0	77.5488	0.00942465
277	649.324	59.979	22.0147	0	77.5749	0.00959012
278	657.413	60.0218	22.0037	0	77.6007	0.00977717
279	656.353	60.0645	21.9928	0	77.6265	0.00994278
280	655.294	60.1071	21.9819	0	77.652	0.0101083
281	654.238	60.1496	21.9711	0	77.6776	0.0102737
282	653.184	60.1921	21.9604	0	77.7028	0.010439
283	652.132	60.2344	21.9497	0	77.7281	0.0106042
284	651.081	60.2767	21.939	0	77.7531	0.0107693
285	650.033	60.319	21.9284	0	77.7781	0.0109343
286	648.987	60.3611	21.9179	0	77.803	0.0110992
287	657.057	60.4032	21.9074	0	77.8277	0.0112891
288	655.977	60.4453	21.8969	0	77.8523	0.0114541
289	654.9	60.4873	21.8865	0	77.8768	0.0116191
290	653.825	60.5292	21.8761	0	77.9013	0.0117839
291	652.752	60.5711	21.8658	0	77.9256	0.0119486
292	651.682	60.6129	21.8555	0	77.9498	0.0121132
293	650.613	60.6547	21.8453	0	77.9739	0.0122777
294	649.547	60.6965	21.8351	0	77.998	0.0124422
295	657.596	60.7382	21.8249	0	78.0218	0.0126345
296	656.496	60.7799	21.8148	0	78.0456	0.0127991
297	655.399	60.8215	21.8047	0	78.0694	0.0129635
298	654.304	60.8631	21.7947	0	78.093	0.0131278
299	653.211	60.9047	21.7847	0	78.1166	0.013292
300	652.12	60.9462	21.7747	0	78.14	0.0134562
301	651.032	60.9876	21.7648	0	78.1633	0.0136202
302	649.943	61.0311	21.7544	0	78.1866	0.0135379
303	657.966	61.0748	21.7439	0	78.2111	0.0134854
304	656.837	61.1182	21.7334	0	78.2358	0.0134029
305	655.708	61.1611	21.7232	0	78.2602	0.0133205
306	654.579	61.2036	21.7131	0	78.2843	0.013238
307	653.449	61.2457	21.7031	0	78.308	0.0131555
308	652.32	61.2874	21.6932	0	78.3315	0.0130731
309	651.19	61.3289	21.6834	0	78.3547	0.0129907
310	650.06	61.37	21.6737	0	78.3777	0.0129083
311	648.93	61.4109	21.6641	0	78.4004	0.0128259
312	656.912	61.4516	21.6546	0	78.423	0.0127719
313	655.742	61.4921	21.6451	0	78.4453	0.0126894
314	654.572	61.5324	21.6357	0	78.4675	0.0126068
315	653.402	61.5725	21.6264	0	78.4896	0.0125243
316	652.233	61.6125	21.6171	0	78.5114	0.0124419
317	651.063	61.6523	21.6079	0	78.5332	0.0123594
318	649.894	61.692	21.5987	0	78.5548	0.012277
319	657.837	61.7315	21.5896	0	78.5764	0.0122216
320	656.627	61.771	21.5805	0	78.5977	0.012139
321	655.417	61.8103	21.5715	0	78.619	0.0120564
322	654.208	61.8495	21.5625	0	78.6402	0.0119739
323	653	61.8887	21.5536	0	78.6613	0.0118914
324	651.792	61.9277	21.5447	0	78.6823	0.0118089
325	650.584	61.9666	21.5358	0	78.7031	0.0117265
326	649.378	62.0055	21.527	0	78.724	0.0116441
327	657.283	62.0442	21.5182	0	78.7446	0.0115873
328	656.034	62.0829	21.5095	0	78.7653	0.0115047
329	654.787	62.1215	21.5008	0	78.7858	0.0114221
330	653.54	62.1601	21.4921	0	78.8063	0.0113396
331	652.295	62.1985	21.4834	0	78.8267	0.0112571
332	651.05	62.2369	21.4748	0	78.847	0.0111747
333	649.806	62.2752	21.4663	0	78.8672	0.0110923
334	657.674	62.3134	21.4577	0	78.8873	0.0110342
335	656.388	62.3516	21.4492	0	78.9073	0.0109516
336	655.103	62.3897	21.4407	0	78.9273	0.0108691
337	653.82	62.4277	21.4323	0	78.9472	0.0107866
338	652.538	62.4657	21.4239	0	78.9671	0.0107041
339	651.257	62.5036	21.4155	0	78.9868	0.0106216
340	649.977	62.5414	21.4072	0	79.0064	0.0105392
341	657.809	62.5792	21.3989	0	79.0261	0.0104799
342	656.487	62.6168	21.3906	0	79.0456	0.0103973
343	655.166	62.6545	21.3823	0	79.065	0.0103148
344	653.847	62.692	21.3741	0	79.0844	0.0102323
345	652.529	62.7295	21.3659	0	79.1038	0.0101499
346	651.213	62.767	21.3578	0	79.1229	0.0100675
347	649.899	62.8043	21.3496	0	79.1421	0.00998513
348	657.696	62.8416	21.3416	0	79.1612	0.00992457
349	656.339	62.8788	21.3335	0	79.1802	0.00984206
350	654.983	62.916	21.3255	0	79.1991	0.00975958
351	653.629	62.9531	21.3175	0	79.2179	0.00967715
352	652.278	62.9902	21.3095	0	79.2367	0.00959475
353	650.928	63.0271	21.3016	0	79.2555	0.00951239
354	649.581	63.064	21.2937	0	79.2741	0.00943007
355	657.344	63.1009	21.2858	0	79.2927	0.00936833
356	655.953	63.1376	21.278	0	79.3112	0.00928588
357	654.564	63.1744	21.2702	0	79.3296	0.00920346
358	653.177	63.211	21.2624	0	79.3479	0.00912109
359	651.793	63.2476	21.2546	0	79.3661	0.00903875
360	650.411	63.2841	21.2469	0	79.3844	0.00895646
361	649.032	63.3206	21.2392	0	79.4025	0.0088742
362	656.74	63.3651	21.2294	0	79.4205	0.00927274
363	655.269	63.4181	21.2172	0	79.4437	0.0096514
364	653.776	63.4789	21.203	0	79.4723	0.0100297
365	652.264	63.5466	21.1869	0	79.5058	0.0104077
366	650.731	63.62	21.1692	0	79.5437	0.0107854
367	649.178	63.6984	21.1502	0	79.5852	0.0111626
368	656.71	63.781	21.1302	0	79.6297	0.0115649
369	655.062	63.8672	21.1092	0	79.6769	0.0119422
370	653.395	63.9562	21.0874	0	79.7263	0.0123191
371	651.71	64.0478	21.0651	0	79.7773	0.0126956
372	650.007	64.1413	21.0422	0	79.83	0.0130717
373	648.286	64.2366	21.0189	0	79.8838	0.0134474
374	655.65	64.3332	20.9953	0	79.9386	0.0138532
375	653.833	64.4308	20.9714	0	79.9942	0.0142287
376	651.999	64.5292	20.9473	0	80.0502	0.0146038
377	650.149	64.6283	20.9232	0	80.1069	0.0149785
378	648.284	64.7277	20.899	0	80.1637	0.0153526
379	655.502	64.8274	20.8747	0	80.2207	0.0157611
380	653.539	64.9271	20.8505	0	80.2777	0.016135
381	651.562	65.0269	20.8263	0	80.3347	0.0165084
382	649.571	65.1265	20.8022	0	80.3917	0.0168814
383	656.663	65.2259	20.7781	0	80.4484	0.0172918
384	654.574	65.325	20.7542	0	80.5049	0.0176644
385	652.472	65.4237	20.7305	0	80.5612	0.0180365
386	650.358	65.522	20.7068	0	80.6171	0.0184081
387	648.233	65.6198	20.6834	0	80.6727	0.0187791
388	655.191	65.717	20.6601	0	80.728	0.0191919
389	652.967	65.8138	20.637	0	80.7828	0.0195636
390	650.733	65.9099	20.6141	0	80.8371	0.0199386
391	648.49	66.0053	20.5914	0	80.8911	0.0203132
392	655.329	66.1002	20.5689	0	80.9445	0.0207333
393	652.987	66.1943	20.5466	0	80.9975	0.021108
394	650.637	66.2878	20.5245	0	81.05	0.0214823
395	648.28	66.3805	20.5027	0	81.102	0.0218563
396	655.005	66.4726	20.481	0	81.1535	0.0222791
397	652.549	66.5639	20.4596	0	81.2045	0.0226531
398	650.087	66.6545	20.4384	0	81.2549	0.0230266
399	647.62	66.7443	20.4174	0	81.305	0.0234326
400	654.236	66.8333	20.3967	0	81.3544	0.0239166
401	651.67	66.9216	20.3762	0	81.4033	0.0243504
402	649.101	67.0091	20.3559	0	81.4517	0.0247861
403	655.615	67.0957	20.3358	0	81.4994	0.0252797
404	652.948	67.1816	20.316	0	81.5467	0.0257203
405	650.278	67.2666	20.2964	0	81.5934	0.026163
406	647.607	67.3509	20.2771	0	81.6396	0.0266076
407	654.02	67.4344	20.2579	0	81.6853	0.0271145
408	651.251	67.5171	20.239	0	81.7303	0.0275632
409	648.483	67.599	20.2203	0	81.775	0.0279849
410	654.799	67.6801	20.2019	0	81.8189	0.0284707
411	651.934	67.7579	20.1843	0	81.8625	0.0288951
412	649.072	67.8304	20.1681	0	81.904	0.0293202
413	655.294	67.8983	20.153	0	81.9422	0.0298124
414	652.336	67.962	20.139	0	81.9778	0.0302401
415	649.382	68.022	20.126	0	82.0107	0.0306686
416	655.513	68.0785	20.1139	0	82.0414	0.0311671
417	652.464	68.132	20.1025	0	82.07	0.0315982
418	649.421	68.1825	20.0919	0	82.0967	0.032024
419	655.464	68.2305	20.082	0	82.1218	0.0325182
420	652.327	68.276	20.0727	0	82.1452	0.0329414
421	649.199	68.3194	20.0639	0	82.1672	0.0333637
422	655.152	68.3638	20.0549	0	82.1878	0.0335993
423	651.921	68.4111	20.0452	0	82.2091	0.0337594
424	648.697	68.4607	20.0348	0	82.2321	0.0339188
425	654.555	68.5123	20.024	0	82.2564	0.0341534
426	651.231	68.5655	20.0128	0	82.282	0.0343113
427	647.916	68.6201	20.0012	0	82.3084	0.0344664
428	653.683	68.6759	19.9893	0	82.3357	0.0346916
429	650.269	68.7327	19.9772	0	82.3638	0.0348386
430	646.867	68.7903	19.9649	0	82.3924	0.0349848
431	652.548	68.8486	19.9524	0	82.4215	0.0352091
432	649.049	68.9075	19.9397	0	82.451	0.0353538
433	654.634	68.9668	19.927	0	82.4809	0.0355769
434	651.04	69.0265	19.9141	0	82.5111	0.03572
435	647.461	69.0864	19.9012	0	82.5414	0.0358623
436	652.968	69.1465	19.8882	0	82.5719	0.0360843
437	649.296	69.2066	19.8753	0	82.6024	0.0362105
438	654.71	69.2668	19.8623	0	82.633	0.0364171
439	650.947	69.327	19.8493	0	82.6637	0.0365419
440	647.204	69.3871	19.8363	0	82.6943	0.0366659
441	652.548	69.4473	19.8234	0	82.725	0.0368719
442	648.716	69.5081	19.8102	0	82.7556	0.0369945
443	653.971	69.5695	19.7969	0	82.7866	0.0371995
444	650.051	69.6314	19.7835	0	82.818	0.0373208
445	646.156	69.6935	19.7701	0	82.8496	0.0374413
446	651.35	69.7558	19.7566	0	82.8814	0.0376458
447	647.37	69.8183	19.7431	0	82.9133	0.0377649
448	652.48	69.8807	19.7295	0	82.9452	0.0379684
449	648.415	69.9432	19.716	0	82.9772	0.0380861
450	653.442	70.0056	19.7025	0	83.0092	0.0382885
451	649.296	70.0679	19.689	0	83.0411	0.0384047
452	654.241	70.13	19.6755	0	83.0729	0.0386062
453	650.016	70.1919	19.6621	0	83.1047	0.0387208
454	645.825	70.2536	19.6488	0	83.1363	0.0388347
455	650.728	70.3149	19.6356	0	83.1678	0.0390358
456	646.46	70.3766	19.6222	0	83.1991	0.0391482
457	651.286	70.4401	19.6084	0	83.2306	0.0393483
458	646.943	70.505	19.5944	0	83.2631	0.0394593
459	651.695	70.5709	19.58	0	83.2965	0.039654
460	647.279	70.6376	19.5654	0	83.3304	0.0397565
461	651.959	70.7051	19.5507	0	83.3647	0.0399479
462	647.472	70.773	19.5359	0	83.3995	0.040049
463	652.083	70.8412	19.521	0	83.4346	0.0402397
464	647.527	70.9097	19.5061	0	83.4698	0.0403394
465	652.071	70.9782	19.4911	0	83.5051	0.0405292
466	647.45	71.0467	19.4761	0	83.5405	0.0406276
467	651.928	71.1151	19.4612	0	83.5758	0.0408167
468	647.243	71.1833	19.4463	0	83.6111	0.0409135
469	651.66	71.2513	19.4315	0	83.6463	0.0411019
470	646.914	71.3189	19.4168	0	83.6813	0.0411974
471	651.27	71.3861	19.4021	0	83.7162	0.041385
472	646.465	71.4529	19.3876	0	83.7508	0.041479
473	650.764	71.5193	19.3732	0	83.7851	0.0416659
474	645.903	71.5851	19.3589	0	83.8192	0.0417584
475	650.147	71.6504	19.3447	0	83.853	0.0419447
476	645.232	71.7151	19.3307	0	83.8865	0.0420357
477	649.423	71.7793	19.3168	0	83.9197	0.0422213
478	653.5	71.8428	19.303	0	83.9526	0.0424052
479	648.421	71.9058	19.2894	0	83.9851	0.0424939
480	652.451	71.968	19.276	0	84.0172	0.0426756
481	647.326	72.0297	19.2627	0	84.049	0.042754
482	651.313	72.0903	19.2497	0	84.0805	0.0430987
483	646.149	72.1498	19.2369	0	84.1114	0.0433474
484	650.096	72.2082	19.2243	0	84.1416	0.0436949
485	644.893	72.2656	19.212	0	84.1713	0.0439446
486	648.803	72.3221	19.1999	0	84.2004	0.0442949
487	652.601	72.3777	19.1881	0	84.229	0.0446454
488	647.251	72.4324	19.1764	0	84.257	0.0448968
489	651.018	72.4863	19.1649	0	84.2847	0.0452502
490	645.638	72.5395	19.1536	0	84.3118	0.0455025
491	649.375	72.5919	19.1425	0	84.3386	0.0458588
492	653.002	72.6436	19.1315	0	84.3649	0.0462153
493	647.484	72.6946	19.1207	0	84.3909	0.046469
494	651.087	72.745	19.11	0	84.4165	0.0468284
495	645.547	72.7947	19.0995	0	84.4418	0.0470831
496	649.129	72.8438	19.0891	0	84.4666	0.0474454
497	652.601	72.8924	19.0789	0	84.4912	0.0478079
498	646.932	72.9403	19.0688	0	84.5154	0.0480639
499	650.389	72.9877	19.0588	0	84.5394	0.0484294
500	644.706	73.0345	19.0489	0	84.563	0.0486861
501	648.149	73.0807	19.0392	0	84.5864	0.0490569
502	651.483	73.1265	19.0296	0	84.6093	0.049429
503	645.681	73.1717	19.0201	0	84.6321	0.0496905
504	649.007	73.2164	19.0107	0	84.6545	0.0500661
505	652.226	73.2606	19.0014	0	84.6768	0.0504422
506	646.312	73.3042	18.9923	0	84.6986	0.0507055
507	649.529	73.3474	18.9832	0	84.7204	0.0510851
508	652.64	73.3901	18.9743	0	84.7418	0.0514651
509	646.621	73.4324	18.9655	0	84.7629	0.0517301
510	649.736	73.4741	18.9568	0	84.7838	0.0521138
511	652.746	73.5154	18.9481	0	84.8045	0.0524978
512	646.629	73.5562	18.9396	0	84.8249	0.0527644
513	649.649	73.5966	18.9312	0	84.845	0.0531522
514	652.565	73.6365	18.9229	0	84.8649	0.0535404
515	646.356	73.676	18.9147	0	84.8847	0.0538085
516	649.288	73.715	18.9065	0	84.9041	0.0542005
517	652.116	73.7536	18.8985	0	84.9234	0.0545928
518	645.823	73.7918	18.8906	0	84.9424	0.0548624
519	648.673	73.8295	18.8827	0	84.9612	0.0552586
520	651.421	73.8669	18.875	0	84.9797	0.0556504
521	645.049	73.9037	18.8673	0	84.998	0.0558988
522	647.824	73.9402	18.8598	0	85.0162	0.0562756
523	650.497	73.9764	18.8523	0	85.0342	0.0566516
524	644.054	74.0121	18.8449	0	85.0519	0.0568984
525	646.759	74.0474	18.8376	0	85.0695	0.0572765
526	649.364	74.0823	18.8303	0	85.0867	0.0576537
527	651.871	74.1168	18.8232	0	85.1039	0.0580303
528	645.267	74.151	18.8161	0	85.1208	0.0582748
529	647.816	74.1847	18.8091	0	85.1376	0.0586534
530	650.268	74.2181	18.8022	0	85.1541	0.0590312
531	643.61	74.2511	18.7954	0	85.1705	0.0592739
532	646.108	74.2837	18.7887	0	85.1866	0.0596539
533	648.509	74.316	18.782	0	85.2026	0.0600331
534	650.815	74.3479	18.7754	0	85.2184	0.0604116
535	644.017	74.3794	18.7689	0	85.2339	0.0606517
536	646.379	74.4105	18.7625	0	85.2494	0.0610323
537	648.647	74.4413	18.7561	0	85.2646	0.0614122
538	650.822	74.4718	18.7498	0	85.2797	0.0617912
539	643.898	74.5019	18.7436	0	85.2946	0.0620286
540	646.138	74.5316	18.7375	0	85.3093	0.0624099
541	648.287	74.561	18.7314	0	85.3238	0.0627903
542	650.37	74.5854	18.7265	0	85.3382	0.0628868
543	643.384	74.6077	18.722	0	85.3499	0.0628382
544	645.591	74.6272	18.7182	0	85.3604	0.0629356
545	647.732	74.6445	18.7149	0	85.3695	0.0630312
546	649.809	74.6597	18.7121	0	85.3773	0.063125
547	651.825	74.6732	18.7096	0	85.3841	0.0632172
548	644.773	74.6852	18.7075	0	85.3899	0.0631645
549	646.915	74.6959	18.7056	0	85.395	0.0632579
550	648.994	74.7055	18.704	0	85.3993	0.0633496
551	651.01	74.7142	18.7027	0	85.4031	0.0634397
552	643.959	74.7221	18.7015	0	85.4064	0.0633841
553	646.103	74.7292	18.7004	0	85.4091	0.0634756
554	648.183	74.7358	18.6995	0	85.4116	0.0635653
555	650.201	74.7418	18.6988	0	85.4137	0.0636534
556	643.151	74.7473	18.6981	0	85.4155	0.0635959
557	645.297	74.7524	18.6975	0	85.4171	0.0636943
558	647.378	74.7572	18.697	0	85.4184	0.0637909
559	649.396	74.7617	18.6966	0	85.4197	0.0638857
560	651.354	74.7659	18.6962	0	85.4206	0.0639787
561	644.246	74.7699	18.6959	0	85.4215	0.0639249
562	646.335	74.7737	18.6957	0	85.4222	0.0640191
563	648.362	74.7773	18.6954	0	85.4229	0.0641114
564	650.327	74.7808	18.6952	0	85.4235	0.064202
565	643.226	74.7841	18.6951	0	85.4239	0.0641449
566	645.323	74.7874	18.6949	0	85.4243	0.0642367
567	647.356	74.7905	18.6948	0	85.4246	0.0643267
568	649.328	74.7935	18.6947	0	85.4249	0.0644149
569	651.239	74.7964	18.6947	0	85.4251	0.0645014
570	644.088	74.7993	18.6946	0	85.4252	0.0644399
571	646.134	74.8021	18.6946	0	85.4254	0.0645276
572	648.119	74.8049	18.6945	0	85.4255	0.0646136
573	650.043	74.8076	18.6945	0	85.4255	0.0646978
574	642.903	74.8103	18.6945	0	85.4257	0.0646331
575	644.962	74.8129	18.6945	0	85.4257	0.0647186
576	646.959	74.8155	18.6945	0	85.4257	0.0648023
577	648.894	74.8181	18.6945	0	85.4255	0.0648842
578	650.77	74.8206	18.6946	0	85.4255	0.0649645
579	643.584	74.8231	18.6946	0	85.4255	0.0648955
580	645.598	74.8256	18.6946	0	85.4254	0.064977
581	647.551	74.828	18.6947	0	85.4253	0.0650568
582	649.444	74.8305	18.6947	0	85.4252	0.0651349
583	651.278	74.8329	18.6948	0	85.4251	0.0652112
584	644.052	74.8352	18.6949	0	85.4249	0.065138
585	646.027	74.8376	18.6949	0	85.4248	0.0652158
586	647.941	74.84	18.695	0	85.4246	0.0652918
587	649.797	74.8423	18.6951	0	85.4244	0.0653661
588	651.595	74.8446	18.6952	0	85.4243	0.0654386
589	644.334	74.8469	18.6952	0	85.4241	0.0653615
590	646.275	74.8492	18.6953	0	85.4239	0.0654361
591	648.157	74.8515	18.6954	0	85.4236	0.0655089
592	649.98	74.8537	18.6955	0	85.4235	0.0655799
593	651.746	74.856	18.6956	0	85.4233	0.0656493
594	644.455	74.8582	18.6957	0	85.423	0.0655684
595	646.367	74.8604	18.6958	0	85.4227	0.0656392
596	648.22	74.8626	18.6959	0	85.4225	0.0657083
597	650.015	74.8648	18.6961	0	85.4222	0.0657756
598	642.752	74.867	18.6962	0	85.4219	0.0656916
599	644.692	74.8691	18.6963	0	85.4217	0.0657605
600	646.571	74.8713	18.6964	0	85.4214	0.0658276
601	648.393	74.8734	18.6966	0	85.4211	0.0658927
602	650.157	74.8737	18.6971	0	85.4208	0.0660176
603	642.863	74.8708	18.6984	0	85.4194	0.0659915
604	644.774	74.8656	18.7002	0	85.4164	0.0661198
605	646.625	74.8583	18.7025	0	85.4121	0.0662473
606	648.418	74.8493	18.7052	0	85.4066	0.0663741
607	650.155	74.8387	18.7083	0	85.4002	0.0665001
608	642.835	74.827	18.7117	0	85.3929	0.0664739
609	644.72	74.8141	18.7153	0	85.385	0.0666034
610	646.546	74.8003	18.7191	0	85.3764	0.0667322
611	648.314	74.7858	18.7231	0	85.3673	0.0668603
612	650.027	74.7706	18.7273	0	85.3578	0.0669877
613	642.684	74.7548	18.7317	0	85.3479	0.0669616
614	644.547	74.7385	18.7361	0	85.3376	0.0670926
615	646.351	74.7218	18.7407	0	85.327	0.0672229
616	648.098	74.7048	18.7453	0	85.3163	0.0673525
617	649.79	74.6875	18.7501	0	85.3052	0.0674815
618	651.427	74.6699	18.7549	0	85.294	0.0676099
619	644.012	74.6522	18.7598	0	85.2826	0.0675824
620	645.805	74.6343	18.7647	0	85.2711	0.0677111
621	647.541	74.6162	18.7696	0	85.2594	0.0678391
622	649.222	74.5981	18.7746	0	85.2476	0.0679663
623	650.848	74.5798	18.7797	0	85.2358	0.0680928
624	643.423	74.5615	18.7848	0	85.2238	0.068063
625	645.206	74.5431	18.7899	0	85.2118	0.0681931
626	646.933	74.5247	18.795	0	85.1997	0.0683224
627	648.604	74.5063	18.8001	0	85.1876	0.068451
628	650.222	74.4878	18.8053	0	85.1754	0.0685789
629	642.787	74.4693	18.8105	0	85.1631	0.0685489
630	644.563	74.4508	18.8157	0	85.1509	0.0686803
631	646.281	74.4324	18.8209	0	85.1385	0.0688111
632	647.945	74.4139	18.8262	0	85.1261	0.068941
633	649.554	74.3955	18.8314	0	85.1137	0.0690703
634	651.112	74.377	18.8367	0	85.1013	0.0691988
635	643.619	74.3586	18.8419	0	85.0889	0.0691683
636	645.339	74.3403	18.8472	0	85.0764	0.0693005
637	647.003	74.3219	18.8525	0	85.0639	0.069432
638	648.613	74.3036	18.8578	0	85.0514	0.0695628
639	650.17	74.2853	18.8631	0	85.0388	0.0696929
640	642.679	74.267	18.8684	0	85.0263	0.069662
641	644.399	74.2488	18.8737	0	85.0137	0.0697958
642	646.063	74.2306	18.879	0	85.0011	0.0699289
643	647.674	74.2125	18.8844	0	84.9885	0.0700612
644	649.232	74.1943	18.8897	0	84.9759	0.0701928
645	650.739	74.1763	18.8951	0	84.9632	0.0703236
646	643.199	74.1582	18.9004	0	84.9506	0.0702921
647	644.872	74.1402	18.9058	0	84.9378	0.0704251
648	646.49	74.1223	18.9112	0	84.9251	0.070555
649	648.056	74.1044	18.9165	0	84.9125	0.0706841
650	649.571	74.0865	18.9219	0	84.8997	0.0708124
651	651.035	74.0686	18.9273	0	84.8869	0.0709399
652	643.454	74.0509	18.9327	0	84.8742	0.0709034
653	645.088	74.0331	18.9381	0	84.8614	0.0710346
654	646.668	74.0154	18.9435	0	84.8486	0.071165
655	648.196	73.9978	18.9489	0	84.8358	0.0712946
656	649.674	73.9801	18.9543	0	84.823	0.0714234
657	651.103	73.9626	18.9598	0	84.8102	0.0715515
658	643.487	73.945	18.9652	0	84.7974	0.0715138
659	645.088	73.9275	18.9706	0	84.7845	0.0716456
660	646.636	73.9101	18.9761	0	84.7716	0.0717766
661	648.134	73.8927	18.9815	0	84.7587	0.0719068
662	649.584	73.8766	18.9867	0	84.7459	0.0716887
663	650.991	73.8632	18.9912	0	84.7337	0.0714692
664	643.359	73.8519	18.9953	0	84.7229	0.0710844
665	644.948	73.8422	18.999	0	84.7132	0.0708684
666	646.489	73.8339	19.0024	0	84.7045	0.0706509
667	647.984	73.8268	19.0056	0	84.6964	0.0704321
668	649.433	73.8208	19.0085	0	84.689	0.0702118
669	650.838	73.8156	19.0112	0	84.682	0.0699902
670	643.204	73.8112	19.0137	0	84.6757	0.0696068
671	644.793	73.8074	19.0161	0	84.6697	0.0693885
672	646.333	73.8042	19.0184	0	84.664	0.0691687
673	647.826	73.8015	19.0205	0	84.6586	0.0689475
674	649.274	73.7992	19.0226	0	84.6534	0.068724
675	650.678	73.7972	19.0246	0	84.6485	0.0684989
676	643.043	73.7956	19.0266	0	84.6438	0.0681156
677	644.631	73.7942	19.0285	0	84.6392	0.0678937
678	646.17	73.793	19.0303	0	84.6347	0.0676704
679	647.662	73.7921	19.0321	0	84.6303	0.0674457
680	649.109	73.7913	19.0339	0	84.6261	0.0672197
681	650.513	73.7906	19.0356	0	84.6219	0.0669923
682	642.877	73.7901	19.0373	0	84.6178	0.0666104
683	644.464	73.7897	19.039	0	84.6137	0.0663862
684	646.002	73.7895	19.0407	0	84.6098	0.0661606
685	647.494	73.7892	19.0424	0	84.6057	0.0659336
686	648.94	73.7891	19.044	0	84.6019	0.0657052
687	650.343	73.7891	19.0457	0	84.5979	0.0654756
688	642.706	73.7891	19.0473	0	84.594	0.0650951
689	644.293	73.7891	19.0489	0	84.5902	0.0648686
690	645.831	73.7892	19.0505	0	84.5863	0.0646406
691	647.322	73.7894	19.0522	0	84.5825	0.0644114
692	648.768	73.7895	19.0538	0	84.5786	0.0641807
693	650.169	73.7898	19.0554	0	84.5748	0.0639488
694	642.533	73.79	19.057	0	84.571	0.0635699
695	644.118	73.7903	19.0586	0	84.5672	0.063341
696	645.656	73.7906	19.0602	0	84.5634	0.0631108
697	647.147	73.7909	19.0618	0	84.5597	0.0628793
698	648.592	73.7913	19.0634	0	84.5559	0.0626464
699	649.993	73.7917	19.065	0	84.552	0.0624123
700	651.352	73.7921	19.0666	0	84.5482	0.0621686
701	643.673	73.7925	19.0682	0	84.5444	0.0617812
702	645.218	73.793	19.0698	0	84.5406	0.0615393
703	646.717	73.7935	19.0714	0	84.5368	0.0612965
704	648.169	73.794	19.073	0	84.533	0.0610526
705	649.578	73.7945	19.0746	0	84.5292	0.0608079
706	650.943	73.7951	19.0763	0	84.5254	0.0605623
707	643.271	73.7956	19.0779	0	84.5216	0.0601787
708	644.823	73.7962	19.0795	0	84.5178	0.0599367
709	646.328	73.7969	19.0811	0	84.514	0.0596937
710	647.787	73.7975	19.0827	0	84.5102	0.0594499
711	649.201	73.7982	19.0843	0	84.5064	0.0592051
712	650.572	73.7988	19.0859	0	84.5026	0.0589595
713	642.906	73.7995	19.0875	0	84.4988	0.0585796
714	644.463	73.8002	19.0891	0	84.4949	0.0583375
715	645.973	73.801	19.0908	0	84.4911	0.0580945
716	647.437	73.8017	19.0924	0	84.4873	0.0578506
717	648.857	73.8025	19.094	0	84.4835	0.0576058
718	650.232	73.8033	19.0956	0	84.4797	0.0573602
719	642.571	73.8041	19.0972	0	84.4758	0.0569841
720	644.133	73.8049	19.0989	0	84.472	0.056742
721	645.648	73.8057	19.1005	0	84.4681	0.0564989
722	647.123	73.8043	19.1026	0	84.4642	0.0567891
723	648.558	73.8003	19.1054	0	84.4592	0.0570787
724	649.954	73.7939	19.1087	0	84.4527	0.0573675
725	651.313	73.7856	19.1125	0	84.4448	0.0576555
726	643.641	73.7758	19.1166	0	84.4359	0.057811
727	645.197	73.7645	19.121	0	84.4261	0.0581008
728	646.711	73.7522	19.1257	0	84.4157	0.0583897
729	648.184	73.7388	19.1307	0	84.4045	0.058678
730	649.618	73.7247	19.1359	0	84.3928	0.0589654
731	651.013	73.7098	19.1412	0	84.3806	0.0592521
732	643.375	73.6943	19.1467	0	84.3679	0.0594025
733	644.964	73.6783	19.1523	0	84.355	0.0596917
734	646.511	73.662	19.158	0	84.3417	0.05998
735	648.016	73.6452	19.1638	0	84.3281	0.0602676
736	649.481	73.6281	19.1697	0	84.3144	0.0605544
737	650.906	73.6108	19.1757	0	84.3005	0.0608404
738	643.297	73.5933	19.1817	0	84.2864	0.060986
739	644.914	73.5756	19.1878	0	84.2722	0.0612746
740	646.488	73.5578	19.1939	0	84.2578	0.0615623
741	648.019	73.5398	19.2	0	84.2433	0.0618492
742	649.51	73.5218	19.2062	0	84.2287	0.0621354
743	650.96	73.5036	19.2125	0	84.214	0.0624207
744	643.376	73.4855	19.2187	0	84.1993	0.0625617
745	645.016	73.4672	19.225	0	84.1846	0.0628496
746	646.613	73.449	19.2313	0	84.1697	0.0631368
747	648.166	73.4307	19.2376	0	84.1549	0.063423
748	649.678	73.4124	19.2439	0	84.1399	0.0637084
749	651.15	73.3942	19.2502	0	84.125	0.063993
750	643.586	73.3759	19.2566	0	84.11	0.0641293
751	645.245	73.3576	19.2629	0	84.095	0.0644166
752	646.861	73.3393	19.2693	0	84.08	0.0647023
753	648.433	73.3211	19.2757	0	84.0649	0.0649846
754	649.963	73.3028	19.2821	0	84.0498	0.065266
755	651.453	73.2846	19.2884	0	84.0347	0.0655464
756	643.906	73.2664	19.2948	0	84.0196	0.0656746
757	645.582	73.2483	19.3012	0	84.0044	0.0659577
758	647.213	73.2302	19.3077	0	83.9893	0.0662398
759	648.801	73.2121	19.3141	0	83.9742	0.0665209
760	650.347	73.194	19.3205	0	83.9589	0.066801
761	642.853	73.1759	19.3269	0	83.9438	0.066925
762	644.581	73.1579	19.3334	0	83.9286	0.0672078
763	646.263	73.14	19.3398	0	83.9134	0.0674895
764	647.901	73.122	19.3462	0	83.8982	0.0677702
765	649.495	73.1041	19.3527	0	83.8829	0.0680499
766	651.046	73.0862	19.3591	0	83.8677	0.0683286
767	643.558	73.0684	19.3656	0	83.8524	0.0684475
768	645.292	73.0506	19.372	0	83.8372	0.0687289
769	646.979	73.0328	19.3785	0	83.8219	0.0690093
770	648.621	73.0151	19.385	0	83.8067	0.0692886
771	650.221	72.9974	19.3914	0	83.7914	0.0695669
772	642.778	72.9797	19.3979	0	83.7761	0.0696817
773	644.556	72.9621	19.4044	0	83.7607	0.0699627
774	646.286	72.9445	19.4109	0	83.7454	0.0702427
775	647.97	72.9269	19.4174	0	83.7301	0.0705215
776	649.61	72.9094	19.4238	0	83.7148	0.0707993
777	651.207	72.8919	19.4303	0	83.6994	0.071076
778	643.762	72.8745	19.4368	0	83.6841	0.0711857
779	645.537	72.857	19.4433	0	83.6687	0.0714652
780	647.265	72.8397	19.4498	0	83.6533	0.0717423
781	648.947	72.8223	19.4564	0	83.638	0.0720145
782	650.592	72.8075	19.4623	0	83.6226	0.0713875
783	643.203	72.7982	19.4669	0	83.6086	0.0705946
784	645.04	72.7928	19.4706	0	83.5976	0.0699728
785	646.839	72.7906	19.4736	0	83.5888	0.0693499
786	648.6	72.7911	19.4759	0	83.5818	0.068726
787	650.324	72.7939	19.4777	0	83.5763	0.068101
788	643.012	72.7986	19.479	0	83.5721	0.0673183
789	644.923	72.805	19.48	0	83.569	0.0666981
790	646.793	72.8128	19.4806	0	83.5668	0.0660768
791	648.624	72.8218	19.4809	0	83.5654	0.0654542
792	650.417	72.8319	19.4809	0	83.5646	0.0648306
793	643.171	72.8428	19.4808	0	83.5645	0.0640573
794	645.145	72.8544	19.4804	0	83.5649	0.0634381
795	647.078	72.8667	19.4799	0	83.5657	0.0628175
796	648.97	72.8796	19.4793	0	83.5668	0.0621958
797	650.823	72.8928	19.4786	0	83.5684	0.061573
798	643.634	72.9065	19.4777	0	83.5701	0.0608089
799	645.663	72.9205	19.4768	0	83.572	0.0601901
800	647.65	72.9347	19.4758	0	83.5742	0.05957
801	649.595	72.9492	19.4748	0	83.5766	0.0589488
802	651.5	72.9639	19.4737	0	83.579	0.0583264
803	644.361	72.9787	19.4725	0	83.5817	0.057571
804	646.439	72.9937	19.4713	0	83.5844	0.0569523
805	648.472	73.0087	19.4701	0	83.5872	0.0563324
806	650.464	73.0239	19.4689	0	83.5901	0.0557112
807	643.408	73.0391	19.4676	0	83.5931	0.0549631
808	645.567	73.0543	19.4663	0	83.5961	0.0543455
809	647.68	73.0696	19.465	0	83.5991	0.0537265
810	649.749	73.0849	19.4637	0	83.6022	0.0531065
811	651.775	73.1002	19.4623	0	83.6052	0.0524856
812	644.752	73.1155	19.461	0	83.6084	0.0517461
813	646.942	73.1308	19.4597	0	83.6116	0.0511284
814	649.086	73.146	19.4583	0	83.6147	0.0505094
815	651.186	73.1613	19.457	0	83.6179	0.0498892
816	644.235	73.1765	19.4556	0	83.6212	0.0491565
817	646.493	73.1917	19.4543	0	83.6243	0.0485392
818	648.705	73.2069	19.4529	0	83.6275	0.0479207
819	650.87	73.222	19.4516	0	83.6307	0.047301
820	643.983	73.2371	19.4502	0	83.634	0.0465748
821	646.303	73.2521	19.4488	0	83.6371	0.0459578
822	648.574	73.2671	19.4475	0	83.6403	0.0453396
823	650.799	73.2821	19.4461	0	83.6435	0.0447202
824	643.968	73.297	19.4448	0	83.6468	0.0440004
825	646.343	73.3119	19.4434	0	83.6499	0.0433835
826	648.669	73.3268	19.4421	0	83.6531	0.0427653
827	650.946	73.3416	19.4407	0	83.6563	0.042146
828	644.166	73.3563	19.4394	0	83.6595	0.0414325
829	646.591	73.3711	19.438	0	83.6627	0.0408154
830	648.965	73.3857	19.4367	0	83.6659	0.0401972
831	651.29	73.4003	19.4354	0	83.6691	0.0395777
832	644.556	73.4149	19.434	0	83.6722	0.0388703
833	647.025	73.4294	19.4327	0	83.6754	0.038253
834	649.443	73.4439	19.4314	0	83.6785	0.0376345
835	651.811	73.4583	19.43	0	83.6817	0.0370149
836	645.119	73.4726	19.4287	0	83.6847	0.0363134
837	647.628	73.4869	19.4274	0	83.6879	0.0356957
838	650.085	73.5012	19.4261	0	83.691	0.0350769
839	643.479	73.5154	19.4248	0	83.6942	0.0343803
840	646.072	73.5295	19.4235	0	83.6972	0.0337633
841	648.611	73.5436	19.4222	0	83.7003	0.033145
842	651.091	73.558	19.4208	0	83.7034	0.0329429
843	644.499	73.5714	19.4196	0	83.7067	0.0326683
844	647.097	73.5844	19.4186	0	83.7094	0.0324686
845	649.634	73.5969	19.4176	0	83.7119	0.0322678
846	652.111	73.6092	19.4167	0	83.7142	0.0320661
847	645.515	73.6211	19.4159	0	83.7163	0.0317933
848	648.11	73.6328	19.4151	0	83.7184	0.0315926
849	650.644	73.6442	19.4144	0	83.7201	0.031391
850	644.103	73.6555	19.4137	0	83.7219	0.0311195
851	646.752	73.6665	19.413	0	83.7235	0.0309188
852	649.337	73.6774	19.4124	0	83.725	0.0307171
853	651.863	73.6882	19.4118	0	83.7266	0.0305145
854	645.314	73.6989	19.4112	0	83.7279	0.0302443
855	647.954	73.7094	19.4107	0	83.7293	0.0300426
856	650.532	73.7199	19.4101	0	83.7306	0.02984
857	644.035	73.7302	19.4096	0	83.7318	0.0295711
858	646.725	73.7405	19.4091	0	83.7331	0.0293693
859	649.352	73.7507	19.4086	0	83.7342	0.0291666
860	651.917	73.7609	19.4082	0	83.7354	0.028963
861	645.407	73.7709	19.4077	0	83.7365	0.0286954
862	648.085	73.7809	19.4072	0	83.7377	0.0284926
863	650.7	73.7909	19.4068	0	83.7387	0.0282889
864	644.239	73.8008	19.4063	0	83.7397	0.0280224
865	646.964	73.8107	19.4059	0	83.7408	0.0278195
866	649.625	73.8205	19.4055	0	83.7419	0.0276157
867	652.224	73.8303	19.405	0	83.7429	0.0274109
868	645.747	73.8401	19.4046	0	83.744	0.0271458
869	648.456	73.8498	19.4042	0	83.7449	0.0269418
870	651.102	73.8594	19.4038	0	83.7459	0.0267369
871	644.671	73.8691	19.4034	0	83.7468	0.026473
872	647.424	73.8787	19.403	0	83.7478	0.0262688
873	650.114	73.8882	19.4026	0	83.7487	0.0260637
874	643.725	73.8977	19.4022	0	83.7497	0.0258009
875	646.519	73.9072	19.4018	0	83.7506	0.0255965
876	649.249	73.9167	19.4014	0	83.7516	0.0253912
877	651.916	73.9262	19.401	0	83.7525	0.025185
878	645.505	73.9356	19.4006	0	83.7535	0.0249234
879	648.277	73.9449	19.4002	0	83.7544	0.0247154
880	650.986	73.9543	19.3998	0	83.7553	0.0245049
881	644.615	73.9636	19.3995	0	83.7562	0.0242404
882	647.427	73.9729	19.3991	0	83.7571	0.0240304
883	650.174	73.9822	19.3987	0	83.758	0.0238196
884	643.841	73.9914	19.3983	0	83.7588	0.0235563
885	646.69	74.0006	19.398	0	83.7598	0.023346
886	649.473	74.0098	19.3976	0	83.7606	0.0231349
887	652.192	74.019	19.3972	0	83.7615	0.022923
888	645.832	74.0281	19.3969	0	83.7623	0.0226608
889	648.654	74.0372	19.3965	0	83.7633	0.0224494
890	651.411	74.0463	19.3961	0	83.7641	0.0222372
891	645.087	74.0553	19.3958	0	83.765	0.0219761
892	647.945	74.0643	19.3954	0	83.7658	0.0217644
893	650.737	74.0733	19.3951	0	83.7666	0.0215518
894	644.448	74.0823	19.3947	0	83.7675	0.0212919
895	647.338	74.0912	19.3944	0	83.7683	0.0210797
896	650.163	74.1001	19.394	0	83.7691	0.0208668
897	643.905	74.109	19.3937	0	83.7699	0.0206079
898	646.826	74.1179	19.3933	0	83.7708	0.0203955
899	649.681	74.1267	19.393	0	83.7716	0.0201831
900	652.471	74.1355	19.3926	0	83.7724	0.01997
901	646.179	74.1442	19.3923	0	83.7732	0.0197132
902	649.075	74.1515	19.3923	0	83.774	0.0196425
903	651.915	74.1578	19.3925	0	83.774	0.0195714
904	645.678	74.1633	19.3929	0	83.7735	0.0194576
905	648.629	74.1679	19.3935	0	83.7726	0.0193872
906	651.521	74.1717	19.3943	0	83.7711	0.0193163
907	645.336	74.1749	19.3952	0	83.7693	0.0192033
908	648.336	74.1776	19.3962	0	83.7672	0.0191332
909	651.277	74.1797	19.3974	0	83.7647	0.0190626
910	645.139	74.1813	19.3986	0	83.762	0.0189504
911	648.186	74.1826	19.4	0	83.759	0.0188805
912	651.172	74.1834	19.4014	0	83.7558	0.0188101
913	645.079	74.184	19.4029	0	83.7525	0.0186987
914	648.168	74.1842	19.4045	0	83.7489	0.018629
915	651.197	74.1841	19.4061	0	83.7452	0.0185589
916	645.145	74.1838	19.4078	0	83.7414	0.0184482
917	648.273	74.1833	19.4095	0	83.7375	0.0183787
918	651.342	74.1825	19.4113	0	83.7334	0.0183088
919	645.327	74.1815	19.4131	0	83.7291	0.0181933
920	648.493	74.1803	19.415	0	83.7248	0.0181163
921	651.598	74.179	19.4169	0	83.7204	0.0180389
922	645.62	74.1775	19.4188	0	83.716	0.0179223
923	648.82	74.1758	19.4208	0	83.7114	0.0178458
924	651.96	74.1739	19.4228	0	83.7067	0.0177691
925	646.014	74.172	19.4248	0	83.702	0.0176538
926	649.247	74.1698	19.4269	0	83.6972	0.0175779
927	652.418	74.1675	19.4289	0	83.6923	0.0175017
928	646.504	74.1651	19.4311	0	83.6874	0.0173876
929	649.767	74.1626	19.4332	0	83.6824	0.0173123
930	652.969	74.1599	19.4354	0	83.6773	0.0172367
931	647.084	74.157	19.4376	0	83.6722	0.0171238
932	650.375	74.1541	19.4398	0	83.667	0.017049
933	644.578	74.151	19.4421	0	83.6617	0.0169371
934	647.954	74.1478	19.4443	0	83.6564	0.0168631
935	651.268	74.1445	19.4466	0	83.651	0.0167888
936	645.491	74.141	19.449	0	83.6455	0.016678
937	648.889	74.1374	19.4513	0	83.64	0.0166045
938	652.223	74.1337	19.4537	0	83.6345	0.0165307
939	646.466	74.1299	19.4561	0	83.6288	0.016421
940	649.883	74.126	19.4585	0	83.6231	0.0163468
941	653.237	74.1219	19.461	0	83.6174	0.016269
942	647.5	74.1177	19.4635	0	83.6116	0.0161561
943	650.935	74.1134	19.466	0	83.6057	0.0160793
944	645.277	74.1089	19.4685	0	83.5998	0.0159675
945	648.79	74.1044	19.4711	0	83.5939	0.0158916
946	652.238	74.0997	19.4736	0	83.5878	0.0158154
947	646.593	74.0949	19.4762	0	83.5817	0.0157051
948	650.118	74.09	19.4789	0	83.5755	0.0156299
949	644.548	74.085	19.4815	0	83.5694	0.0155207
950	648.146	74.0798	19.4842	0	83.5631	0.0154463
951	651.679	74.0746	19.4869	0	83.5567	0.0153717
952	646.116	74.0692	19.4896	0	83.5504	0.0152638
953	649.721	74.0636	19.4924	0	83.5439	0.0151901
954	653.261	74.058	19.4952	0	83.5374	0.0151161
955	647.706	74.0522	19.498	0	83.5309	0.0150096
956	651.318	74.0463	19.5008	0	83.5243	0.0149365
957	645.833	74.0403	19.5036	0	83.5175	0.0148311
958	649.513	74.0342	19.5065	0	83.5109	0.0147588
959	653.129	74.0279	19.5094	0	83.5041	0.0146862
960	647.646	74.0215	19.5124	0	83.4971	0.0145821
961	651.329	74.015	19.5153	0	83.4902	0.0145101
962	645.903	74.0116	19.5176	0	83.4832	0.0143625
963	649.631	74.0108	19.5192	0	83.4779	0.0142413
964	653.283	74.0127	19.5202	0	83.4741	0.0141195
965	647.827	74.0168	19.5207	0	83.4717	0.0139674
966	651.525	74.0227	19.5207	0	83.4706	0.0138466
967	646.114	74.0303	19.5204	0	83.4704	0.0136959
968	649.856	74.0394	19.5197	0	83.4712	0.013576
969	653.523	74.0496	19.5188	0	83.4728	0.0134558
970	648.08	74.061	19.5176	0	83.475	0.013307
971	651.792	74.0732	19.5161	0	83.4779	0.0131878
972	646.394	74.0863	19.5145	0	83.4813	0.013038
973	650.15	74.1001	19.5127	0	83.4851	0.0129166
974	644.794	74.1145	19.5107	0	83.4894	0.0127675
975	648.592	74.1294	19.5087	0	83.494	0.0126472
976	652.312	74.1447	19.5065	0	83.4989	0.0125268
977	646.922	74.1604	19.5042	0	83.5041	0.0123797
978	650.685	74.1765	19.5018	0	83.5095	0.0122603
979	645.337	74.1928	19.4994	0	83.5151	0.0121147
980	649.142	74.2094	19.4969	0	83.5209	0.0119963
981	652.87	74.2262	19.4943	0	83.5268	0.0118765
982	647.487	74.2431	19.4917	0	83.5329	0.0117295
983	651.257	74.2602	19.4891	0	83.539	0.0116088
984	645.916	74.2774	19.4864	0	83.5453	0.0114635
985	649.728	74.2947	19.4836	0	83.5517	0.011344
986	653.462	74.3121	19.4809	0	83.5581	0.0112246
987	648.086	74.3296	19.4781	0	83.5646	0.0110816
988	651.863	74.3471	19.4753	0	83.5711	0.0109633
989	646.528	74.3646	19.4725	0	83.5777	0.0108219
990	650.346	74.3821	19.4697	0	83.5844	0.0107048
991	645.05	74.3997	19.4669	0	83.591	0.0105561
992	648.906	74.4173	19.464	0	83.5977	0.0104312
993	652.685	74.4348	19.4612	0	83.6044	0.0103067
994	647.352	74.4524	19.4583	0	83.6112	0.0101609
995	651.171	74.47	19.4554	0	83.618	0.0100382
996	645.877	74.4875	19.4526	0	83.6248	0.00989474
997	649.735	74.5051	19.4497	0	83.6316	0.00977391
998	653.516	74.5226	19.4468	0	83.6384	0.0096535
999	648.184	74.5401	19.4439	0	83.6452	0.00951325
1000	652.005	74.5575	19.441	0	83.652	0.00940166
1001	646.713	74.5749	19.4381	0	83.6588	0.00928071
1002	650.572	74.5922	19.4352	0	83.6656	0.00918011
1003	645.317	74.6095	19.4324	0	83.6725	0.00905968
1004	649.213	74.6268	19.4295	0	83.6793	0.00895919
1005	653.031	74.644	19.4266	0	83.6861	0.00885832
1006	647.736	74.6611	19.4237	0	83.6929	0.00873847
1007	651.593	74.6782	19.4209	0	83.6997	0.00863772
1008	646.335	74.6953	19.418	0	83.7065	0.00851838
1009	650.228	74.7122	19.4151	0	83.7133	0.00841772
1010	645.007	74.7292	19.4123	0	83.7201	0.00829996
1011	648.935	74.7461	19.4094	0	83.7268	0.00820078
1012	652.785	74.7629	19.4066	0	83.7336	0.00810115
1013	647.522	74.7797	19.4037	0	83.7403	0.0079841
1014	651.409	74.7964	19.4008	0	83.7471	0.00788439
1015	646.182	74.8131	19.398	0	83.7538	0.00776765
1016	650.104	74.8297	19.3952	0	83.7606	0.00766784
1017	644.911	74.8463	19.3923	0	83.7672	0.00755141
1018	648.867	74.8628	19.3895	0	83.774	0.0074515
1019	652.745	74.8793	19.3866	0	83.7807	0.00735117
1020	647.509	74.8957	19.3838	0	83.7874	0.00723504
1021	651.422	74.9105	19.3813	0	83.7941	0.00713459
1022	646.228	74.9208	19.3798	0	83.7999	0.00703928
1023	650.189	74.9272	19.3793	0	83.8034	0.00695927
1024	645.04	74.9301	19.3795	0	83.8048	0.00686419
1025	649.047	74.93	19.3803	0	83.8044	0.00678409
1026	652.982	74.9275	19.3817	0	83.8023	0.00670363
1027	647.808	74.9229	19.3836	0	83.799	0.00660878
1028	651.789	74.9164	19.3859	0	83.7945	0.00652824
1029	646.661	74.9085	19.3885	0	83.7892	0.00643365
1030	650.686	74.8993	19.3914	0	83.7829	0.00635304
1031	645.601	74.8889	19.3946	0	83.7761	0.00625871
1032	649.669	74.8777	19.398	0	83.7686	0.00617801
1033	653.666	74.8655	19.4015	0	83.7606	0.00609698
1034	648.553	74.8527	19.4052	0	83.7522	0.0060029
1035	652.593	74.8392	19.409	0	83.7435	0.00592178
1036	647.522	74.8252	19.413	0	83.7345	0.00582796
1037	651.604	74.8107	19.4171	0	83.725	0.00574676
1038	646.574	74.7958	19.4212	0	83.7154	0.0056532
1039	650.696	74.7805	19.4255	0	83.7056	0.00557191
1040	645.706	74.7649	19.4298	0	83.6956	0.00547859
1041	649.866	74.749	19.4342	0	83.6854	0.00539721
1042	653.954	74.7328	19.4386	0	83.6751	0.00531549
1043	648.931	74.7163	19.4431	0	83.6646	0.00522243
1044	653.059	74.6996	19.4476	0	83.6539	0.00514062
1045	648.074	74.6827	19.4522	0	83.6433	0.0050478
1046	652.24	74.6655	19.4568	0	83.6324	0.00496588
1047	647.293	74.6482	19.4615	0	83.6215	0.00487331
1048	651.495	74.6307	19.4662	0	83.6104	0.00479129
1049	646.583	74.613	19.471	0	83.5992	0.00469895
1050	650.821	74.5951	19.4757	0	83.588	0.00461681
1051	645.943	74.5771	19.4806	0	83.5768	0.00452471
1052	650.214	74.5589	19.4854	0	83.5654	0.00444245
1053	645.369	74.5406	19.4903	0	83.5539	0.00435058
1054	649.672	74.5221	19.4952	0	83.5424	0.00426818
1055	653.903	74.5035	19.5001	0	83.5308	0.00418548
1056	649.018	74.4847	19.5051	0	83.5191	0.00409384
1057	653.283	74.4657	19.5101	0	83.5074	0.00401102
1058	648.432	74.4467	19.5151	0	83.4956	0.0039196
1059	652.728	74.4275	19.5202	0	83.4837	0.00383665
1060	647.909	74.4081	19.5253	0	83.4717	0.00374546
1061	652.237	74.3886	19.5304	0	83.4597	0.00366236
1062	647.448	74.369	19.5355	0	83.4477	0.0035714
1063	651.806	74.3492	19.5407	0	83.4355	0.00348815
1064	647.046	74.3293	19.5459	0	83.4232	0.00339741
1065	651.433	74.3093	19.5511	0	83.411	0.00331401
1066	646.701	74.2891	19.5564	0	83.3986	0.00322348
1067	651.115	74.2688	19.5617	0	83.3862	0.00313993
1068	646.411	74.2484	19.567	0	83.3737	0.00304962
1069	650.851	74.2278	19.5723	0	83.3611	0.00296591
1070	646.173	74.2071	19.5777	0	83.3485	0.0028758
1071	650.639	74.1862	19.5831	0	83.3358	0.00279192
1072	645.985	74.1652	19.5885	0	83.323	0.00270202
1073	650.476	74.1441	19.594	0	83.3102	0.00261797
1074	645.846	74.1228	19.5995	0	83.2974	0.00252827
1075	650.36	74.1014	19.605	0	83.2844	0.00244406
1076	645.753	74.0799	19.6105	0	83.2714	0.00235456
1077	650.29	74.0582	19.6161	0	83.2582	0.00227016
1078	645.706	74.0364	19.6217	0	83.2451	0.00218086
1079	650.265	74.0145	19.6273	0	83.2319	0.00209629
1080	645.702	73.9924	19.633	0	83.2186	0.00200718
1081	650.282	73.9702	19.6387	0	83.2053	0.00192242
1082	645.734	73.9491	19.6441	0	83.1918	0.00189975
1083	650.324	73.9293	19.6492	0	83.1789	0.00188121
1084	645.787	73.9108	19.654	0	83.1669	0.0018586
1085	650.386	73.8935	19.6586	0	83.1554	0.00184002
1086	645.857	73.877	19.663	0	83.1446	0.00181746
1087	650.465	73.8614	19.6671	0	83.1344	0.00179884
1088	645.946	73.8464	19.6711	0	83.1245	0.00177633
1089	650.563	73.832	19.675	0	83.1151	0.00175767
1090	646.052	73.818	19.6788	0	83.1059	0.00173521
1091	650.678	73.8044	19.6825	0	83.0969	0.00171651
1092	646.175	73.7912	19.6861	0	83.0882	0.0016941
1093	650.809	73.7782	19.6897	0	83.0797	0.00167536
1094	646.314	73.7654	19.6932	0	83.0713	0.00165299
1095	650.956	73.7528	19.6966	0	83.0631	0.00163421
1096	646.469	73.7403	19.7	0	83.0549	0.00161189
1097	651.118	73.7279	19.7034	0	83.0468	0.00159306
1098	646.639	73.7157	19.7068	0	83.0389	0.00157079
1099	651.295	73.7035	19.7101	0	83.0309	0.00155192
1100	646.823	73.6913	19.7135	0	83.023	0.0015297
1101	651.487	73.6792	19.7168	0	83.0151	0.00151078
1102	647.022	73.6671	19.7201	0	83.0073	0.0014886
1103	651.693	73.6551	19.7234	0	82.9994	0.00146964
1104	647.234	73.643	19.7267	0	82.9917	0.00144751
1105	651.912	73.631	19.73	0	82.9838	0.00142851
1106	647.46	73.6189	19.7333	0	82.976	0.00140642
1107	652.144	73.6068	19.7366	0	82.9683	0.00138737
1108	647.698	73.5947	19.7399	0	82.9604	0.00136533
1109	652.388	73.5826	19.7432	0	82.9527	0.00134623
1110	647.949	73.5705	19.7465	0	82.9449	0.00132421
1111	652.645	73.5584	19.7498	0	82.937	0.00130504
1112	648.212	73.5465	19.753	0	82.9293	0.00128305
1113	652.914	73.5348	19.7562	0	82.9217	0.0012638
1114	648.486	73.5234	19.7593	0	82.9141	0.00124183
1115	653.194	73.5123	19.7624	0	82.9067	0.00122253
1116	648.772	73.5016	19.7654	0	82.8995	0.00120058
1117	653.485	73.4912	19.7682	0	82.8925	0.00118121
1118	649.068	73.4811	19.771	0	82.8857	0.0011593
1119	653.787	73.4715	19.7737	0	82.8792	0.00113987
1120	649.375	73.4622	19.7763	0	82.8727	0.00111799
1121	654.099	73.4533	19.7789	0	82.8666	0.0010985
1122	649.693	73.4448	19.7813	0	82.8607	0.00107665
1123	654.421	73.4366	19.7836	0	82.855	0.0010571
1124	650.02	73.4288	19.7858	0	82.8495	0.00103528
1125	645.7	73.4214	19.788	0	82.8441	0.00101351
1126	650.514	73.4143	19.7901	0	82.8391	0.000993929
1127	646.196	73.4076	19.792	0	82.8342	0.000972188
1128	651.011	73.4012	19.7939	0	82.8296	0.000952549
1129	646.694	73.395	19.7958	0	82.825	0.00093084
1130	651.511	73.3892	19.7975	0	82.8207	0.00091114
1131	647.197	73.3837	19.7992	0	82.8166	0.000889463
1132	652.016	73.3785	19.8008	0	82.8127	0.000869703
1133	647.703	73.3735	19.8023	0	82.8089	0.000848057
1134	652.524	73.3688	19.8038	0	82.8053	0.000828236
1135	648.213	73.3643	19.8052	0	82.8018	0.000806621
1136	653.035	73.36	19.8065	0	82.7986	0.000786738
1137	648.726	73.356	19.8078	0	82.7953	0.000765151
1138	653.55	73.3522	19.809	0	82.7923	0.000745204
1139	649.243	73.3486	19.8102	0	82.7894	0.000723643
1140	654.069	73.3452	19.8113	0	82.7867	0.00070363
1141	649.763	73.3419	19.8124	0	82.7841	0.000682093
1142	654.585	73.3403	19.8131	0	82.7815	0.000671106
1143	650.271	73.3405	19.8133	0	82.7799	0.000658681
1144	646.03	73.3426	19.8131	0	82.7793	0.000646287
1145	650.915	73.346	19.8126	0	82.7798	0.000635301
1146	646.664	73.3507	19.8118	0	82.7809	0.000622938
1147	651.538	73.3562	19.8108	0	82.7828	0.000611931
1148	647.276	73.3624	19.8097	0	82.7852	0.000599601
1149	652.141	73.3691	19.8084	0	82.7879	0.000588574
1150	647.868	73.3761	19.807	0	82.791	0.000576279
1151	652.723	73.3835	19.8056	0	82.7942	0.000565237
1152	648.44	73.3909	19.8041	0	82.7976	0.000552979
1153	653.285	73.3984	19.8026	0	82.8011	0.000541924
1154	648.994	73.406	19.8011	0	82.8046	0.000529706
1155	653.829	73.4135	19.7996	0	82.8082	0.00051864
1156	649.528	73.4208	19.7981	0	82.8117	0.000506466
1157	654.355	73.4281	19.7966	0	82.8152	0.000495393
1158	650.045	73.4352	19.7952	0	82.8187	0.000483265
1159	645.809	73.4421	19.7938	0	82.822	0.000471176
1160	650.698	73.4489	19.7925	0	82.8253	0.000460125
1161	646.451	73.4554	19.7912	0	82.8285	0.000448086
1162	651.33	73.4617	19.7899	0	82.8315	0.000437035
1163	647.071	73.4679	19.7887	0	82.8345	0.000425048
1164	651.94	73.4738	19.7876	0	82.8373	0.000413998
1165	647.671	73.4794	19.7864	0	82.8401	0.000402066
1166	652.53	73.4849	19.7854	0	82.8428	0.000391021
1167	648.251	73.4901	19.7843	0	82.8453	0.000379146
1168	653.1	73.4952	19.7834	0	82.8477	0.000368108
1169	648.812	73.5	19.7824	0	82.8501	0.000356292
1170	653.651	73.5046	19.7815	0	82.8523	0.000345263
1171	649.354	73.5091	19.7807	0	82.8544	0.000333507
1172	654.184	73.5133	19.7799	0	82.8564	0.000322489
1173	649.878	73.5174	19.7791	0	82.8583	0.000310795
1174	654.699	73.5213	19.7784	0	82.8601	0.000299788
1175	650.384	73.525	19.7777	0	82.8618	0.000288156
1176	646.142	73.5285	19.777	0	82.8634	0.000276568
1177	651.027	73.5319	19.7764	0	82.865	0.000265601
1178	646.774	73.5351	19.7758	0	82.8665	0.000254075
1179	651.648	73.5382	19.7752	0	82.8678	0.000243119
1180	647.385	73.5412	19.7747	0	82.8692	0.000231655
1181	652.249	73.544	19.7742	0	82.8705	0.00022071
1182	647.976	73.5467	19.7737	0	82.8716	0.000209305
1183	652.829	73.5493	19.7733	0	82.8727	0.000198371
1184	648.546	73.5517	19.7729	0	82.8738	0.000187025
1185	653.391	73.554	19.7725	0	82.8748	0.000176101
1186	649.098	73.5563	19.7721	0	82.8757	0.000164812
1187	653.933	73.5584	19.7717	0	82.8766	0.000153896
1188	649.632	73.5604	19.7714	0	82.8775	0.000142664
1189	654.458	73.5623	19.7711	0	82.8782	0.000131754
1190	650.147	73.5642	19.7708	0	82.879	0
1191	645.91	73.5659	19.7705	0	82.8797	0
1192	650.8	73.5675	19.7703	0	82.8804	0
1193	646.552	73.5691	19.77	0	82.8809	0
1194	651.43	73.5705	19.7698	0	82.8815	0
1195	647.171	73.5719	19.7696	0	82.882	0
1196	652.04	73.5733	19.7694	0	82.8825	0
1197	647.77	73.5746	19.7692	0	82.883	0
1198	652.628	73.5759	19.769	0	82.8834	0
1199	648.349	73.5771	19.7689	0	82.8838	0
1200	653.198	73.5782	19.7687	0	82.8842	0
1201	648.909	73.5794	19.7686	0	82.8846	0
1202	653.749	73.5792	19.7687	0	82.885	0
1203	649.455	73.5783	19.769	0	82.8846	0
1204	654.289	73.5769	19.7695	0	82.8839	0
1205	649.989	73.575	19.77	0	82.8828	0
1206	654.818	73.5727	19.7707	0	82.8815	0
1207	650.512	73.5701	19.7714	0	82.88	0
1208	646.281	73.5672	19.7722	0	82.8782	0
1209	651.178	73.5641	19.7731	0	82.8763	0
1210	646.939	73.5608	19.774	0	82.8743	0
1211	651.828	73.5573	19.7749	0	82.8722	0
1212	647.582	73.5536	19.7759	0	82.8699	0
1213	652.464	73.5498	19.777	0	82.8675	0
1214	648.21	73.5459	19.778	0	82.8651	0
1215	653.084	73.5418	19.7791	0	82.8626	0
1216	648.824	73.5377	19.7802	0	82.8601	0
1217	653.691	73.5336	19.7814	0	82.8574	0
1218	649.424	73.5293	19.7825	0	82.8547	0
1219	654.285	73.525	19.7837	0	82.852	0
1220	650.011	73.5207	19.7849	0	82.8493	0
1221	645.81	73.5163	19.7861	0	82.8465	0
1222	650.737	73.5118	19.7873	0	82.8436	0
1223	646.528	73.5074	19.7885	0	82.8408	0
1224	651.446	73.5029	19.7897	0	82.8379	0
1225	647.229	73.4984	19.7909	0	82.8351	0
1226	652.139	73.4938	19.7922	0	82.8321	0
1227	647.913	73.4893	19.7935	0	82.8291	0
1228	652.815	73.4847	19.7947	0	82.8262	0
1229	648.581	73.4802	19.796	0	82.8232	0
1230	653.475	73.4756	19.7973	0	82.8202	0
1231	649.234	73.471	19.7985	0	82.8172	0
1232	654.121	73.4664	19.7998	0	82.8142	0
1233	649.872	73.4617	19.8011	0	82.8111	0
1234	654.752	73.4571	19.8024	0	82.8081	0
1235	650.496	73.4525	19.8037	0	82.8051	0
1236	646.313	73.4479	19.805	0	82.8019	0
1237	651.257	73.4432	19.8063	0	82.7989	0
1238	647.065	73.4386	19.8077	0	82.7958	0
1239	652	73.434	19.809	0	82.7926	0
1240	647.799	73.4293	19.8103	0	82.7896	0
1241	652.725	73.4247	19.8116	0	82.7864	0
1242	648.515	73.42	19.813	0	82.7833	0
1243	653.433	73.4154	19.8143	0	82.7801	0
1244	649.215	73.4108	19.8156	0	82.777	0
1245	654.125	73.4061	19.817	0	82.7738	0
1246	649.898	73.4015	19.8183	0	82.7706	0
1247	654.8	73.3969	19.8197	0	82.7675	0
1248	650.566	73.3922	19.821	0	82.7643	0
1249	646.404	73.3876	19.8224	0	82.761	0
1250	651.369	73.383	19.8238	0	82.7578	0
1251	647.197	73.3784	19.8251	0	82.7547	0
1252	652.153	73.3738	19.8265	0	82.7514	0
1253	647.971	73.3692	19.8279	0	82.7482	0
1254	652.917	73.3645	19.8292	0	82.745	0
1255	648.726	73.3599	19.8306	0	82.7417	0
1256	653.663	73.3553	19.832	0	82.7385	0
1257	649.464	73.3507	19.8334	0	82.7352	0
1258	654.392	73.3462	19.8347	0	82.732	0
1259	650.184	73.3416	19.8361	0	82.7288	0
1260	646.047	73.337	19.8375	0	82.7255	0
1261	651.037	73.3324	19.8389	0	82.7221	0
1262	646.887	73.3282	19.8402	0	82.7188	0
1263	651.863	73.3246	19.8414	0	82.7158	0
1264	647.7	73.3215	19.8425	0	82.713	0
1265	652.663	73.319	19.8434	0	82.7105	0
1266	648.487	73.3169	19.8442	0	82.7083	0
1267	653.436	73.3152	19.845	0	82.7063	0
1268	649.248	73.3138	19.8457	0	82.7045	0
1269	654.184	73.3127	19.8463	0	82.7029	0
1270	649.983	73.3118	19.8469	0	82.7014	0
1271	654.908	73.3112	19.8475	0	82.7	0
1272	650.695	73.3107	19.848	0	82.6987	0
1273	646.551	73.3103	19.8485	0	82.6975	0
1274	651.533	73.3101	19.8489	0	82.6964	0
1275	647.375	73.3099	19.8494	0	82.6953	0
1276	652.343	73.3099	19.8498	0	82.6942	0
1277	648.172	73.3099	19.8502	0	82.6932	0
1278	653.127	73.3101	19.8506	0	82.6922	0
1279	648.943	73.3102	19.851	0	82.6912	0
1280	653.885	73.3105	19.8514	0	82.6903	0
1281	649.689	73.3107	19.8518	0	82.6894	0
1282	654.619	73.311	19.8522	0	82.6885	0
1283	650.41	73.3114	19.8526	0	82.6875	0
1284	646.271	73.3117	19.8529	0	82.6866	0
1285	651.257	73.3121	19.8533	0	82.6858	0
1286	647.104	73.3126	19.8537	0	82.6848	0
1287	652.077	73.313	19.8541	0	82.6839	0
1288	647.91	73.3135	19.8545	0	82.6831	0
1289	652.869	73.3139	19.8549	0	82.6822	0
1290	648.69	73.3144	19.8553	0	82.6812	0
1291	653.636	73.3149	19.8556	0	82.6803	0
1292	649.444	73.3155	19.856	0	82.6793	0
1293	654.378	73.316	19.8564	0	82.6784	0
1294	650.173	73.3165	19.8568	0	82.6775	0
1295	646.038	73.3171	19.8572	0	82.6765	0
1296	651.028	73.3176	19.8577	0	82.6756	0
1297	646.879	73.3182	19.8581	0	82.6746	0
1298	651.855	73.3188	19.8585	0	82.6736	0
1299	647.692	73.3194	19.8589	0	82.6727	0
1300	652.655	73.32	19.8593	0	82.6717	0
1301	648.479	73.3206	19.8598	0	82.6707	0
1302	653.429	73.3212	19.8602	0	82.6697	0
1303	649.24	73.3218	19.8606	0	82.6686	0
1304	654.177	73.3224	19.8611	0	82.6676	0
1305	649.976	73.3231	19.8615	0	82.6665	0
1306	654.901	73.3237	19.862	0	82.6656	0
1307	650.688	73.3244	19.8624	0	82.6645	0
1308	646.544	73.325	19.8629	0	82.6634	0
1309	651.526	73.3257	19.8633	0	82.6623	0
1310	647.368	73.3264	19.8638	0	82.6613	0
1311	652.336	73.327	19.8643	0	82.6602	0
1312	648.166	73.3277	19.8647	0	82.6591	0
1313	653.121	73.3284	19.8652	0	82.6579	0
1314	648.937	73.3291	19.8657	0	82.6567	0
1315	653.879	73.3298	19.8662	0	82.6556	0
1316	649.683	73.3305	19.8667	0	82.6545	0
1317	654.613	73.3312	19.8672	0	82.6534	0
1318	650.404	73.332	19.8677	0	82.6522	0
1319	646.265	73.3327	19.8682	0	82.651	0
1320	651.252	73.3334	19.8687	0	82.6498	0
1321	647.099	73.3342	19.8692	0	82.6486	0
1322	652.071	73.334	19.8699	0	82.6474	0
1323	647.905	73.3337	19.8707	0	82.6457	0
1324	652.864	73.3334	19.8715	0	82.6438	0
1325	648.685	73.3333	19.8723	0	82.6419	0
1326	653.631	73.3334	19.873	0	82.6401	0
1327	649.439	73.3335	19.8738	0	82.6384	0
1328	654.373	73.3337	19.8745	0	82.6365	0
1329	650.168	73.334	19.8753	0	82.6348	0
1330	646.033	73.3343	19.876	0	82.6331	0
1331	651.023	73.3347	19.8767	0	82.6313	0
1332	646.874	73.3352	19.8775	0	82.6296	0
1333	651.851	73.3357	19.8782	0	82.6278	0
1334	647.688	73.3362	19.879	0	82.6261	0
1335	652.651	73.3367	19.8798	0	82.6243	0
1336	648.475	73.3373	19.8805	0	82.6225	0
1337	653.424	73.3379	19.8813	0	82.6207	0
1338	649.236	73.3385	19.8821	0	82.6188	0
1339	654.173	73.3392	19.8829	0	82.6169	0
1340	649.972	73.3399	19.8837	0	82.615	0
1341	654.897	73.3406	19.8845	0	82.6131	0
1342	650.684	73.3413	19.8854	0	82.6112	0
1343	646.54	73.342	19.8862	0	82.6092	0
1344	651.522	73.3427	19.8871	0	82.6073	0
1345	647.365	73.3434	19.8879	0	82.6052	0
1346	652.333	73.3442	19.8888	0	82.6032	0
1347	648.162	73.345	19.8897	0	82.6011	0
1348	653.117	73.3458	19.8906	0	82.5989	0
1349	648.933	73.3465	19.8915	0	82.5968	0
1350	653.876	73.3473	19.8925	0	82.5946	0
1351	649.679	73.3482	19.8934	0	82.5924	0
1352	654.609	73.349	19.8944	0	82.5902	0
1353	650.401	73.3498	19.8953	0	82.588	0
1354	646.262	73.3506	19.8963	0	82.5857	0
1355	651.248	73.3515	19.8973	0	82.5834	0
1356	647.096	73.3524	19.8983	0	82.581	0
1357	652.068	73.3532	19.8993	0	82.5787	0
1358	647.902	73.3541	19.9004	0	82.5763	0
1359	652.861	73.355	19.9014	0	82.5738	0
1360	648.682	73.3559	19.9025	0	82.5714	0
1361	653.628	73.3568	19.9035	0	82.5689	0
1362	649.436	73.3577	19.9046	0	82.5664	0
1363	654.37	73.3586	19.9057	0	82.5638	0
1364	650.165	73.3595	19.9068	0	82.5612	0
1365	646.031	73.3605	19.9079	0	82.5586	0
1366	651.021	73.3614	19.9091	0	82.5559	0
1367	646.872	73.3624	19.9102	0	82.5533	0
1368	651.848	73.3633	19.9114	0	82.5506	0
1369	647.685	73.3643	19.9125	0	82.5479	0
1370	652.648	73.3653	19.9137	0	82.545	0
1371	648.472	73.3663	19.9149	0	82.5422	0
1372	653.422	73.3673	19.9161	0	82.5394	0
1373	649.233	73.3683	19.9174	0	82.5365	0
1374	654.17	73.3693	19.9186	0	82.5337	0
1375	649.969	73.3703	19.9198	0	82.5308	0
1376	654.894	73.3713	19.9211	0	82.5278	0
1377	650.681	73.3724	19.9224	0	82.5248	0
1378	646.538	73.3734	19.9237	0	82.5218	0
1379	651.52	73.3745	19.925	0	82.5188	0
1380	647.363	73.3755	19.9263	0	82.5157	0
1381	652.331	73.3766	19.9276	0	82.5126	0
1382	648.167	73.3771	19.9291	0	82.5095	0
1383	653.136	73.3763	19.9309	0	82.506	0
1384	648.972	73.3739	19.933	0	82.5019	0
1385	653.942	73.3702	19.9354	0	82.4968	0
1386	649.779	73.3654	19.9382	0	82.491	0
1387	654.749	73.3595	19.9411	0	82.4845	0
1388	650.587	73.3529	19.9443	0	82.4776	0
1389	646.5	73.3456	19.9476	0	82.4702	0
1390	651.544	73.3377	19.9511	0	82.4623	0
1391	647.455	73.3289	19.9547	0	82.4542	0
1392	652.497	73.3191	19.9586	0	82.4455	0
1393	648.407	73.3085	19.9627	0	82.4363	0
1394	653.448	73.2971	19.967	0	82.4266	0
1395	649.355	73.285	19.9715	0	82.4165	0
1396	654.395	73.2723	19.9761	0	82.406	0
1397	650.301	73.2592	19.9808	0	82.3951	0
1398	646.28	73.2456	19.9856	0	82.3839	0
1399	651.39	73.2316	19.9906	0	82.3725	0
1400	647.365	73.2172	19.9956	0	82.361	0
1401	652.471	73.2026	20.0007	0	82.3491	0
1402	648.443	73.1878	20.0058	0	82.3371	0
1403	653.545	73.1727	20.011	0	82.325	0
1404	649.514	73.1574	20.0163	0	82.3126	0
1405	654.613	73.1419	20.0216	0	82.3002	0
1406	650.579	73.1263	20.027	0	82.2877	0
1407	646.615	73.1106	20.0324	0	82.275	0
1408	651.781	73.0948	20.0378	0	82.2623	0
1409	647.812	73.0789	20.0433	0	82.2495	0
1410	652.973	73.0629	20.0487	0	82.2367	0
1411	648.999	73.0468	20.0542	0	82.2237	0
1412	654.155	73.0307	20.0598	0	82.2107	0
1413	650.176	73.0145	20.0653	0	82.1977	0
1414	646.267	72.9984	20.0709	0	82.1846	0
1415	651.486	72.9821	20.0764	0	82.1715	0
1416	647.57	72.9659	20.082	0	82.1583	0
1417	652.783	72.9496	20.0876	0	82.1452	0
1418	648.86	72.9333	20.0932	0	82.132	0
1419	654.067	72.917	20.0988	0	82.1187	0
1420	650.139	72.9007	20.1045	0	82.1054	0
1421	646.278	72.8844	20.1101	0	82.0922	0
1422	651.545	72.8681	20.1157	0	82.0789	0
1423	647.676	72.8518	20.1214	0	82.0656	0
1424	652.935	72.8355	20.127	0	82.0523	0
1425	649.059	72.8192	20.1327	0	82.0389	0
1426	654.311	72.803	20.1384	0	82.0256	0
1427	650.428	72.7867	20.1441	0	82.0122	0
1428	646.61	72.7704	20.1497	0	81.9988	0
1429	651.92	72.7542	20.1554	0	81.9854	0
1430	648.094	72.7379	20.1611	0	81.9721	0
1431	653.395	72.7217	20.1668	0	81.9587	0
1432	649.56	72.7055	20.1725	0	81.9452	0
1433	654.853	72.6893	20.1782	0	81.9318	0
1434	651.01	72.6732	20.1839	0	81.9183	0
1435	647.232	72.657	20.1896	0	81.9048	0
1436	652.581	72.6409	20.1953	0	81.8914	0
1437	648.793	72.6247	20.201	0	81.8779	0
1438	654.132	72.6086	20.2068	0	81.8644	0
1439	650.335	72.5926	20.2125	0	81.851	0
1440	646.601	72.5765	20.2182	0	81.8375	0
