date	smin	smax	smean	tmean
01/01/2009 	19.45682   	27.80541   	23.11790   	 1.00957576
02/01/2009 	21.07670   	29.26177   	24.36820   	 1.33732089
03/01/2009 	20.58519   	29.11183   	24.19034   	 1.53706930
04/01/2009 	19.81887   	27.87844   	23.88458   	 1.53029430
05/01/2009 	19.94893   	30.56175   	25.75046   	 1.44553595
06/01/2009 	20.72832   	28.02898   	24.07834   	 0.67279818
07/01/2009 	22.45976   	28.05882   	24.45972   	 0.85338281
08/01/2009 	22.49961   	28.03626   	24.56115   	 0.67182845
09/01/2009 	21.82003   	27.38417   	24.07840   	 0.47111720
10/01/2009 	20.98824   	28.96690   	24.30200   	 0.03448818
11/01/2009 	22.69567   	28.31303   	24.00610   	 0.52526652
12/01/2009 	23.20011   	28.87866   	24.96334   	 1.56843668
13/01/2009 	24.28882   	29.54355   	26.53885   	 2.42330556
14/01/2009 	23.83605   	28.12464   	25.41444   	 2.46905133
15/01/2009 	22.86605   	26.97074   	24.36792   	 2.21258802
16/01/2009 	23.00703   	25.74318   	24.34881   	 2.18075502
17/01/2009 	21.44379   	26.04105   	23.46970   	 2.26981934
18/01/2009 	24.03375   	28.57495   	25.36321   	 2.89282096
19/01/2009 	22.69746   	29.80049   	26.75389   	 2.92541468
20/01/2009 	26.77672   	29.87245   	28.45177   	 2.95738407
21/01/2009 	27.36511   	29.75071   	28.33505   	 2.78118417
22/01/2009 	26.48709   	29.48761   	28.61946   	 2.64359122
23/01/2009 	26.51379   	29.78535   	28.71485   	 2.65702519
24/01/2009 	27.03276   	29.42417   	28.35234   	 2.85457839
25/01/2009 	26.49760   	28.68772   	27.49518   	 2.77867625
26/01/2009 	26.57626   	27.57192   	27.02522   	 2.54037905
27/01/2009 	26.49866   	27.29750   	26.98981   	 2.07446667
28/01/2009 	24.44838   	27.06085   	25.60268   	 1.63844432
29/01/2009 	21.73506   	25.21197   	24.24243   	 1.15349560
30/01/2009 	19.47032   	24.85720   	22.68457   	 0.62279222
31/01/2009 	16.05261   	24.44932   	21.76821   	 0.54295923
01/02/2009 	16.06788   	23.81596   	21.31243   	 0.03388795
02/02/2009 	18.13922   	23.91042   	21.88083   	-0.19778898
03/02/2009 	20.67639   	24.60268   	23.26663   	 0.55252646
04/02/2009 	20.17216   	25.01681   	23.25565   	 0.67833102
05/02/2009 	20.10902   	25.26768   	23.43519   	 0.84633589
06/02/2009 	22.08919   	25.81881   	23.97903   	 1.35445152
07/02/2009 	21.78806   	25.87430   	23.81007   	 1.47800242
08/02/2009 	21.00433   	25.76634   	23.63282   	 1.38094484
09/02/2009 	20.67050   	25.00594   	22.84401   	 1.38686210
10/02/2009 	20.91850   	26.01669   	23.76483   	 1.62082407
11/02/2009 	23.23109   	30.12050   	25.90485   	 1.89093154
12/02/2009 	23.62489   	30.24541   	26.67635   	 2.07876288
13/02/2009 	23.43987   	29.85020   	26.52448   	 2.22863895
14/02/2009 	21.68981   	29.71057   	26.48497   	 2.07931534
15/02/2009 	20.63554   	28.88830   	24.61509   	 2.03836208
16/02/2009 	22.14625   	29.63223   	24.95552   	 2.42087855
17/02/2009 	21.37504   	29.50357   	25.40812   	 2.80456933
18/02/2009 	19.59839   	27.86960   	23.42168   	 2.64953758
19/02/2009 	19.48844   	23.01510   	21.30722   	 2.56403046
20/02/2009 	19.59813   	22.47028   	21.27182   	 2.88039041
21/02/2009 	17.72024   	22.98055   	20.83785   	 3.05268863
22/02/2009 	18.44232   	23.10908   	21.27420   	 3.34156325
23/02/2009 	19.46335   	27.52300   	22.36771   	 4.16569184
24/02/2009 	18.33369   	27.82779   	22.56194   	 4.07504348
25/02/2009 	16.73953   	27.25416   	21.17414   	 4.12919293
26/02/2009 	17.57232   	21.84813   	19.93321   	 4.32046229
27/02/2009 	17.34878   	29.41885   	22.09470   	 4.93529348
28/02/2009 	17.19093   	29.06162   	22.04294   	 5.30753417
01/03/2009 	17.94613   	27.37978   	22.43424   	 5.24928605
02/03/2009 	19.65495   	26.92634   	22.75980   	 5.23913432
03/03/2009 	18.67530   	25.66005   	21.80736   	 5.21683202
04/03/2009 	18.97766   	21.79132   	20.76757   	 4.92435001
05/03/2009 	19.01716   	23.60332   	21.01964   	 4.85777543
06/03/2009 	18.40923   	22.55954   	20.64252   	 4.85845141
07/03/2009 	19.15144   	22.77469   	20.43774   	 4.71314745
08/03/2009 	19.30824   	24.10126   	21.71261   	 4.97883524
09/03/2009 	20.85530   	25.53794   	23.23025   	 4.82004032
10/03/2009 	18.81909   	24.59947   	21.72804   	 4.86606224
11/03/2009 	20.07864   	23.59930   	22.20522   	 4.85739320
12/03/2009 	18.42395   	23.79812   	21.69424   	 5.08385482
13/03/2009 	18.24050   	23.79229   	21.45253   	 5.36929879
14/03/2009 	18.81565   	25.49791   	21.72570   	 5.67449553
15/03/2009 	19.25101   	24.69541   	21.91558   	 5.95753435
16/03/2009 	17.76091   	27.27589   	22.16861   	 6.20777630
17/03/2009 	17.59203   	26.89594   	21.80646   	 6.43153193
18/03/2009 	17.10332   	25.31966   	20.76042   	 6.50835490
19/03/2009 	16.31926   	22.40417   	19.62122   	 6.56973578
20/03/2009 	15.45498   	20.03479   	18.00371   	 6.46492959
21/03/2009 	15.25002   	18.80766   	16.98297   	 6.49240337
22/03/2009 	16.91286   	25.38988   	19.56631   	 6.53050380
23/03/2009 	16.54038   	25.52466   	19.90973   	 6.58095931
24/03/2009 	16.16704   	27.09647   	20.43842   	 6.48069788
25/03/2009 	16.15841   	27.45582   	21.08928   	 6.32155996
26/03/2009 	17.02186   	24.70991   	19.87197   	 6.41604543
27/03/2009 	17.74781   	22.97438   	20.04493   	 6.37558868
28/03/2009 	15.38651   	24.10132   	19.01483   	 6.34231909
29/03/2009 	16.28882   	22.38105   	19.66640   	 6.28029718
30/03/2009 	17.89879   	24.89370   	20.52132   	 6.08299352
31/03/2009 	17.29844   	25.11661   	20.66850   	 6.42509754
01/04/2009 	18.07733   	24.97548   	21.65532   	 6.84558073
02/04/2009 	17.78122   	23.34102   	20.71583   	 7.40248128
03/04/2009 	17.88785   	21.26914   	19.37791   	 7.98231959
04/04/2009 	17.88002   	22.12176   	19.29517   	 8.21188127
05/04/2009 	16.48738   	22.79348   	20.06819   	 8.36606923
06/04/2009 	14.60195   	22.71353   	18.98252   	 8.70274293
07/04/2009 	14.27779   	23.06912   	18.96475   	 8.97010789
08/04/2009 	15.08885   	22.85900   	20.35959   	 8.65167105
09/04/2009 	16.95528   	22.55658   	20.48589   	 8.66069657
10/04/2009 	17.02102   	23.36293   	20.23281   	 9.14758666
11/04/2009 	16.93374   	23.20286   	20.70527   	 9.58280869
12/04/2009 	18.03596   	24.01776   	21.52715   	 9.94264855
13/04/2009 	20.37059   	24.94031   	22.78220   	10.14557451
14/04/2009 	21.86012   	25.37125   	23.53054   	10.35879209
15/04/2009 	22.40977   	25.25265   	23.62572   	10.72606132
16/04/2009 	22.61177   	23.96425   	23.22777   	11.20239389
17/04/2009 	18.15149   	23.54856   	21.71186   	11.30932490
18/04/2009 	18.13965   	24.37533   	20.88047   	10.99222316
19/04/2009 	19.58180   	23.32045   	21.24219   	11.04953738
20/04/2009 	19.54543   	24.18811   	21.87241   	11.50172629
21/04/2009 	20.47552   	24.22605   	22.67408   	11.75941894
22/04/2009 	22.23947   	26.97979   	23.95663   	11.78613484
23/04/2009 	22.33504   	28.34150   	24.63016   	11.78189452
24/04/2009 	22.82314   	28.44520   	25.26716   	12.01213513
25/04/2009 	23.80021   	27.42973   	25.17810   	12.19233642
26/04/2009 	23.44695   	28.76961   	25.51746   	12.39283254
27/04/2009 	24.09365   	29.12944   	26.17787   	12.46889011
28/04/2009 	23.91990   	28.34920   	26.04209   	12.44669829
29/04/2009 	24.06067   	28.72161   	26.11063   	12.51448303
30/04/2009 	24.34129   	28.48472   	26.31942   	12.80643485
01/05/2009 	24.09345   	28.46620   	26.30541   	13.38485696
02/05/2009 	23.58731   	28.37807   	25.98069   	13.70334222
03/05/2009 	23.38274   	29.16292   	25.92335   	13.65498143
04/05/2009 	23.92174   	29.10780   	25.99130   	13.08503590
05/05/2009 	23.12002   	28.53015   	24.65858   	12.77643081
06/05/2009 	20.43021   	24.96024   	23.71294   	12.71156275
07/05/2009 	20.49216   	25.35782   	23.06059   	12.75426100
08/05/2009 	20.11083   	26.17043   	23.28439   	12.76000853
09/05/2009 	20.94583   	25.90113   	23.50444   	12.68597780
10/05/2009 	21.63611   	25.30527   	23.18179   	13.00381974
11/05/2009 	22.00086   	28.38457   	25.03584   	12.75577138
12/05/2009 	23.43083   	29.70014   	26.09244   	12.30257426
13/05/2009 	24.13838   	29.89966   	26.15457   	12.48018036
14/05/2009 	25.19634   	28.23847   	26.29389   	12.50977731
15/05/2009 	24.83182   	26.39817   	25.59895   	12.74897591
16/05/2009 	24.99213   	26.36933   	25.71399   	13.08156796
17/05/2009 	22.44215   	26.59466   	25.27720   	13.30914255
18/05/2009 	25.36240   	27.48480   	26.31738   	13.23644159
19/05/2009 	24.56051   	26.97750   	25.95074   	13.23970246
20/05/2009 	22.69587   	27.27370   	25.44933   	13.57516325
21/05/2009 	24.30908   	27.29296   	25.77197   	14.00077448
22/05/2009 	24.70602   	26.95276   	26.04704   	14.28034367
23/05/2009 	24.67631   	26.47091   	25.82390   	14.90746437
24/05/2009 	25.79921   	27.42581   	26.45106   	15.38720071
25/05/2009 	25.90243   	28.32756   	26.77345   	16.06891668
26/05/2009 	26.09782   	28.43749   	26.89265   	16.23264239
27/05/2009 	26.06924   	27.36310   	26.41439   	15.77914617
28/05/2009 	23.63340   	26.42816   	25.81193   	15.36613721
29/05/2009 	23.66255   	28.38836   	26.04057   	15.50264571
30/05/2009 	24.86397   	28.43271   	27.01388   	15.77542788
31/05/2009 	25.41101   	29.27261   	26.83474   	16.15412597
01/06/2009 	24.88063   	30.16059   	27.06240   	16.66374781
02/06/2009 	24.88130   	30.16010   	27.38060   	16.67662485
03/06/2009 	24.73137   	30.96033   	27.89013   	15.55295545
04/06/2009 	25.28383   	31.38521   	28.25672   	14.05745242
05/06/2009 	25.78149   	31.66914   	28.36053   	13.19140240
06/06/2009 	25.89935   	31.73603   	29.04699   	13.77789652
07/06/2009 	27.18192   	31.60074   	29.10254   	14.11014948
08/06/2009 	26.41229   	31.44139   	28.77651   	14.71735360
09/06/2009 	27.13867   	31.45954   	28.97362   	15.31375591
10/06/2009 	26.81787   	30.84535   	28.33882   	15.45106477
11/06/2009 	27.27870   	31.39364   	29.22789   	15.66237251
12/06/2009 	27.77868   	31.30126   	29.46556   	15.70053256
13/06/2009 	24.94891   	31.27943   	28.96091   	15.84216962
14/06/2009 	24.87780   	31.22883   	27.71750   	16.36099996
15/06/2009 	25.97746   	31.37248   	28.39325   	16.88248150
16/06/2009 	26.57773   	30.46716   	28.37120   	16.93377634
17/06/2009 	26.29865   	29.01411   	27.42423   	17.05568027
18/06/2009 	27.04242   	30.53365   	27.80109   	17.23031036
19/06/2009 	27.12393   	30.34259   	27.48672   	16.96870593
20/06/2009 	26.13226   	30.15144   	27.31115   	16.74347901
21/06/2009 	26.41518   	30.92789   	28.14327   	16.23082050
22/06/2009 	26.75188   	30.84396   	28.76039   	16.37982392
23/06/2009 	26.98749   	31.16793   	29.08484   	16.78975296
24/06/2009 	27.09283   	32.20410   	29.47184   	17.35156524
25/06/2009 	27.23531   	32.27764   	29.37085   	17.65718293
26/06/2009 	27.32685   	32.08989   	29.47242   	18.20752021
27/06/2009 	27.96304   	32.05476   	29.74874   	18.86851652
28/06/2009 	28.16692   	31.59980   	29.65143   	19.47146730
29/06/2009 	27.76099   	31.66195   	29.76473   	20.34414736
30/06/2009 	28.15069   	31.56562   	29.94334   	21.01349175
01/07/2009 	28.16262   	31.89619   	30.02011   	21.29017349
02/07/2009 	28.38104   	32.15894   	29.88002   	21.40630825
03/07/2009 	28.24702   	31.45047   	29.53818   	21.63819706
04/07/2009 	28.69527   	31.94256   	29.70009   	21.97004676
05/07/2009 	27.56216   	32.14151   	29.80098   	22.25651991
06/07/2009 	28.55872   	31.98795   	29.55978   	21.83961185
07/07/2009 	28.00053   	29.53293   	28.45415   	20.99159443
08/07/2009 	27.54517   	29.33726   	28.43872   	20.43583548
09/07/2009 	27.36604   	32.00216   	28.76163   	18.77188655
10/07/2009 	26.82599   	31.88156   	28.78257   	17.64321844
11/07/2009 	25.93116   	31.27378   	28.62140   	16.84561910
12/07/2009 	23.70322   	30.78539   	27.45208   	17.23643136
13/07/2009 	21.60984   	29.26345   	25.92064   	18.01442758
14/07/2009 	21.88553   	29.98316   	25.65703   	18.69675326
15/07/2009 	23.05841   	31.26652   	25.97964   	19.29810596
16/07/2009 	22.90244   	26.09775   	25.22874   	19.44819884
17/07/2009 	23.39911   	27.08506   	24.95599   	19.63009938
18/07/2009 	23.65108   	27.75958   	25.88150   	19.44465931
19/07/2009 	25.08451   	27.49854   	26.07771   	19.16802514
20/07/2009 	25.28574   	27.90544   	26.75047   	19.18252865
21/07/2009 	22.26094   	27.32986   	25.14944   	19.10592425
22/07/2009 	23.06550   	26.82072   	25.55566   	19.32769497
23/07/2009 	23.31186   	27.10924   	25.64962   	19.23702526
24/07/2009 	23.49216   	27.34229   	25.64766   	19.18867091
25/07/2009 	24.14461   	27.36361   	25.90751   	19.07762651
26/07/2009 	21.88280   	27.23474   	25.58970   	18.62668339
27/07/2009 	22.28544   	27.75225   	25.15081   	19.02053269
28/07/2009 	22.96013   	27.49763   	25.17534   	18.91028249
29/07/2009 	22.06969   	27.62919   	24.94749   	19.43872571
30/07/2009 	22.42593   	25.77555   	24.51425   	19.57493691
31/07/2009 	21.42220   	25.00039   	24.02936   	19.02638924
01/08/2009 	21.97296   	24.02757   	22.88858   	18.97398400
02/08/2009 	21.81865   	25.09745   	23.56700   	19.30097218
03/08/2009 	21.81836   	24.67883   	23.61801   	19.30721545
04/08/2009 	21.91033   	27.92864   	24.28620   	19.47143571
05/08/2009 	23.17669   	28.47424   	25.33847   	19.82244651
06/08/2009 	24.04050   	28.28063   	25.59949   	20.47017713
07/08/2009 	24.64082   	27.69964   	25.88448   	20.85779730
08/08/2009 	25.04345   	28.27882   	26.46222   	20.88549566
09/08/2009 	25.17300   	29.57801   	26.93372   	20.68212871
10/08/2009 	25.31390   	30.01239   	27.25905   	20.76236860
11/08/2009 	25.64624   	30.10575   	27.41565   	20.88263806
12/08/2009 	25.76224   	30.01359   	27.45929   	20.67921364
13/08/2009 	25.99201   	30.07136   	27.82896   	20.37257369
14/08/2009 	24.94394   	30.74794   	27.98410   	20.21402812
15/08/2009 	24.44195   	29.82407   	26.27754   	20.21924408
16/08/2009 	24.90539   	26.35079   	25.62665   	20.48022350
17/08/2009 	24.21138   	26.57556   	25.60769   	20.43445679
18/08/2009 	24.71314   	27.65576   	25.75981   	20.26884504
19/08/2009 	23.38735   	30.44140   	26.14262   	20.16029131
20/08/2009 	24.40252   	30.17338   	26.53191   	20.34101462
21/08/2009 	24.39322   	29.88267   	26.02780   	20.30534037
22/08/2009 	24.80730   	30.10602   	26.38558   	19.97580612
23/08/2009 	25.35194   	29.84262   	27.35250   	19.85263081
24/08/2009 	25.68959   	29.42662   	27.57980   	19.96610133
25/08/2009 	25.80956   	29.38654   	27.39978   	20.20455329
26/08/2009 	26.48332   	29.43560   	27.54754   	19.80063450
27/08/2009 	25.83867   	29.37792   	27.03340   	19.72205396
28/08/2009 	25.69519   	26.69082   	26.06610   	19.49503613
29/08/2009 	24.72623   	27.52834   	26.75875   	18.81722856
30/08/2009 	24.60703   	27.45360   	25.81377   	18.15009014
31/08/2009 	25.15314   	26.95871   	25.74398   	18.26498091
01/09/2009 	23.78902   	28.03893   	26.33709   	18.42779720
02/09/2009 	25.16708   	29.08652   	27.61438   	18.24465326
03/09/2009 	24.91956   	29.87372   	28.77790   	18.18930550
04/09/2009 	28.50897   	29.85014   	29.38518   	17.59506992
05/09/2009 	27.50880   	29.57395   	29.12089   	16.91572567
06/09/2009 	26.63255   	29.27900   	28.04687   	15.94290018
07/09/2009 	25.68003   	28.67250   	27.63646   	15.78141791
08/09/2009 	25.60341   	29.00364   	27.51906   	16.14979565
09/09/2009 	25.97414   	28.99833   	27.87104   	16.71732879
10/09/2009 	27.92119   	29.06575   	28.62612   	16.57552977
11/09/2009 	28.04847   	29.26634   	28.77583   	16.29315849
12/09/2009 	27.94930   	29.43432   	28.80342   	16.38173995
13/09/2009 	27.95195   	30.04384   	29.06840   	16.29944686
14/09/2009 	28.02607   	30.47715   	29.72754   	16.21972295
15/09/2009 	28.88690   	30.59148   	29.78444   	15.84681064
16/09/2009 	29.07789   	30.38618   	29.72306   	16.12623517
17/09/2009 	28.93143   	30.62923   	29.84506   	15.82087491
18/09/2009 	29.19425   	30.98925   	30.09514   	15.87288098
19/09/2009 	29.47953   	31.02067   	30.17811   	15.99218645
20/09/2009 	29.52309   	31.16853   	30.33673   	16.36258497
21/09/2009 	29.44668   	31.68971   	30.52057   	16.39578998
22/09/2009 	29.37630   	31.60461   	30.36339   	16.41440666
23/09/2009 	29.38957   	31.40421   	30.34351   	16.23146439
24/09/2009 	29.83608   	31.89478   	30.72166   	16.02205388
25/09/2009 	29.92819   	32.21980   	30.99811   	15.77236289
26/09/2009 	30.07314   	32.27694   	31.14670   	15.90915169
27/09/2009 	30.04874   	32.40819   	31.27591   	16.21468008
28/09/2009 	29.87882   	32.41641   	30.96289   	16.13430073
29/09/2009 	29.34420   	32.06765   	30.33321   	16.34125610
30/09/2009 	26.71115   	32.16546   	29.59908   	16.17720004
01/10/2009 	27.52316   	32.17067   	29.69554   	15.61321769
02/10/2009 	28.59016   	32.48154   	30.33450   	14.27740085
03/10/2009 	27.54663   	32.57939   	29.39277   	14.51150380
04/10/2009 	25.40905   	29.52249   	28.07531   	14.24368070
05/10/2009 	24.51521   	29.66663   	27.02959   	13.21315449
06/10/2009 	24.52481   	31.77440   	27.17784   	13.27878362
07/10/2009 	24.58525   	28.09112   	26.19344   	14.10936040
08/10/2009 	24.78795   	31.54610   	27.53081   	13.74366830
09/10/2009 	25.96305   	31.80053   	28.79435   	13.00046410
10/10/2009 	26.89853   	30.54991   	28.19785   	12.51803215
11/10/2009 	26.08220   	32.07116   	28.37337   	12.53395106
12/10/2009 	27.30745   	32.52783   	30.00591   	11.80136361
13/10/2009 	26.85369   	32.66835   	30.13728   	11.24869905
14/10/2009 	23.61284   	32.54008   	28.37786   	11.02479502
15/10/2009 	26.76757   	32.79051   	29.68197   	10.50915809
16/10/2009 	26.56853   	33.36775   	30.94540   	10.99379508
17/10/2009 	27.57184   	33.36758   	31.42567   	10.90855221
18/10/2009 	27.30666   	33.39967   	30.46354   	10.86724412
19/10/2009 	27.61284   	33.40989   	30.04946   	10.60846172
20/10/2009 	28.03676   	33.22840   	29.53965   	 9.93127970
21/10/2009 	27.74006   	29.83291   	28.62786   	 9.17862157
22/10/2009 	25.55066   	28.29001   	27.67922   	 8.87507522
23/10/2009 	24.92625   	28.12480   	27.39653   	 9.02405848
24/10/2009 	25.18313   	28.51771   	27.70194   	 9.60954487
25/10/2009 	27.85135   	29.20995   	28.36731   	10.42699548
26/10/2009 	28.56843   	29.66561   	29.04458   	11.00270832
27/10/2009 	28.61619   	29.67956   	28.94196   	11.10394774
28/10/2009 	25.90399   	29.24680   	28.17135   	11.11442268
29/10/2009 	27.02616   	30.12197   	28.64252   	11.47702297
30/10/2009 	27.82683   	29.36376   	28.50673   	11.50124129
31/10/2009 	28.08303   	28.71760   	28.47732   	11.24893616
01/11/2009 	28.07959   	28.84529   	28.52464   	11.47762156
02/11/2009 	28.12166   	28.80014   	28.51566   	11.59447968
03/11/2009 	26.84824   	28.99415   	28.19708   	11.14242784
04/11/2009 	27.67276   	29.59179   	28.53737   	10.99487289
05/11/2009 	27.79113   	29.59873   	28.63587   	10.67781645
06/11/2009 	27.80134   	29.59203   	28.64293   	10.45476878
07/11/2009 	27.31728   	30.10461   	29.30112   	10.60764176
08/11/2009 	26.33936   	29.74418   	28.24503   	 9.97084665
09/11/2009 	27.66735   	29.00689   	28.04632   	 9.19157962
10/11/2009 	27.58493   	28.88724   	28.11337   	 9.18297863
11/11/2009 	27.53315   	28.98214   	28.04932   	 9.06406991
12/11/2009 	26.50633   	28.77615   	27.82180   	 8.95144993
13/11/2009 	23.26627   	28.50187   	26.92934   	 9.64155318
14/11/2009 	23.78545   	29.35530   	27.88284   	10.16777060
15/11/2009 	25.80357   	30.17326   	28.74408   	10.46946653
16/11/2009 	25.74854   	30.60802   	28.45914   	10.41518378
17/11/2009 	27.12519   	30.01103   	28.64982   	10.46260333
18/11/2009 	27.72686   	30.43870   	29.65772   	10.61949825
19/11/2009 	28.36829   	30.33904   	29.99132   	10.58468231
20/11/2009 	27.41083   	30.17684   	29.31328   	10.37569294
21/11/2009 	26.04331   	30.10389   	28.52440   	10.54957743
22/11/2009 	26.41502   	30.12395   	28.72333   	10.68134574
23/11/2009 	29.63330   	30.59406   	29.93073   	10.59641812
24/11/2009 	29.75530   	30.69243   	30.08484   	10.48651769
25/11/2009 	29.93977   	30.51402   	30.23582   	10.40027396
26/11/2009 	29.77458   	30.59236   	30.39338   	10.26885498
27/11/2009 	29.67619   	30.25010   	29.93988   	 9.70181561
28/11/2009 	29.49083   	29.84916   	29.65246   	 9.52017234
29/11/2009 	29.47621   	29.61981   	29.55588   	 9.48584658
30/11/2009 	27.44414   	29.60232   	29.25256   	 9.16623378
01/12/2009 	27.20346   	29.27591   	28.58879   	 8.19906102
02/12/2009 	26.88702   	29.06012   	27.94614   	 7.42656373
03/12/2009 	23.98645   	27.61571   	26.36308   	 7.75728841
04/12/2009 	22.53062   	26.53896   	25.03527   	 7.71662271
05/12/2009 	22.87945   	26.95410   	24.86886   	 7.51320971
06/12/2009 	22.75059   	28.13943   	24.87646   	 7.93019013
07/12/2009 	22.14870   	28.07730   	25.13237   	 8.03826359
08/12/2009 	23.94429   	27.84839   	25.47096   	 8.05799415
09/12/2009 	23.76073   	27.01836   	24.79241   	 7.85913293
10/12/2009 	22.48356   	27.12200   	24.94874   	 8.15446301
11/12/2009 	22.21030   	25.94543   	24.47908   	 8.07969657
12/12/2009 	22.37028   	25.83132   	23.99411   	 7.39705256
13/12/2009 	21.08375   	25.56818   	22.65120   	 6.35529778
14/12/2009 	19.61488   	23.59091   	21.81608   	 5.36837658
15/12/2009 	19.58806   	22.22813   	21.11849   	 4.35521468
16/12/2009 	18.38648   	22.17228   	20.69661   	 4.24704544
17/12/2009 	18.02817   	21.61571   	19.72570   	 3.78300612
18/12/2009 	12.96962   	22.24943   	18.49715   	 3.14293882
19/12/2009 	13.13902   	23.51461   	18.58765   	 2.71585044
20/12/2009 	21.80887   	24.96904   	22.78964   	 3.50628557
21/12/2009 	19.57313   	23.44723   	22.32828   	 3.14431947
22/12/2009 	20.02115   	26.12100   	21.98056   	 3.12238977
23/12/2009 	20.22868   	25.90406   	22.55174   	 3.36007341
24/12/2009 	21.54773   	26.10268   	23.48406   	 3.47234200
25/12/2009 	20.53469   	26.40207   	23.57036   	 3.30659919
26/12/2009 	22.44933   	26.01211   	24.22610   	 3.88376136
27/12/2009 	25.06967   	27.97520   	26.63487   	 4.48867559
28/12/2009 	25.29724   	29.28126   	27.02523   	 4.48721093
29/12/2009 	23.29398   	27.27770   	25.39390   	 3.72461387
30/12/2009 	17.77274   	26.67203   	23.84060   	 2.93996541
31/12/2009 	16.12427   	25.00817   	20.82908   	 2.24799085
01/01/2010 	18.46115   	24.32314   	22.07323   	 2.23357050
02/01/2010 	21.24356   	24.12330   	22.92295   	 2.04001697
03/01/2010 	20.98513   	24.67139   	22.63345   	 1.54166185
04/01/2010 	20.77614   	25.35412   	22.98646   	 1.51633326
05/01/2010 	20.43225   	25.43873   	23.03396   	 1.68888744
06/01/2010 	19.31987   	25.71137   	22.65625   	 1.75851058
07/01/2010 	19.36209   	25.44466   	22.57397   	 1.61252419
08/01/2010 	20.09811   	23.91833   	22.12783   	 1.16304976
09/01/2010 	13.78658   	25.85588   	19.01722   	 0.11886167
10/01/2010 	14.59008   	25.41001   	20.33814   	 0.43195731
11/01/2010 	18.22158   	24.00365   	20.67572   	 0.67919115
12/01/2010 	16.64606   	22.40969   	20.24010   	 0.51885003
13/01/2010 	15.44294   	22.19906   	19.78136   	-0.12114675
14/01/2010 	17.83052   	24.05979   	21.97018   	 0.49135556
15/01/2010 	14.60490   	23.79445   	20.44684   	 0.28855894
16/01/2010 	15.08501   	22.45310   	20.25070   	 0.48194398
17/01/2010 	18.40722   	25.98158   	22.62579   	 1.22442223
18/01/2010 	18.66591   	25.23005   	22.07544   	 1.28944297
19/01/2010 	18.12924   	23.93685   	21.56385   	 1.46871313
20/01/2010 	18.83613   	24.89442   	22.39150   	 1.38642375
21/01/2010 	18.47870   	23.23131   	21.64340   	 1.23266677
22/01/2010 	16.01722   	22.85190   	20.06289   	 0.87940493
23/01/2010 	18.63633   	22.36793   	21.19701   	 1.18064982
24/01/2010 	17.09293   	22.67394   	20.87191   	 1.01932415
25/01/2010 	16.37310   	23.44633   	20.55726   	 0.65547590
26/01/2010 	14.55495   	23.55194   	19.44955   	-0.20922635
27/01/2010 	14.47288   	24.47511   	21.13581   	 0.23575767
28/01/2010 	18.16536   	24.47344   	21.50170   	 0.82137656
29/01/2010 	19.46137   	26.52585   	21.92997   	 1.08177025
30/01/2010 	20.26805   	28.87795   	23.86247   	 1.06505731
31/01/2010 	22.39701   	29.01186   	25.30501   	 0.99978992
01/02/2010 	21.50173   	28.70049   	24.94196   	 0.95613484
02/02/2010 	20.57199   	28.73247   	24.26285   	 1.18861259
03/02/2010 	21.39568   	30.15682   	24.49473   	 1.46023891
04/02/2010 	20.66683   	28.83155   	24.48240   	 1.58528020
05/02/2010 	21.40852   	27.87093   	23.85710   	 1.70579916
06/02/2010 	19.57426   	26.03530   	22.99369   	 1.86289797
07/02/2010 	19.11203   	24.43127   	22.04407   	 1.81275079
08/02/2010 	15.17486   	22.12018   	19.62751   	 1.16766728
09/02/2010 	13.41759   	21.08470   	17.60932   	 0.17360781
10/02/2010 	13.44842   	19.50774   	17.17849   	-0.28758066
11/02/2010 	15.76438   	26.77402   	20.94355   	-0.15956439
12/02/2010 	18.57024   	28.85231   	23.72298   	-0.07791631
13/02/2010 	20.66644   	29.75874   	25.14566   	 0.06546851
14/02/2010 	21.34752   	29.83940   	25.45496   	-0.16456308
15/02/2010 	21.53163   	29.83002   	25.17384   	-0.46886214
16/02/2010 	20.44676   	28.42944   	22.95969   	-0.55941877
17/02/2010 	19.96516   	23.67465   	21.23929   	-0.33562924
18/02/2010 	19.93587   	23.70518   	21.57229   	-0.11920447
19/02/2010 	20.09340   	26.55758   	22.67127   	 0.76063629
20/02/2010 	22.32891   	26.34531   	24.08297   	 1.25957172
21/02/2010 	20.73654   	24.81922   	22.81248   	 1.11274229
22/02/2010 	20.16868   	25.45643   	22.68534   	 1.42605256
23/02/2010 	21.31645   	24.98097   	22.57693   	 1.48686415
24/02/2010 	20.65237   	24.78451   	22.86725   	 1.58363285
25/02/2010 	20.65395   	25.10742   	23.21747   	 2.07142208
26/02/2010 	21.63785   	26.86339   	24.40141   	 2.38981898
27/02/2010 	22.94502   	27.29313   	25.26691   	 2.62094602
28/02/2010 	23.25123   	27.69809   	25.25212   	 2.91064783
01/03/2010 	22.35940   	27.44167   	25.36971   	 3.18049320
02/03/2010 	22.52950   	26.20116   	24.25578   	 3.13902000
03/03/2010 	22.64057   	25.97873   	24.20329   	 3.07155033
04/03/2010 	22.50566   	27.33384   	24.92689   	 3.09145202
05/03/2010 	21.77098   	27.92203   	24.87618   	 3.08536844
06/03/2010 	20.27451   	29.09397   	25.89346   	 2.71971175
07/03/2010 	18.51068   	28.63785   	23.55732   	 2.08769215
08/03/2010 	18.74127   	28.25760   	24.03532   	 2.06987369
09/03/2010 	17.78024   	27.14249   	22.11843   	 2.07387185
10/03/2010 	15.99195   	24.03956   	20.29546   	 2.06824764
11/03/2010 	16.09294   	24.33536   	19.92467   	 2.03904069
12/03/2010 	17.45512   	26.24091   	20.70161   	 2.45631326
13/03/2010 	18.16767   	27.46127   	22.18841   	 2.77442851
14/03/2010 	18.43733   	28.67747   	22.63856   	 3.26238642
15/03/2010 	18.27083   	29.06283   	23.29813   	 3.75795883
16/03/2010 	17.57006   	29.38701   	22.39047   	 4.26745435
17/03/2010 	17.21274   	27.57593   	21.57906   	 4.50502409
18/03/2010 	17.78701   	28.33698   	21.58531   	 4.75659120
19/03/2010 	19.26639   	25.04702   	21.43539   	 5.12906550
20/03/2010 	19.01184   	24.12235   	21.25112   	 5.46848130
21/03/2010 	19.28451   	23.67285   	21.46010   	 6.03861759
22/03/2010 	19.75523   	25.26095   	22.02859   	 6.36916503
23/03/2010 	19.12402   	23.87143   	21.90184   	 6.35942785
24/03/2010 	19.15622   	23.18167   	21.65322   	 6.74783552
25/03/2010 	20.38896   	23.88172   	21.85006   	 7.10951213
26/03/2010 	18.28641   	24.01217   	21.71538   	 7.43519719
27/03/2010 	18.63866   	24.88287   	22.45039   	 7.23738595
28/03/2010 	20.42155   	24.75144   	23.07067   	 7.13735099
29/03/2010 	19.93819   	24.17495   	22.36929   	 7.44497922
30/03/2010 	18.29527   	25.12639   	21.82967   	 7.78518743
31/03/2010 	20.41352   	26.79174   	24.17126   	 7.05237750
01/04/2010 	24.37635   	27.16252   	25.25238   	 6.59337859
02/04/2010 	24.40539   	26.52572   	25.15895   	 6.52854624
03/04/2010 	24.33087   	26.44858   	25.16505   	 6.78628397
04/04/2010 	23.85565   	26.62529   	25.18054   	 6.98856897
05/04/2010 	23.19483   	26.64097   	24.99931   	 7.05444418
06/04/2010 	23.53392   	26.25517   	24.88494   	 7.42793870
07/04/2010 	21.63204   	26.52616   	24.49741   	 7.91254134
08/04/2010 	20.16320   	26.38293   	23.32857   	 8.34170653
09/04/2010 	20.39225   	25.84066   	23.01361   	 8.79000884
10/04/2010 	20.37295   	25.51602   	23.19363   	 9.07746629
11/04/2010 	21.46869   	26.06536   	23.50173   	 8.86090805
12/04/2010 	21.07084   	26.79208   	23.37334   	 8.56352514
13/04/2010 	21.47858   	27.38900   	24.21237   	 8.52145729
14/04/2010 	22.01495   	27.89353   	24.85048   	 8.49415191
15/04/2010 	22.65766   	28.47334   	25.42173   	 8.61716904
16/04/2010 	22.93921   	29.10150   	25.91495   	 8.65432644
17/04/2010 	22.79681   	29.45206   	25.79416   	 8.95873928
18/04/2010 	21.97212   	29.60110   	25.75348   	 9.47623722
19/04/2010 	23.85215   	30.11676   	26.90492   	 9.62336991
20/04/2010 	24.26499   	30.18748   	26.78870   	 9.64533633
21/04/2010 	24.61720   	30.42072   	27.40153   	 8.66874743
22/04/2010 	23.49679   	31.03448   	27.34866   	 8.29480745
23/04/2010 	23.59491   	31.55237   	27.32494   	 8.94809688
24/04/2010 	24.54677   	31.36803   	27.39626   	 9.57273529
25/04/2010 	25.19152   	30.92908   	27.06030   	 9.86467920
26/04/2010 	25.58421   	29.94618   	27.10281   	10.26538545
27/04/2010 	26.05861   	30.41599   	27.76603   	10.76498451
28/04/2010 	26.10943   	30.28551   	27.56210   	11.24770947
29/04/2010 	26.48975   	29.60076   	27.69427   	11.69999729
30/04/2010 	26.74589   	30.14644   	28.16121   	12.02753333
01/05/2010 	26.88949   	30.26671   	28.15678   	12.03606721
02/05/2010 	26.52596   	31.06550   	28.67961   	11.59832545
03/05/2010 	23.65869   	32.07664   	28.36445   	10.21041769
04/05/2010 	23.48144   	32.20937   	29.19717   	 9.68052936
05/05/2010 	23.77397   	32.10884   	28.23377   	10.04946850
06/05/2010 	24.86926   	32.02443   	28.91238   	 9.94573704
07/05/2010 	25.60624   	31.77567   	28.59954   	 9.59728748
08/05/2010 	24.83505   	29.70213   	27.14637   	 9.64404782
09/05/2010 	26.10547   	31.55806   	27.89303   	 9.96027736
10/05/2010 	26.27933   	31.72667   	28.64594   	10.13602751
11/05/2010 	26.15677   	31.80403   	29.00695   	10.02420141
12/05/2010 	26.38177   	32.02938   	29.56033   	 9.33839879
13/05/2010 	25.53451   	32.40633   	29.17867   	 9.27707509
14/05/2010 	25.11952   	32.42876   	28.84576   	 9.68607630
15/05/2010 	26.44584   	32.35449   	29.26926   	10.18671171
16/05/2010 	25.82045   	32.38689   	29.30973   	10.55873017
17/05/2010 	25.30564   	32.53544   	28.86367   	10.90240949
18/05/2010 	26.87996   	32.58897   	29.66564   	11.43930417
19/05/2010 	26.06458   	32.47376   	29.61039   	12.04419563
20/05/2010 	25.41783   	32.40435   	29.16079   	12.78280524
21/05/2010 	25.57048   	32.65289   	29.22527   	13.70650367
22/05/2010 	26.05060   	32.67976   	29.51219   	14.23936800
23/05/2010 	24.82857   	32.54173   	28.34679   	14.76878484
24/05/2010 	24.94256   	32.69481   	28.07679   	15.32414367
25/05/2010 	25.06277   	32.90680   	29.04452   	15.44684078
26/05/2010 	25.80440   	32.90385   	29.48950   	14.81136038
27/05/2010 	26.27783   	32.79370   	29.35678   	14.37032932
28/05/2010 	26.47080   	32.70208   	29.28705   	14.42537510
29/05/2010 	27.07582   	32.73910   	29.56288   	14.40838859
30/05/2010 	27.56050   	32.40729   	29.15848   	14.53472936
31/05/2010 	27.69994   	32.83555   	30.12843   	14.22783953
01/06/2010 	27.80963   	32.49492   	30.08341   	14.55899326
02/06/2010 	28.21876   	31.88719   	29.88046   	15.08839790
03/06/2010 	27.82406   	31.67581   	29.75004   	15.66932849
04/06/2010 	27.36150   	31.27865   	29.24957   	16.19719338
05/06/2010 	27.08023   	30.06506   	28.61444   	16.58598578
06/06/2010 	26.23833   	28.78909   	27.80711   	16.93350053
07/06/2010 	26.85685   	28.33548   	27.80245   	17.01633767
08/06/2010 	23.94579   	27.95956   	26.53955   	17.14926918
09/06/2010 	23.31988   	27.35604   	26.26589   	17.49140624
10/06/2010 	24.80847   	27.93539   	26.55508   	17.78294488
11/06/2010 	25.24132   	29.03845   	27.39564   	18.01330829
12/06/2010 	26.56441   	29.58525   	28.09839   	17.79723624
13/06/2010 	26.03127   	31.22331   	28.14091   	17.37166154
14/06/2010 	26.09882   	31.58820   	28.80067   	17.22176874
15/06/2010 	25.57729   	32.05959   	29.28142   	16.72337157
16/06/2010 	25.33722   	32.62099   	29.42616   	16.15544762
17/06/2010 	25.52650   	32.61997   	29.54022   	16.15965527
18/06/2010 	26.58622   	32.79005   	30.02602   	15.91406089
19/06/2010 	28.42744   	32.98736   	30.88197   	14.45532999
20/06/2010 	28.15304   	33.10048   	31.23660   	13.44945316
21/06/2010 	28.71354   	33.06194   	31.00727   	14.22847126
22/06/2010 	28.67727   	32.98963   	30.79880   	15.14281597
23/06/2010 	27.84706   	32.92928   	30.46306   	16.13428368
24/06/2010 	29.39064   	32.92424   	30.87755   	16.96477167
25/06/2010 	29.78428   	32.94605   	31.17832   	17.47395929
26/06/2010 	29.91567   	32.91779   	31.37958   	18.12917300
27/06/2010 	30.18626   	32.94869   	31.54096   	18.54466669
28/06/2010 	30.24384   	32.93541   	31.68111   	19.43561653
29/06/2010 	30.35639   	32.99429   	31.71992   	19.91107488
30/06/2010 	30.46147   	33.06908   	31.76164   	20.08959568
01/07/2010 	30.48272   	33.08598   	31.77131   	20.19110974
02/07/2010 	29.29646   	33.09066   	31.56918   	20.64726067
03/07/2010 	29.18768   	33.08556   	31.24740   	21.20065173
04/07/2010 	30.23767   	33.09306   	31.60139   	21.54016284
05/07/2010 	29.94982   	33.12212   	31.45917   	21.59991113
06/07/2010 	30.19167   	33.33088   	31.77984   	21.39619092
07/07/2010 	30.19887   	33.30555   	31.61324   	20.72088798
08/07/2010 	29.91401   	33.35859   	31.33812   	20.64703182
09/07/2010 	30.12651   	33.41477   	31.47257   	20.74726868
10/07/2010 	30.32244   	33.08651   	31.54157   	21.36544176
11/07/2010 	30.66865   	32.55624   	31.27816   	22.10101668
12/07/2010 	30.77319   	31.61004   	31.13731   	22.15892200
13/07/2010 	30.56694   	31.77382   	31.13383   	21.90367909
14/07/2010 	30.18483   	32.24339   	31.11555   	21.85982470
15/07/2010 	28.53435   	31.97412   	30.44376   	21.51541666
16/07/2010 	28.16096   	30.57326   	29.32036   	20.61273189
17/07/2010 	26.93415   	30.01744   	28.71905   	20.39037021
18/07/2010 	27.35138   	29.15011   	28.69584   	20.15221858
19/07/2010 	28.25019   	30.23288   	29.02345   	20.05242614
20/07/2010 	28.47987   	30.29893   	29.43658   	20.20044776
21/07/2010 	28.89378   	30.20470   	29.53789   	20.55976435
22/07/2010 	29.17776   	30.22173   	29.61640   	20.49529004
23/07/2010 	29.26942   	30.73418   	29.84271   	20.60857574
24/07/2010 	29.44980   	30.74492   	29.95565   	20.28529477
25/07/2010 	29.53545   	30.42604   	29.87269   	20.16620175
26/07/2010 	29.59711   	30.58613   	30.06111   	20.20362711
27/07/2010 	29.22265   	31.27361   	30.07842   	20.16534317
28/07/2010 	29.46916   	31.13949   	30.16796   	20.42499534
29/07/2010 	29.16462   	31.41994   	30.30706   	20.33768821
30/07/2010 	28.50275   	31.63639   	30.31533   	19.98787411
31/07/2010 	28.51637   	31.89370   	30.07980   	19.87881708
01/08/2010 	28.28105   	31.97761   	30.09429   	19.92439091
02/08/2010 	28.04127   	32.06699   	30.16029   	20.30589259
03/08/2010 	28.72448   	32.01844   	30.31245   	20.39019640
04/08/2010 	28.43273   	31.66122   	29.67606   	20.17797216
05/08/2010 	28.76874   	31.75339   	29.59976   	19.78105354
06/08/2010 	26.47739   	32.10438   	29.37896   	19.51951738
07/08/2010 	25.96152   	30.21601   	27.88813   	19.55952676
08/08/2010 	25.03492   	29.61575   	27.80398   	19.57102478
09/08/2010 	26.97622   	29.92472   	28.10019   	19.48533559
10/08/2010 	26.70664   	28.50236   	27.88475   	19.61680551
11/08/2010 	26.84547   	28.54349   	27.85915   	19.61440651
12/08/2010 	24.95465   	28.73290   	27.73741   	19.61935786
13/08/2010 	25.14315   	28.57867   	27.29837   	19.31643975
14/08/2010 	25.77992   	28.50897   	27.48564   	19.50225282
15/08/2010 	25.42285   	29.73385   	27.29269   	19.30274900
16/08/2010 	24.06582   	30.91489   	27.45244   	19.20988933
17/08/2010 	24.44028   	29.87852   	26.86952   	19.27378142
18/08/2010 	24.52191   	30.62788   	26.65575   	18.78008560
19/08/2010 	21.75963   	27.37136   	25.08202   	18.55693181
20/08/2010 	19.87711   	25.33426   	22.89651   	18.63996991
21/08/2010 	20.47375   	25.48659   	23.43272   	18.92998489
22/08/2010 	20.56261   	26.19041   	23.19242   	19.25066753
23/08/2010 	21.67142   	26.93700   	23.85239   	19.35860284
24/08/2010 	23.07863   	28.03026   	25.93371   	18.98993285
25/08/2010 	22.83210   	27.42719   	25.42892   	18.30788147
26/08/2010 	22.97515   	26.89836   	25.08217   	17.30975260
27/08/2010 	22.76160   	26.03441   	24.81329   	16.32490673
28/08/2010 	23.84164   	28.13173   	25.35798   	16.45549291
29/08/2010 	23.96803   	27.98415   	25.35054   	16.03140946
30/08/2010 	23.87848   	28.05710   	26.36491   	15.21502688
31/08/2010 	22.57012   	29.46212   	26.66600   	16.01957987
01/09/2010 	21.33628   	28.77150   	25.09009   	15.95165320
02/09/2010 	21.37623   	28.92430   	25.10358   	16.15639855
03/09/2010 	20.70111   	28.79227   	24.49102   	16.22967913
04/09/2010 	19.74595   	25.67962   	22.72704   	16.32868832
05/09/2010 	18.85251   	25.05679   	21.16919   	16.19204440
06/09/2010 	13.17257   	20.67427   	18.11531   	15.70014183
07/09/2010 	10.66724   	20.68636   	17.92388   	15.00853233
08/09/2010 	12.06600   	21.38203   	18.71848   	15.13076029
09/09/2010 	12.71408   	24.12049   	19.80689   	15.64147433
10/09/2010 	13.38644   	23.28074   	19.33957   	15.90392462
11/09/2010 	15.70508   	24.24932   	20.56900   	16.35426476
12/09/2010 	17.02461   	23.33537   	20.74451   	16.71798495
13/09/2010 	17.38521   	22.83021   	20.39320   	16.59905831
14/09/2010 	20.80513   	24.78181   	22.85169   	16.87152060
15/09/2010 	21.05840   	25.10061   	23.69527   	16.52783563
16/09/2010 	19.50486   	25.94119   	22.77248   	15.77435825
17/09/2010 	19.78873   	28.29596   	23.26973   	14.92461350
18/09/2010 	20.66445   	28.49120   	23.97922   	13.75124643
19/09/2010 	18.74035   	28.42517   	22.13929   	13.81105735
20/09/2010 	19.20956   	24.48395   	21.97606   	14.63812385
21/09/2010 	18.86431   	24.14868   	20.84524   	14.83338412
22/09/2010 	19.30877   	22.40339   	20.22983   	14.99933054
23/09/2010 	16.61114   	22.13108   	19.69391   	15.33982501
24/09/2010 	17.25149   	22.04061   	20.03140   	15.55753219
25/09/2010 	19.17856   	25.95356   	22.11873   	14.64752265
26/09/2010 	20.43881   	26.84971   	22.95606   	13.94751139
27/09/2010 	20.43817   	26.79589   	23.10119   	13.84672795
28/09/2010 	20.56974   	24.48392   	22.06132   	13.94522931
29/09/2010 	18.60188   	22.33957   	20.40403   	13.63289219
30/09/2010 	15.18998   	21.19577   	18.64503   	13.26116045
01/10/2010 	16.79410   	21.17902   	18.95232   	13.55441209
02/10/2010 	19.15549   	21.30488   	20.33341   	14.11930805
03/10/2010 	20.40518   	22.70212   	21.79207   	14.87398956
04/10/2010 	19.83799   	23.88256   	21.69423   	15.26506462
05/10/2010 	19.70054   	23.54670   	21.51305   	15.54995000
06/10/2010 	19.57618   	24.37762   	22.68617   	15.61837425
07/10/2010 	19.29744   	23.73089   	21.90282   	15.58635650
08/10/2010 	19.44691   	23.24480   	21.74129   	15.63755707
09/10/2010 	20.20046   	22.66392   	21.60154   	15.24026841
10/10/2010 	17.77619   	22.62656   	20.49446   	14.42370399
11/10/2010 	18.03599   	24.33756   	21.48842   	13.57126800
12/10/2010 	20.06730   	27.04427   	22.72685   	13.42245575
13/10/2010 	20.59700   	26.92878   	23.44892   	13.46131589
14/10/2010 	20.66113   	27.80804   	24.28673   	13.41561123
15/10/2010 	21.06040   	28.03994   	24.58652   	13.08186124
16/10/2010 	20.72223   	28.94154   	26.53819   	11.98918116
17/10/2010 	19.78865   	26.42652   	22.74200   	10.86591583
18/10/2010 	19.67677   	23.42257   	21.56682   	10.94210158
19/10/2010 	22.10288   	24.65004   	22.97487   	11.30426947
20/10/2010 	22.02674   	29.68340   	24.89011   	 9.89090074
21/10/2010 	21.15245   	29.62479   	24.18066   	 9.50694948
22/10/2010 	20.57022   	24.24956   	22.18947   	 9.84490496
23/10/2010 	20.82464   	25.86577   	23.17482   	10.09691221
24/10/2010 	21.33691   	25.90701   	23.64723   	 9.49334212
25/10/2010 	21.40104   	29.44709   	25.38895   	 8.38983627
26/10/2010 	21.84313   	28.79587   	24.72442   	 8.15686149
27/10/2010 	21.97181   	24.54975   	23.21721   	 8.77595158
28/10/2010 	21.60514   	25.36713   	23.16563   	 9.46941155
29/10/2010 	20.39128   	25.04396   	21.94686   	 9.61815904
30/10/2010 	20.88101   	26.20736   	23.34859   	10.18075001
31/10/2010 	21.20809   	26.33830   	22.49072   	10.19090567
01/11/2010 	19.93704   	25.93315   	22.34505   	10.21285458
02/11/2010 	20.71912   	25.35009   	23.59144   	10.44757175
03/11/2010 	23.55483   	27.48762   	25.78347   	10.99395299
04/11/2010 	23.28547   	27.08252   	25.77401   	11.24429119
05/11/2010 	24.76388   	27.43356   	26.12015   	11.61265335
06/11/2010 	24.66871   	27.07708   	26.08847   	11.59283028
07/11/2010 	24.42658   	26.91059   	25.73555   	11.06356992
08/11/2010 	23.39664   	25.89769   	24.92168   	 9.63962404
09/11/2010 	16.46213   	24.59479   	22.16148   	 8.27085423
10/11/2010 	18.05067   	27.04382   	22.58670   	 7.97365595
11/11/2010 	22.36238   	26.04623   	23.92046   	 8.08858000
12/11/2010 	24.55807   	30.95056   	27.69597   	 9.65727633
13/11/2010 	21.84032   	30.99837   	26.87090   	 9.28781911
14/11/2010 	21.01696   	29.21778   	25.15791   	 9.08812014
15/11/2010 	23.64066   	28.94205   	25.46041   	 8.90475001
16/11/2010 	21.22867   	29.02477   	24.88275   	 8.46405403
17/11/2010 	20.91323   	26.45682   	24.36437   	 7.71960879
18/11/2010 	21.60213   	25.29819   	24.02374   	 7.21445799
19/11/2010 	19.33522   	24.40122   	22.20366   	 6.95596577
20/11/2010 	18.19701   	23.90546   	21.55738   	 6.88153556
21/11/2010 	17.68367   	23.51507   	20.83401   	 6.68690456
22/11/2010 	18.53342   	23.05532   	21.15039   	 6.59229528
23/11/2010 	20.47861   	28.21253   	23.63818   	 6.54999863
24/11/2010 	20.31520   	28.83691   	24.58073   	 6.23259435
25/11/2010 	20.58195   	29.13479   	24.73298   	 5.89386168
26/11/2010 	21.55739   	27.55433   	24.60690   	 5.19670833
27/11/2010 	21.25665   	25.34596   	22.90237   	 4.26188029
28/11/2010 	16.31635   	22.99092   	20.27388   	 3.31036380
29/11/2010 	14.25198   	22.38305   	18.64556   	 2.60124128
30/11/2010 	13.26784   	21.07868   	17.76356   	 1.94132190
01/12/2010 	13.62929   	21.71349   	19.39243   	 0.79306518
02/12/2010 	17.52634   	23.99260   	21.36582   	 1.20503548
03/12/2010 	20.15176   	25.69103   	22.73497   	 1.19600009
04/12/2010 	20.97291   	25.39812   	24.13798   	 2.14094550
05/12/2010 	23.60945   	26.57047   	24.84781   	 2.75190389
06/12/2010 	23.30043   	25.88080   	24.56538   	 2.67918639
07/12/2010 	23.47229   	26.07837   	24.84752   	 2.05796965
08/12/2010 	24.14413   	27.44921   	25.71489   	 1.51595008
09/12/2010 	24.51656   	29.57605   	26.46091   	 1.53766742
10/12/2010 	23.38050   	29.59682   	26.53345   	 1.96190016
11/12/2010 	23.71378   	29.49061   	26.43668   	 3.05049175
12/12/2010 	24.80247   	31.06306   	28.59360   	 4.39221873
13/12/2010 	24.30550   	30.77935   	27.66231   	 3.52287824
14/12/2010 	25.81204   	30.31118   	28.65300   	 2.89086215
15/12/2010 	24.33726   	30.69367   	28.76004   	 2.66932529
16/12/2010 	23.57785   	29.33738   	25.85676   	 2.38329724
17/12/2010 	23.19610   	30.09890   	26.36084   	 2.26001067
18/12/2010 	20.87915   	29.20240   	23.64506   	 1.73722440
19/12/2010 	22.28691   	24.71901   	23.25083   	 0.74166171
20/12/2010 	20.29998   	24.17600   	23.32350   	 0.15791314
21/12/2010 	20.33603   	24.25062   	22.79674   	-0.36530772
22/12/2010 	19.55329   	23.77773   	21.95280   	-0.63069624
23/12/2010 	18.45379   	29.62763   	23.13239   	-0.40409751
24/12/2010 	22.40291   	30.56716   	27.20513   	 0.29875201
25/12/2010 	22.61352   	30.87320   	27.60638   	-0.03035038
26/12/2010 	22.20708   	30.83122   	26.39203   	-0.10355342
27/12/2010 	21.36517   	30.73423   	25.43115   	 0.08897657
28/12/2010 	20.52159   	30.81553   	24.54856   	 0.18976649
29/12/2010 	20.75075   	28.28697   	24.06881   	 0.15173712
30/12/2010 	20.36869   	27.57334   	23.45341   	 0.16154526
31/12/2010 	21.30651   	27.48997   	23.65737   	 0.43289361
01/01/2011 	21.73873   	29.83867   	24.52346   	 0.94494396
02/01/2011 	22.34706   	30.28306   	25.17426   	 1.27110901
03/01/2011 	21.48430   	30.51411   	25.41235   	 1.31630182
04/01/2011 	20.39320   	29.28544   	23.76436   	 1.20267147
05/01/2011 	18.36459   	22.96458   	21.02947   	 0.94959260
06/01/2011 	19.03415   	25.36072   	21.64196   	 1.22034595
07/01/2011 	19.88717   	24.38394   	21.34584   	 1.32734329
08/01/2011 	19.59498   	24.84988   	22.23082   	 2.21309658
09/01/2011 	19.35873   	24.95207   	22.80013   	 2.47159238
10/01/2011 	18.88437   	24.43406   	21.49322   	 2.19728241
11/01/2011 	20.44064   	26.57291   	22.50834   	 2.13467990
12/01/2011 	20.18448   	26.63763   	22.33251   	 2.29166909
13/01/2011 	19.99070   	25.25153   	22.40414   	 2.67308427
14/01/2011 	21.36071   	25.22162   	23.88298   	 3.23130182
15/01/2011 	23.35964   	26.43806   	24.83883   	 3.51208087
16/01/2011 	24.92068   	27.70178   	26.28314   	 3.85975744
17/01/2011 	20.45831   	27.66759   	24.99321   	 4.29013527
18/01/2011 	20.28219   	25.63826   	23.28991   	 4.36090139
19/01/2011 	21.76739   	25.08628   	23.77183   	 4.37240156
20/01/2011 	20.61657   	24.85291   	22.92429   	 4.10262719
21/01/2011 	17.93574   	24.61589   	21.84507   	 3.77779194
22/01/2011 	17.99617   	25.98806   	21.95023   	 3.84986786
23/01/2011 	17.50693   	26.37005   	22.00793   	 4.02600547
24/01/2011 	15.30988   	27.04382   	21.96716   	 4.25948022
25/01/2011 	16.08590   	26.88025   	21.06678   	 4.28506791
26/01/2011 	13.43513   	28.21412   	20.83135   	 3.97258219
27/01/2011 	15.02867   	25.49764   	20.65193   	 3.00671089
28/01/2011 	14.21477   	20.91716   	17.62837   	 1.58159714
29/01/2011 	13.34757   	19.30432   	16.37030   	 0.67295534
30/01/2011 	14.07140   	23.56007   	17.46017   	 0.62991084
31/01/2011 	14.44341   	21.10853   	17.39034   	 0.95574600
01/02/2011 	13.61001   	21.70683   	17.37634   	 1.28432675
02/02/2011 	14.11345   	22.38250   	17.61952   	 1.96354007
03/02/2011 	16.85472   	23.80965   	20.26063   	 2.84631845
04/02/2011 	18.64029   	29.81697   	24.25402   	 3.54696258
05/02/2011 	26.64576   	29.80004   	28.65057   	 4.29449820
06/02/2011 	28.48899   	29.29139   	29.06338   	 4.64993878
07/02/2011 	28.55343   	29.28254   	29.07963   	 4.85237289
08/02/2011 	25.25405   	29.07204   	28.39726   	 4.81777373
09/02/2011 	23.97746   	29.05094   	26.84395   	 4.71858548
10/02/2011 	22.30465   	28.78195   	25.52517   	 4.86231261
11/02/2011 	22.86046   	28.94259   	25.51378   	 4.95157891
12/02/2011 	24.08688   	27.13131   	25.30886   	 4.58572046
13/02/2011 	21.89303   	25.48426   	23.84280   	 4.58698465
14/02/2011 	21.61027   	24.18048   	23.06424   	 4.68823002
15/02/2011 	20.51515   	24.13793   	22.52953   	 4.67824139
16/02/2011 	20.85961   	24.08560   	22.64716   	 4.65823669
17/02/2011 	21.32148   	23.99246   	22.61851   	 4.53522084
18/02/2011 	18.56692   	23.54167   	21.74896   	 3.99346576
19/02/2011 	15.66753   	22.52146   	20.27714   	 3.19159079
20/02/2011 	14.40694   	22.28162   	19.71797   	 2.45790482
21/02/2011 	13.84293   	22.33452   	19.04230   	 1.57368380
22/02/2011 	13.36356   	22.75651   	19.21467   	 0.87493633
23/02/2011 	14.83751   	22.46804   	20.52975   	 1.05712433
24/02/2011 	21.31667   	23.30042   	22.25080   	 1.72674606
25/02/2011 	20.05310   	23.70178   	22.27349   	 2.12972502
26/02/2011 	22.01297   	24.86910   	23.27734   	 2.75224466
27/02/2011 	21.31679   	25.30437   	23.45800   	 3.32444617
28/02/2011 	19.92621   	23.62796   	21.80832   	 3.32574240
01/03/2011 	19.23486   	22.97103   	21.42754   	 3.17352075
02/03/2011 	18.91964   	25.74225   	21.70699   	 2.77993125
03/03/2011 	20.40080   	25.71589   	21.88440   	 2.45138293
04/03/2011 	19.92259   	26.19567   	22.53324   	 2.36271570
05/03/2011 	20.85809   	27.14087   	23.24547   	 2.71623455
06/03/2011 	20.84072   	29.17319   	24.67257   	 3.07263458
07/03/2011 	20.62685   	27.59795   	24.10198   	 2.93559339
08/03/2011 	21.12467   	26.83587   	23.58708   	 2.89090731
09/03/2011 	21.79573   	24.69098   	22.94403   	 3.31232196
10/03/2011 	21.64869   	25.46929   	23.04045   	 3.80832884
11/03/2011 	19.62583   	25.79408   	23.42482   	 4.08940892
12/03/2011 	18.58656   	24.74878   	21.56830   	 4.16866157
13/03/2011 	19.73052   	25.03133   	21.81759   	 4.57249179
14/03/2011 	20.32579   	24.52573   	22.29770   	 5.00010387
15/03/2011 	19.39272   	24.32616   	22.36178   	 5.45379199
16/03/2011 	15.56476   	24.79372   	21.66783   	 5.78320037
17/03/2011 	14.92598   	25.11399   	21.51576   	 5.75438918
18/03/2011 	18.12195   	24.64255   	22.17618   	 5.77152053
19/03/2011 	19.79061   	27.27361   	23.56851   	 5.77744063
20/03/2011 	22.34015   	27.21502   	24.50613   	 5.86243080
21/03/2011 	23.02892   	27.93024   	25.02430   	 6.02339796
22/03/2011 	23.50953   	28.96428   	25.85913   	 6.35781199
23/03/2011 	23.63854   	29.85419   	26.43430   	 6.78475739
24/03/2011 	23.79828   	29.42628   	26.48214   	 7.13405423
25/03/2011 	24.21367   	29.86263   	26.67644   	 7.44501032
26/03/2011 	24.81315   	30.45259   	27.35734   	 7.40589796
27/03/2011 	24.76873   	29.86581   	27.01446   	 6.96514598
28/03/2011 	25.40623   	29.92557   	27.19284   	 6.85393067
29/03/2011 	25.25852   	29.15337   	26.78875   	 6.90398504
30/03/2011 	25.38541   	28.72257   	26.66618   	 7.16512878
31/03/2011 	25.35731   	28.54909   	26.42511   	 7.48367306
01/04/2011 	25.07555   	25.76336   	25.46732   	 7.79963427
02/04/2011 	25.23837   	26.74607   	25.60409   	 8.24329308
03/04/2011 	25.33197   	26.88619   	25.90076   	 8.74976081
04/04/2011 	25.43052   	27.96781   	26.24538   	 9.09989597
05/04/2011 	25.41766   	26.91550   	26.17287   	 8.86460988
06/04/2011 	26.01562   	26.70864   	26.39318   	 8.86653459
07/04/2011 	26.04304   	26.76494   	26.40550   	 9.42190289
08/04/2011 	25.91967   	26.92248   	26.32846   	10.02201132
09/04/2011 	25.95994   	29.05410   	27.04318   	10.35243456
10/04/2011 	26.10863   	29.37663   	27.70528   	10.36464479
11/04/2011 	26.53852   	29.31560   	27.79746   	10.56677985
12/04/2011 	26.29274   	29.28500   	27.85715   	10.41220897
13/04/2011 	26.33214   	29.52287   	27.84943   	10.45111221
14/04/2011 	26.67304   	30.30173   	27.86086   	10.31979428
15/04/2011 	26.44524   	30.37108   	28.16443   	10.13304238
16/04/2011 	26.55057   	30.37108   	28.37246   	10.51563493
17/04/2011 	27.30980   	30.30588   	28.72178   	10.90240626
18/04/2011 	27.89149   	30.45189   	29.09301   	11.25426499
19/04/2011 	28.10652   	30.55270   	29.28581   	11.57929883
20/04/2011 	27.71445   	30.66366   	29.27327   	12.09993267
21/04/2011 	28.18939   	30.92742   	29.51337   	12.56235904
22/04/2011 	28.38552   	31.07714   	29.68393   	12.99370704
23/04/2011 	28.56447   	31.11199   	29.79359   	13.41029650
24/04/2011 	28.61926   	31.10554   	29.85779   	13.89985985
25/04/2011 	27.98921   	31.09636   	29.80158   	14.31826450
26/04/2011 	28.51554   	31.26712   	30.18917   	14.01776357
27/04/2011 	28.64578   	31.27006   	30.29429   	12.93848928
28/04/2011 	28.73152   	31.28925   	30.19176   	12.52150804
29/04/2011 	29.33720   	31.31467   	30.41863   	12.58501860
30/04/2011 	29.53720   	31.33214   	30.55152   	12.11063369
01/05/2011 	29.79518   	31.31039   	30.53363   	11.74765285
02/05/2011 	29.52750   	31.43010   	30.67948   	11.32695822
03/05/2011 	29.52370   	31.70529   	30.63495   	10.78499415
04/05/2011 	30.05603   	31.86576   	30.99110   	10.92938395
05/05/2011 	30.51163   	32.02785   	31.33035   	11.25425671
06/05/2011 	30.66931   	32.01050   	31.43873   	11.91102314
07/05/2011 	30.77211   	31.98609   	31.48699   	12.56411942
08/05/2011 	30.70133   	32.00081   	31.48850   	13.05498999
09/05/2011 	30.55158   	32.01690   	31.41636   	13.50225751
10/05/2011 	30.70417   	32.04862   	31.54833   	14.02848202
11/05/2011 	30.62327   	32.07827   	31.61925   	14.67201732
12/05/2011 	30.69697   	32.12325   	31.61573   	15.21496346
13/05/2011 	30.92886   	32.22528   	31.70321   	15.42401652
14/05/2011 	31.06623   	32.31284   	31.76379   	15.35940423
15/05/2011 	31.16140   	32.50068   	31.84856   	14.49250287
16/05/2011 	31.28827   	32.52799   	31.75637   	14.04097297
17/05/2011 	31.19418   	32.43409   	31.63424   	14.23062613
18/05/2011 	31.05716   	32.48194   	31.65656   	14.34648643
19/05/2011 	30.91575   	32.42968   	31.51610   	14.73134245
20/05/2011 	31.04829   	32.49224   	31.87900   	15.15937432
21/05/2011 	31.19997   	32.46095   	31.94154   	15.78708980
22/05/2011 	31.17689   	32.41452   	31.86291   	16.24367378
23/05/2011 	30.91075   	32.44223   	31.45710   	15.98472474
24/05/2011 	30.70416   	31.40277   	30.94866   	15.68040188
25/05/2011 	30.69955   	31.45878   	30.97146   	15.62422127
26/05/2011 	30.54317   	31.26805   	30.84287   	15.58335421
27/05/2011 	30.42426   	30.64858   	30.53829   	14.83272475
28/05/2011 	30.41715   	30.60069   	30.49885   	14.66811448
29/05/2011 	30.43831   	30.62113   	30.53480   	15.28236103
30/05/2011 	30.41736   	30.61665   	30.48995   	15.56407551
31/05/2011 	30.36592   	30.62559   	30.47747   	15.82681358
01/06/2011 	30.22809   	30.90056   	30.48943   	15.98689687
02/06/2011 	30.39423   	31.05739   	30.64749   	16.27702389
03/06/2011 	30.51806   	31.31044   	31.03943   	16.71635024
04/06/2011 	30.85185   	31.31651   	31.15598   	16.98303739
05/06/2011 	31.06334   	31.52384   	31.25094   	16.33400255
06/06/2011 	30.94278   	31.34135   	31.18557   	16.30902078
07/06/2011 	31.03303   	31.35643   	31.22114   	16.64076255
08/06/2011 	31.03954   	31.34670   	31.22438   	17.06900163
09/06/2011 	30.57900   	31.30231   	31.10656   	16.83597022
10/06/2011 	30.69230   	31.39168   	31.14328   	16.92080381
11/06/2011 	30.66580   	31.40499   	31.08173   	16.89430829
12/06/2011 	29.82938   	31.61325   	30.98803   	16.75789766
13/06/2011 	30.29986   	31.60759   	30.71603   	16.75852617
14/06/2011 	30.19924   	31.64779   	30.70935   	17.20519722
15/06/2011 	30.39674   	31.66686   	31.00684   	17.60592930
16/06/2011 	30.31257   	31.50224   	30.76456   	17.68953915
17/06/2011 	30.29864   	31.49162   	30.89004   	17.79152966
18/06/2011 	29.51077   	31.36779   	30.47084   	17.21004935
19/06/2011 	29.48557   	30.57592   	29.99029   	16.64277452
20/06/2011 	29.76260   	30.66058   	30.17777   	16.39287976
21/06/2011 	29.75151   	30.80975   	30.17396   	16.86387175
22/06/2011 	29.77085   	30.55976   	29.95115   	17.13806822
23/06/2011 	29.78137   	29.95338   	29.82884   	17.26990740
24/06/2011 	29.51886   	29.83183   	29.76868   	17.24807401
25/06/2011 	27.59961   	29.82192   	29.26132   	17.11852849
26/06/2011 	28.04708   	29.79297   	29.32876   	17.77339550
27/06/2011 	28.21522   	29.83335   	29.18600   	18.74881057
28/06/2011 	28.55050   	30.18332   	29.50341   	19.42124033
29/06/2011 	29.38153   	30.22992   	29.77259   	19.77978504
30/06/2011 	29.01523   	30.39913   	29.74390   	19.55511181
01/07/2011 	29.06278   	30.61455   	29.82742   	18.42054423
02/07/2011 	27.93438   	30.77222   	29.76660   	17.55514566
03/07/2011 	26.80581   	31.11022   	29.67629   	16.76684016
04/07/2011 	26.66776   	31.07879   	29.31786   	17.04290183
05/07/2011 	26.99186   	30.96290   	29.27820   	17.61268882
06/07/2011 	28.10975   	30.89231   	29.11450   	18.07443023
07/07/2011 	27.83929   	30.92849   	29.12385   	18.05854976
08/07/2011 	27.40532   	30.89738   	28.68809   	18.35560950
09/07/2011 	27.51452   	30.77874   	28.10809   	18.47496124
10/07/2011 	27.30712   	29.88587   	27.88041   	18.51987076
11/07/2011 	27.46733   	31.01064   	28.71266   	19.09079691
12/07/2011 	27.56225   	31.01271   	29.13720   	19.26063550
13/07/2011 	27.35316   	30.80720   	29.22836   	17.59428340
14/07/2011 	27.20011   	30.89000   	29.37174   	17.16419488
15/07/2011 	25.81375   	31.08052   	29.19130   	17.35303211
16/07/2011 	23.37714   	31.13779   	27.30819   	17.48853302
17/07/2011 	23.39914   	27.31428   	25.43157   	17.62605536
18/07/2011 	23.95528   	27.83736   	26.13918   	17.50304242
19/07/2011 	21.86135   	28.61627   	25.23634   	17.30852803
20/07/2011 	21.33525   	27.42661   	25.10392   	17.76516668
21/07/2011 	24.76715   	26.79607   	25.73026   	18.26447777
22/07/2011 	25.27737   	27.64079   	26.20522   	17.79349194
23/07/2011 	23.43753   	27.70634   	25.78234   	16.88832543
24/07/2011 	23.22536   	30.33417   	25.91899   	16.55054551
25/07/2011 	23.64833   	30.73122   	26.65946   	15.96804363
26/07/2011 	22.55029   	29.97268   	25.72833   	16.22883536
27/07/2011 	21.86389   	30.60954   	24.84556   	16.89080552
28/07/2011 	22.26188   	30.71692   	25.62984   	17.49073124
29/07/2011 	23.76487   	30.89461   	26.90579   	17.60863646
30/07/2011 	24.48993   	29.74143   	26.93011   	16.89275269
31/07/2011 	23.64543   	30.42462   	27.09717   	16.58920175
01/08/2011 	22.73771   	30.46939   	26.63281   	17.05293747
02/08/2011 	23.81202   	30.22880   	27.04610   	17.71652424
03/08/2011 	24.82273   	29.92015   	27.08588   	18.34127557
04/08/2011 	23.96595   	29.94135   	26.92752   	18.92499439
05/08/2011 	24.59184   	30.27266   	26.75214   	19.39499938
06/08/2011 	24.65971   	30.36108   	27.20526   	19.79482174
07/08/2011 	24.94248   	29.25409   	26.04904   	19.38137825
08/08/2011 	24.59070   	26.16820   	25.34031   	18.74158271
09/08/2011 	23.65331   	30.33205   	26.31482   	17.50332419
10/08/2011 	24.05620   	30.85226   	26.29824   	16.60221980
11/08/2011 	24.44861   	25.46271   	24.83526   	17.04995799
12/08/2011 	21.52298   	25.24875   	23.96402   	17.43560819
13/08/2011 	21.02910   	24.62069   	23.62762   	17.96794283
14/08/2011 	21.90311   	25.76476   	24.00877   	18.24161088
15/08/2011 	23.33617   	27.29025   	25.02650   	18.46806856
16/08/2011 	22.25953   	27.94350   	25.20690   	18.35253604
17/08/2011 	22.51212   	28.20113   	25.21197   	18.32422916
18/08/2011 	23.33383   	28.23055   	26.02810   	18.15035486
19/08/2011 	23.63004   	28.70575   	26.18340   	18.01478736
20/08/2011 	22.75888   	28.50781   	25.57730   	17.81182889
21/08/2011 	21.62041   	28.80219   	25.13973   	18.06376326
22/08/2011 	23.03148   	29.12182   	25.88153   	18.32736011
23/08/2011 	23.20052   	28.46621   	25.48455   	18.50828942
24/08/2011 	23.66111   	25.78826   	24.64094   	18.81171294
25/08/2011 	22.43527   	25.00931   	23.83927   	18.83816250
26/08/2011 	19.76586   	25.19770   	23.00850   	18.94342883
27/08/2011 	21.55464   	25.17878   	23.59902   	18.66002707
28/08/2011 	22.40961   	25.20697   	24.20526   	18.14258873
29/08/2011 	24.04799   	26.66855   	24.86454   	17.41923912
30/08/2011 	22.12097   	29.04979   	24.76632   	15.69874970
31/08/2011 	22.89746   	28.33998   	25.45247   	15.51966512
01/09/2011 	23.24944   	28.78200   	26.11809   	15.70995843
02/09/2011 	23.46205   	29.12306   	26.25312   	15.96469241
03/09/2011 	23.41941   	29.19299   	25.87423   	16.48650104
04/09/2011 	23.50510   	27.84491   	25.68420   	17.12054058
05/09/2011 	24.10495   	27.49119   	25.08437   	16.99901803
06/09/2011 	24.11784   	29.31667   	26.24464   	17.04861196
07/09/2011 	28.49123   	30.77872   	29.71001   	17.11335103
08/09/2011 	26.24677   	29.83501   	28.64847   	16.34733091
09/09/2011 	23.40647   	29.94016   	27.26066   	16.33446280
10/09/2011 	23.41722   	30.06172   	26.37130   	16.75469728
11/09/2011 	22.78789   	29.95073   	25.90941   	16.98793209
12/09/2011 	22.38558   	28.22487   	26.67289   	16.99931673
13/09/2011 	24.63362   	28.45314   	27.62415   	16.74741554
14/09/2011 	24.07217   	28.55751   	27.58392   	16.11741416
15/09/2011 	24.30674   	29.39826   	27.02913   	15.30448103
16/09/2011 	24.45624   	29.30213   	26.89340   	14.59397336
17/09/2011 	23.97813   	28.34401   	25.82406   	14.92536288
18/09/2011 	21.84319   	25.75171   	24.23090   	15.10350740
19/09/2011 	22.33973   	25.53907   	24.39297   	14.94128470
20/09/2011 	23.02795   	26.20757   	24.46936   	15.25243147
21/09/2011 	24.60746   	26.46016   	25.33418   	15.58490262
22/09/2011 	23.89967   	27.59820   	26.50805   	15.41976428
23/09/2011 	22.03431   	26.94307   	24.96619   	14.99540818
24/09/2011 	20.24785   	27.87373   	24.21399   	14.93108428
25/09/2011 	23.07797   	27.88252   	25.28739   	14.96539702
26/09/2011 	23.79537   	27.49970   	25.39493   	15.20761754
27/09/2011 	24.54989   	26.89129   	25.77455   	15.51285243
28/09/2011 	23.97149   	26.88936   	25.56829   	15.77065225
29/09/2011 	24.59311   	26.91936   	25.50757   	16.30550645
30/09/2011 	23.88592   	26.80510   	25.21492   	16.72506479
01/10/2011 	23.58270   	26.76957   	25.11490   	17.09641385
02/10/2011 	22.60691   	27.51825   	25.10591   	17.39975536
03/10/2011 	22.68430   	27.22002   	24.69488   	17.47778602
04/10/2011 	23.07320   	26.65030   	24.41083   	17.32736429
05/10/2011 	23.87610   	25.37822   	24.33095   	16.97880765
06/10/2011 	24.10928   	28.11936   	26.48427   	16.68911858
07/10/2011 	24.30736   	29.94703   	27.49853   	14.99992293
08/10/2011 	24.19895   	30.67734   	27.48063   	12.57871362
09/10/2011 	22.87952   	29.25879   	25.85257   	12.43116826
10/10/2011 	23.87236   	28.39792   	25.99433   	13.18994667
11/10/2011 	22.60488   	26.84900   	25.27515   	13.69223166
12/10/2011 	23.00719   	27.46136   	25.19518   	13.71434168
13/10/2011 	23.56702   	28.77026   	26.01315   	13.27087526
14/10/2011 	23.57097   	28.25677   	25.92807   	12.78214973
15/10/2011 	22.91224   	26.92424   	24.66601   	11.78185769
16/10/2011 	20.83249   	24.32254   	22.68620   	11.29556632
17/10/2011 	20.53173   	23.32633   	22.12035   	11.59596519
18/10/2011 	21.74232   	26.47762   	23.56149   	12.58309066
19/10/2011 	21.62051   	27.63231   	24.20254   	11.85929273
20/10/2011 	21.83903   	28.44905   	24.81968   	10.03843780
21/10/2011 	21.23538   	28.01682   	23.44746   	 9.95728586
22/10/2011 	18.89027   	24.17374   	21.49978   	10.26565661
23/10/2011 	20.32567   	23.34418   	21.70974   	10.07925864
24/10/2011 	20.28254   	23.78385   	22.37050   	 9.76767508
25/10/2011 	18.64631   	23.60049   	22.73953   	 9.60038656
26/10/2011 	20.84884   	25.01902   	23.87175   	10.02949049
27/10/2011 	23.92365   	24.73538   	24.36716   	10.10745702
28/10/2011 	23.04388   	25.86744   	24.68944   	10.30879937
29/10/2011 	21.63883   	25.25462   	23.84761   	10.28813207
30/10/2011 	22.09410   	25.68443   	24.30303   	10.83037468
31/10/2011 	22.52596   	25.66858   	24.36646   	11.33602548
01/11/2011 	22.35898   	27.10358   	24.52508   	11.44793280
02/11/2011 	22.91856   	27.08598   	24.46371   	11.55239272
03/11/2011 	22.71395   	25.65719   	24.69774   	11.64585296
04/11/2011 	24.32536   	26.52052   	25.69038   	11.92897932
05/11/2011 	24.38868   	26.79644   	25.61250   	12.06408503
06/11/2011 	24.45504   	26.79057   	25.65385   	12.02364802
07/11/2011 	23.07037   	25.74714   	24.95863   	11.69071823
08/11/2011 	20.55585   	25.78518   	24.27007   	11.06017719
09/11/2011 	20.38441   	25.89541   	23.95668   	10.60938197
10/11/2011 	19.78178   	25.91430   	23.60966   	10.35795736
11/11/2011 	19.74781   	25.92190   	23.44225   	 9.60144438
12/11/2011 	20.53063   	26.63049   	23.93895   	 9.02178237
13/11/2011 	19.88282   	26.60437   	23.90235   	 8.69209658
14/11/2011 	20.28888   	26.58459   	24.71441   	 7.91694311
15/11/2011 	22.83916   	26.01820   	24.78635   	 7.18376417
16/11/2011 	20.72010   	26.49422   	23.80708   	 6.19182012
17/11/2011 	20.62016   	26.90657   	24.37608   	 6.42297099
18/11/2011 	21.78948   	27.07093   	25.17577   	 7.14774803
19/11/2011 	21.27914   	27.92048   	25.57584   	 7.34604108
20/11/2011 	21.96369   	27.61491   	25.38668   	 7.14142078
21/11/2011 	23.56636   	28.18556   	26.01700   	 7.05134804
22/11/2011 	24.19588   	28.44693   	26.51703   	 7.03664200
23/11/2011 	25.38502   	28.25740   	26.76391   	 7.15904682
24/11/2011 	24.91373   	28.32836   	26.77029   	 7.50064041
25/11/2011 	25.31477   	29.51618   	27.32525   	 8.01162445
26/11/2011 	25.60298   	28.58474   	27.39331   	 8.11812192
27/11/2011 	26.19622   	30.52448   	28.63056   	 8.74881732
28/11/2011 	26.07833   	31.44231   	28.40922   	 8.39909333
29/11/2011 	24.85815   	30.23060   	27.27943   	 8.12524855
30/11/2011 	25.28959   	29.80725   	28.17189   	 8.18664532
01/12/2011 	24.37080   	27.09591   	25.83273   	 8.23631998
02/12/2011 	25.26959   	27.16673   	26.25915   	 8.14882485
03/12/2011 	25.94479   	27.53462   	26.64523   	 8.32404746
04/12/2011 	23.99960   	28.59242   	26.71732   	 8.06069363
05/12/2011 	24.34930   	27.00429   	25.72488   	 7.32623536
06/12/2011 	25.06934   	26.08876   	25.55944   	 6.89158639
07/12/2011 	25.25490   	28.16208   	25.90447   	 6.77207105
08/12/2011 	25.58251   	28.97001   	26.84420   	 6.61241219
09/12/2011 	25.92222   	28.23008   	26.85842   	 6.54274938
10/12/2011 	26.44285   	28.64204   	27.37095   	 6.29092714
11/12/2011 	24.97907   	28.72054   	27.12587   	 5.90361741
12/12/2011 	23.78318   	27.44951   	26.01763   	 5.81089565
13/12/2011 	26.95471   	28.58922   	27.84396   	 6.57007206
14/12/2011 	27.37471   	28.95486   	28.27522   	 6.56252817
15/12/2011 	26.11253   	28.93675   	27.99241   	 6.34815299
16/12/2011 	26.10643   	28.93675   	27.46117   	 5.97556152
17/12/2011 	25.18831   	28.32890   	27.35666   	 5.27409023
18/12/2011 	24.62172   	28.26161   	27.01652   	 4.65852478
19/12/2011 	23.37860   	28.07983   	26.18074   	 4.28034731
20/12/2011 	24.56989   	29.09803   	26.29065   	 4.73753040
21/12/2011 	22.47510   	29.11509   	25.94688   	 4.73645714
22/12/2011 	20.89007   	29.10113   	24.64435   	 5.03463399
23/12/2011 	20.06900   	29.06290   	23.55549   	 5.41483386
24/12/2011 	20.04504   	24.32375   	22.41506   	 5.43319498
25/12/2011 	18.54864   	28.13680   	21.84896   	 5.71655425
26/12/2011 	15.95252   	24.11022   	20.49729   	 6.16306139
27/12/2011 	16.35238   	23.79559   	19.57054   	 6.45277055
28/12/2011 	16.57543   	25.95762   	18.97158   	 6.31788765
29/12/2011 	19.84645   	26.44336   	24.13492   	 6.14292767
30/12/2011 	19.58449   	28.51417   	24.15001   	 5.70113264
