date	smin	smax	smean	tmean
01/01/2009  	24.735573   	30.57932    	28.67075    	 2.527051852
02/01/2009  	23.749649   	30.63981    	28.23336    	 2.373380865
03/01/2009  	25.808109   	30.91588    	29.01048    	 2.492476596
04/01/2009  	26.368979   	31.11963    	28.77793    	 2.674741690
05/01/2009  	25.400797   	30.88722    	28.25297    	 2.208902591
06/01/2009  	27.182230   	31.23239    	29.58439    	 1.785453807
07/01/2009  	28.193655   	31.59478    	30.23749    	 2.162947975
08/01/2009  	26.460371   	31.32260    	29.61369    	 1.787513913
09/01/2009  	24.630917   	31.26982    	28.64423    	 1.395726614
10/01/2009  	24.165562   	31.32101    	28.17303    	 0.977201296
11/01/2009  	19.596102   	30.90996    	25.90067    	 0.515521692
12/01/2009  	17.262836   	25.11366    	21.27973    	 0.310298219
13/01/2009  	17.039703   	26.95836    	21.59422    	 1.250240792
14/01/2009  	16.645454   	27.10057    	22.05218    	 1.709223303
15/01/2009  	16.482002   	27.18846    	21.77870    	 1.693510026
16/01/2009  	17.540800   	26.49730    	22.06132    	 1.578415784
17/01/2009  	13.662405   	26.19555    	20.52405    	 1.686914250
18/01/2009  	13.874305   	21.76004    	17.27991    	 2.134436801
19/01/2009  	18.180679   	24.42475    	21.70431    	 2.870733768
20/01/2009  	21.944788   	23.77944    	23.01297    	 3.025136491
21/01/2009  	22.914797   	23.28762    	23.12443    	 2.912985459
22/01/2009  	17.625086   	23.03596    	21.39651    	 2.402765932
23/01/2009  	16.780195   	25.53245    	22.55073    	 2.474616443
24/01/2009  	18.566555   	24.95052    	22.05254    	 2.880377303
25/01/2009  	18.193235   	25.75263    	22.21870    	 2.967265571
26/01/2009  	17.887131   	26.62449    	23.44502    	 2.679088329
27/01/2009  	17.732483   	26.90090    	23.58046    	 2.183120827
28/01/2009  	19.335197   	27.64952    	24.18744    	 1.928835742
29/01/2009  	18.606192   	27.24789    	24.06283    	 1.530598288
30/01/2009  	18.855604   	27.17842    	23.77263    	 1.135036564
31/01/2009  	20.541853   	27.27292    	24.43974    	 0.824517023
01/02/2009  	21.263340   	28.03972    	25.47773    	 0.669001470
02/02/2009  	24.208368   	28.69490    	26.62305    	 0.647011845
03/02/2009  	25.173714   	29.07852    	27.51968    	 0.936823802
04/02/2009  	25.225954   	28.89050    	27.74662    	 1.064055013
05/02/2009  	25.720398   	29.06128    	27.93097    	 1.121335828
06/02/2009  	25.134867   	28.72269    	27.33801    	 1.324689962
07/02/2009  	24.535301   	29.29353    	27.08374    	 1.430756802
08/02/2009  	24.523630   	29.57347    	27.33910    	 1.453345080
09/02/2009  	21.151690   	29.48993    	26.33142    	 1.505997171
10/02/2009  	21.325277   	30.36427    	26.70047    	 1.636075800
11/02/2009  	22.855154   	30.50119    	26.62907    	 1.814022412
12/02/2009  	23.428625   	30.66986    	26.91652    	 2.010868651
13/02/2009  	24.077927   	30.75037    	27.15102    	 2.211561476
14/02/2009  	24.083887   	30.83497    	27.35157    	 2.017340514
15/02/2009  	20.710003   	30.66237    	26.90507    	 2.172109038
16/02/2009  	20.807089   	30.16412    	26.08764    	 2.491373012
17/02/2009  	20.994299   	30.05004    	25.98745    	 2.834662740
18/02/2009  	20.590822   	28.65722    	24.81534    	 2.768256982
19/02/2009  	18.194679   	26.48047    	22.65556    	 2.637423446
20/02/2009  	16.397125   	25.23925    	20.92886    	 2.855005493
21/02/2009  	15.747705   	26.91198    	21.82232    	 3.015723512
22/02/2009  	15.722027   	28.39273    	22.73348    	 3.346683393
23/02/2009  	15.448702   	29.01387    	22.82300    	 3.721725613
24/02/2009  	16.217087   	29.23940    	23.34225    	 3.856303126
25/02/2009  	14.055120   	29.34833    	22.74062    	 4.029019947
26/02/2009  	13.478159   	28.81849    	22.26099    	 4.332930664
27/02/2009  	11.287808   	29.22997    	20.79662    	 4.742332190
28/02/2009  	12.142320   	29.32366    	21.76517    	 4.965454598
01/03/2009  	13.920810   	29.47517    	23.50884    	 4.904252976
02/03/2009  	15.962420   	29.70146    	24.01749    	 5.093022019
03/03/2009  	14.029940   	28.78260    	21.62956    	 5.097730080
04/03/2009  	12.394496   	23.98952    	17.46270    	 4.925603241
05/03/2009  	15.073617   	24.05341    	20.69010    	 4.952589343
06/03/2009  	14.142534   	25.77081    	21.16575    	 4.945010493
07/03/2009  	15.838993   	26.18522    	22.19113    	 4.828792145
08/03/2009  	13.070331   	23.49440    	19.40007    	 5.025084525
09/03/2009  	11.650188   	23.05877    	18.29751    	 5.041187753
10/03/2009  	11.691157   	26.12710    	18.92960    	 4.954182615
11/03/2009  	12.103089   	26.75894    	20.32254    	 4.913297484
12/03/2009  	12.564749   	27.95643    	20.39148    	 5.131593257
13/03/2009  	13.623662   	28.00919    	22.20012    	 5.327852259
14/03/2009  	13.949030   	28.40124    	21.63834    	 5.577509662
15/03/2009  	16.136311   	28.42661    	23.34421    	 5.757320484
16/03/2009  	14.619254   	28.32060    	22.39443    	 6.065962126
17/03/2009  	15.507566   	28.55945    	23.56998    	 6.247545093
18/03/2009  	16.320932   	27.98702    	22.61160    	 6.400449812
19/03/2009  	17.871094   	27.75243    	24.09605    	 6.450862835
20/03/2009  	18.799810   	25.80946    	23.09735    	 6.541513284
21/03/2009  	18.149790   	25.36295    	22.96667    	 6.506493102
22/03/2009  	17.880379   	26.67544    	22.14621    	 6.484211773
23/03/2009  	14.756204   	25.53569    	20.55498    	 6.635887176
24/03/2009  	13.513977   	27.33936    	21.27569    	 6.298242331
25/03/2009  	14.762109   	28.34697    	21.55088    	 6.236570527
26/03/2009  	10.549981   	25.34727    	19.31601    	 6.310086608
27/03/2009  	11.779877   	24.82000    	19.14651    	 6.296831002
28/03/2009  	10.454312   	27.22053    	20.22725    	 6.234515925
29/03/2009  	12.709319   	27.34408    	21.09202    	 6.297023604
30/03/2009  	12.869895   	27.61794    	21.44485    	 6.287246654
31/03/2009  	13.637387   	27.71399    	21.29197    	 6.525220305
01/04/2009  	13.955251   	27.41662    	22.24483    	 6.876061052
02/04/2009  	15.804037   	27.73814    	23.58237    	 7.363851537
03/04/2009  	18.163137   	27.70609    	24.15813    	 7.786802888
04/04/2009  	15.772317   	26.24536    	22.97161    	 8.136650711
05/04/2009  	15.271453   	26.90097    	22.11920    	 8.291416099
06/04/2009  	15.661861   	27.52480    	22.86073    	 8.346788744
07/04/2009  	16.887871   	27.74600    	23.06307    	 8.643042286
08/04/2009  	14.590203   	25.32391    	20.97467    	 8.839992126
09/04/2009  	14.619566   	26.13729    	20.49769    	 8.879402936
10/04/2009  	15.228286   	27.14843    	21.35634    	 9.378304601
11/04/2009  	16.241385   	27.82422    	22.95870    	 9.750941992
12/04/2009  	17.212469   	28.00309    	23.95955    	 9.988430580
13/04/2009  	18.062145   	28.07847    	24.34356    	10.195412358
14/04/2009  	18.755211   	28.38765    	24.82623    	10.304318249
15/04/2009  	19.942261   	28.60238    	25.42614    	10.575829168
16/04/2009  	21.372263   	28.67899    	25.96859    	10.925629814
17/04/2009  	22.727091   	28.37925    	26.25830    	10.943827967
18/04/2009  	23.993349   	28.46043    	26.56758    	10.765259604
19/04/2009  	24.007851   	28.27171    	26.58536    	10.931007624
20/04/2009  	23.472597   	28.41622    	26.64186    	11.173503002
21/04/2009  	22.855356   	28.67147    	26.66296    	11.384675244
22/04/2009  	23.256470   	29.49475    	27.31421    	11.248434365
23/04/2009  	22.836849   	29.94609    	27.10528    	11.315831741
24/04/2009  	23.066198   	30.35427    	27.53705    	11.584348877
25/04/2009  	23.506483   	30.98134    	28.11079    	11.759828130
26/04/2009  	23.880655   	31.13702    	28.54375    	12.004718065
27/04/2009  	24.696686   	31.08483    	28.92753    	12.126952946
28/04/2009  	24.866676   	31.27942    	28.72211    	12.183631202
29/04/2009  	24.829760   	31.28515    	28.72214    	12.354820013
30/04/2009  	24.706184   	31.12566    	28.68080    	12.729807178
01/05/2009  	25.198750   	31.11420    	29.03245    	13.266804755
02/05/2009  	27.088320   	31.30340    	29.77570    	13.476360142
03/05/2009  	26.145651   	31.08837    	29.80626    	13.407395383
04/05/2009  	26.950443   	31.09088    	29.27929    	12.823344251
05/05/2009  	24.810610   	30.52243    	28.26234    	12.343647083
06/05/2009  	23.753284   	30.38966    	27.65148    	12.115931213
07/05/2009  	22.596313   	30.25309    	26.85195    	12.286581477
08/05/2009  	23.114824   	29.74038    	26.66720    	12.499396761
09/05/2009  	21.970871   	28.77907    	25.43812    	12.520229141
10/05/2009  	22.061466   	29.71702    	26.13813    	12.854661047
11/05/2009  	22.492203   	30.12918    	27.05788    	12.718373656
12/05/2009  	24.363791   	30.19715    	27.85470    	12.297445099
13/05/2009  	26.003860   	30.44301    	28.75541    	12.621931752
14/05/2009  	26.351816   	30.47731    	29.04521    	12.765550872
15/05/2009  	26.470810   	30.45803    	29.16511    	12.999982834
16/05/2009  	23.620634   	30.30479    	28.07822    	13.159513553
17/05/2009  	23.862228   	28.33450    	26.08048    	13.458204985
18/05/2009  	21.597544   	26.32819    	24.25026    	13.641899566
19/05/2009  	21.162743   	26.12854    	23.34312    	13.772736867
20/05/2009  	20.947020   	27.09897    	23.55389    	13.967981199
21/05/2009  	20.890917   	28.13553    	24.77319    	14.150834302
22/05/2009  	21.636642   	28.76804    	25.60980    	14.269464314
23/05/2009  	21.734119   	29.18880    	25.95754    	14.663570543
24/05/2009  	21.761147   	29.95836    	26.73234    	15.196645002
25/05/2009  	22.233524   	30.45908    	27.23712    	15.730004390
26/05/2009  	23.109659   	30.53660    	28.14719    	15.940882405
27/05/2009  	19.678333   	30.05085    	26.10587    	15.491684914
28/05/2009  	19.350168   	29.44540    	24.43983    	15.387091637
29/05/2009  	19.676691   	29.86022    	25.19205    	15.727887154
30/05/2009  	21.032310   	30.18029    	26.57435    	15.771105667
31/05/2009  	23.705437   	30.48812    	27.86479    	16.114442845
01/06/2009  	25.008694   	30.58591    	28.58164    	16.663757404
02/06/2009  	26.369574   	30.77457    	29.29668    	16.425893029
03/06/2009  	27.411022   	31.13103    	29.77786    	15.204001009
04/06/2009  	28.455797   	31.25417    	29.88247    	13.962004642
05/06/2009  	28.677574   	31.55708    	29.91752    	13.164159358
06/06/2009  	28.183109   	31.83688    	30.01082    	13.280852159
07/06/2009  	28.456099   	32.10284    	30.42073    	13.619045436
08/06/2009  	28.439459   	31.95911    	30.46965    	14.442292432
09/06/2009  	28.246218   	32.19015    	30.49386    	15.131698608
10/06/2009  	26.983391   	31.50411    	29.86160    	15.579481363
11/06/2009  	27.793299   	32.10738    	29.95701    	15.873616954
12/06/2009  	27.948652   	31.93060    	30.09356    	16.058879336
13/06/2009  	27.010933   	31.96506    	29.79036    	16.321689824
14/06/2009  	26.236193   	32.06085    	29.68388    	16.801918467
15/06/2009  	26.370880   	31.92957    	29.43547    	17.163097580
16/06/2009  	26.807316   	31.98940    	29.99353    	17.226779461
17/06/2009  	25.563610   	31.78713    	29.47089    	17.356155157
18/06/2009  	24.691542   	31.78484    	29.54046    	17.311653773
19/06/2009  	22.517992   	30.27789    	26.73167    	17.023753405
20/06/2009  	20.048222   	30.96460    	25.31555    	16.741611878
21/06/2009  	20.367998   	31.95202    	27.01096    	16.598637104
22/06/2009  	22.338820   	32.12730    	28.33908    	16.384861012
23/06/2009  	24.333229   	32.23352    	29.21370    	16.800057948
24/06/2009  	26.300055   	32.23812    	30.06831    	17.263625642
25/06/2009  	28.030853   	32.24625    	30.54050    	17.803463499
26/06/2009  	28.812597   	32.27826    	30.81728    	18.493190487
27/06/2009  	28.553743   	32.22343    	30.70730    	19.117675821
28/06/2009  	28.632580   	32.21036    	30.78204    	19.648504535
29/06/2009  	28.895847   	32.20404    	30.92488    	20.400130908
30/06/2009  	29.253553   	32.20490    	31.08199    	20.917620420
01/07/2009  	29.784870   	32.21046    	31.25512    	21.202638467
02/07/2009  	30.203184   	32.26438    	31.43797    	21.220843116
03/07/2009  	30.442108   	32.34265    	31.68944    	21.300939361
04/07/2009  	30.434076   	32.32307    	31.68517    	21.687771161
05/07/2009  	29.729761   	32.31540    	31.44671    	22.066198746
06/07/2009  	26.152493   	32.38896    	30.56070    	21.988212347
07/07/2009  	22.677261   	30.82295    	27.58311    	20.818943183
08/07/2009  	22.568974   	31.57355    	27.55276    	20.152944525
09/07/2009  	22.343491   	31.71028    	27.51100    	18.976203402
10/07/2009  	22.444399   	30.63182    	27.45484    	17.403737366
11/07/2009  	23.526321   	31.71932    	27.14393    	16.971008102
12/07/2009  	23.116932   	31.50608    	27.37661    	17.409955064
13/07/2009  	22.959053   	31.27015    	27.13071    	18.044942856
14/07/2009  	22.774035   	31.14790    	27.30662    	19.001671751
15/07/2009  	21.003250   	30.82874    	27.16563    	19.623655637
16/07/2009  	19.955086   	29.45036    	24.52264    	19.736205101
17/07/2009  	23.784594   	29.77047    	27.03402    	19.825429042
18/07/2009  	21.756073   	27.90804    	25.00549    	19.117698550
19/07/2009  	21.051210   	25.59184    	23.84968    	18.608777960
20/07/2009  	22.360329   	25.32117    	23.70732    	18.477257927
21/07/2009  	22.385792   	27.70499    	24.42903    	18.481112480
22/07/2009  	22.340565   	28.13795    	25.18569    	18.883111040
23/07/2009  	22.458202   	28.76619    	25.59966    	19.068009853
24/07/2009  	23.104940   	28.82424    	26.00508    	18.970948815
25/07/2009  	22.844383   	29.18224    	26.15845    	18.948800842
26/07/2009  	22.424376   	29.46916    	25.91207    	19.037700494
27/07/2009  	22.550816   	29.74766    	26.72286    	19.380940318
28/07/2009  	23.330574   	29.51499    	27.02175    	19.361498396
29/07/2009  	23.178944   	29.35110    	26.85416    	19.467573404
30/07/2009  	21.294037   	29.41732    	26.37753    	19.142003616
31/07/2009  	20.673174   	27.26285    	24.24922    	18.366004348
01/08/2009  	21.948938   	28.05104    	25.56941    	18.510085901
02/08/2009  	23.856272   	29.02402    	26.63591    	18.803997517
03/08/2009  	21.768375   	29.19320    	25.90242    	18.964361986
04/08/2009  	21.619221   	29.50949    	26.07479    	19.294395487
05/08/2009  	21.770063   	29.70545    	26.54477    	19.759688139
06/08/2009  	22.621658   	30.28389    	27.61916    	20.388167024
07/08/2009  	22.702656   	30.61287    	27.90857    	20.835056067
08/08/2009  	23.690090   	30.67982    	28.15902    	20.870826523
09/08/2009  	23.365906   	30.98036    	28.33923    	20.755751928
10/08/2009  	23.916096   	31.04326    	28.69150    	20.915723085
11/08/2009  	25.916780   	30.96222    	29.21711    	21.210178812
12/08/2009  	26.272058   	30.96720    	29.37548    	21.112797499
13/08/2009  	26.581017   	31.01034    	29.27486    	20.851776401
14/08/2009  	26.665138   	30.97733    	29.11639    	20.761142095
15/08/2009  	23.646532   	30.78226    	28.15038    	20.383416494
16/08/2009  	23.480663   	28.95381    	26.47851    	20.067724586
17/08/2009  	23.091173   	30.04718    	26.87226    	20.057939092
18/08/2009  	22.769798   	30.45748    	27.11227    	19.900479396
19/08/2009  	22.565491   	30.91184    	27.39756    	19.886014303
20/08/2009  	23.281603   	31.22021    	28.32990    	20.206637422
21/08/2009  	23.112345   	30.91287    	28.06658    	20.111838142
22/08/2009  	23.198307   	30.94746    	27.70295    	19.930471818
23/08/2009  	23.074558   	31.12793    	27.65999    	20.180298527
24/08/2009  	23.647221   	31.35082    	28.54997    	20.261077960
25/08/2009  	25.360512   	31.31560    	29.44676    	20.637309353
26/08/2009  	25.434450   	31.02051    	28.91978    	19.970436613
27/08/2009  	25.060295   	29.84466    	27.66954    	19.480314175
28/08/2009  	23.034109   	28.20893    	25.38781    	18.739086191
29/08/2009  	24.483427   	27.28506    	25.83864    	17.262787700
30/08/2009  	24.763634   	26.51317    	25.79711    	16.608665029
31/08/2009  	25.113150   	26.19801    	25.88452    	16.227470756
01/09/2009  	25.333874   	28.00930    	26.28517    	16.544863820
02/09/2009  	24.358643   	26.21170    	25.32241    	16.995511214
03/09/2009  	21.287231   	26.09122    	24.23129    	16.819663127
04/09/2009  	23.749365   	29.65013    	26.94834    	15.958581845
05/09/2009  	25.865675   	28.75716    	27.72324    	15.938440681
06/09/2009  	25.362463   	28.41757    	27.25045    	15.825369279
07/09/2009  	25.318201   	28.44306    	27.15968    	15.853482167
08/09/2009  	25.852592   	28.49877    	27.24301    	16.250051995
09/09/2009  	26.129314   	29.29266    	27.77736    	16.705604355
10/09/2009  	25.828665   	29.06266    	27.46714    	16.759216309
11/09/2009  	26.823227   	29.48711    	28.01572    	16.358244816
12/09/2009  	26.799068   	29.64364    	28.42282    	16.510762711
13/09/2009  	26.920879   	30.14268    	28.83978    	16.535360952
14/09/2009  	26.517868   	30.17814    	28.93775    	16.222298761
15/09/2009  	26.407763   	30.14972    	29.10382    	16.182441354
16/09/2009  	26.114567   	30.70861    	29.35272    	16.245046397
17/09/2009  	26.388319   	31.08908    	29.27018    	15.819218795
18/09/2009  	27.033155   	31.41402    	29.49410    	15.791524450
19/09/2009  	27.395479   	31.61176    	29.82964    	16.187668880
20/09/2009  	27.642593   	31.95916    	30.09635    	16.656389117
21/09/2009  	27.709929   	32.12813    	30.04084    	16.618641376
22/09/2009  	29.091722   	32.29235    	30.80201    	16.872069915
23/09/2009  	29.420565   	32.30879    	31.10048    	16.768500725
24/09/2009  	29.278044   	32.29184    	31.06281    	16.542370220
25/09/2009  	29.667503   	32.42781    	31.21941    	16.529042006
26/09/2009  	30.002659   	32.47381    	31.55026    	16.713321487
27/09/2009  	30.556047   	32.52878    	31.84288    	16.912682096
28/09/2009  	31.512966   	32.51812    	32.20038    	17.054184516
29/09/2009  	30.176453   	32.39415    	31.62042    	16.647515416
30/09/2009  	29.945627   	32.45758    	31.40753    	16.339598735
01/10/2009  	30.388735   	32.79912    	31.79601    	15.947331270
02/10/2009  	30.165403   	32.95979    	31.70906    	14.714048425
03/10/2009  	25.116146   	32.82056    	30.65639    	13.982314805
04/10/2009  	29.272102   	32.68482    	31.86726    	12.845690211
05/10/2009  	26.396091   	32.94601    	30.49737    	12.664218883
06/10/2009  	26.439396   	32.90666    	30.67168    	12.861171881
07/10/2009  	25.081715   	32.29207    	29.41801    	13.494321247
08/10/2009  	25.887562   	32.57620    	29.82772    	13.505175392
09/10/2009  	25.978125   	32.57958    	29.79400    	12.870070934
10/10/2009  	26.544956   	32.58728    	30.42510    	12.525526583
11/10/2009  	26.321480   	32.57458    	30.38986    	12.582823038
12/10/2009  	27.623066   	32.46673    	30.23368    	11.622348607
13/10/2009  	29.243849   	32.76879    	31.22386    	10.861668428
14/10/2009  	28.500381   	32.65776    	31.28983    	10.633755644
15/10/2009  	29.134666   	32.57980    	31.40108    	 9.850132177
16/10/2009  	30.190880   	33.23994    	31.93645    	10.273677697
17/10/2009  	31.633623   	33.14181    	32.40264    	 9.496572196
18/10/2009  	31.680893   	33.19350    	32.46008    	 9.622832080
19/10/2009  	30.549196   	33.36227    	32.61709    	 9.980020563
20/10/2009  	30.421736   	33.19913    	32.21805    	 9.395129879
21/10/2009  	30.298088   	33.20096    	32.22842    	 8.826325615
22/10/2009  	28.461771   	33.18111    	31.58360    	 8.409071952
23/10/2009  	27.786322   	32.77480    	30.71668    	 8.728290260
24/10/2009  	26.751907   	32.62680    	29.33860    	 9.063647489
25/10/2009  	23.642298   	28.98117    	25.80947    	 9.979869624
26/10/2009  	24.402073   	27.15638    	26.16449    	10.797639529
27/10/2009  	25.920401   	27.13202    	26.74876    	11.070711136
28/10/2009  	26.465321   	27.34335    	26.93071    	11.117232800
29/10/2009  	25.998024   	28.87086    	27.36443    	11.204690874
30/10/2009  	25.818218   	28.82536    	27.28020    	11.196493963
31/10/2009  	25.288479   	29.24785    	27.75622    	10.840454459
01/11/2009  	24.504606   	29.60902    	27.81365    	10.973399361
02/11/2009  	23.187473   	28.46122    	26.34546    	11.141181389
03/11/2009  	22.682222   	29.12020    	25.76936    	10.715543250
04/11/2009  	22.105091   	28.40172    	25.49269    	10.311391632
05/11/2009  	20.868059   	27.90952    	25.09724    	 9.977491776
06/11/2009  	21.219633   	27.81153    	24.84333    	 9.875390291
07/11/2009  	21.634192   	27.53793    	24.78980    	 9.714760025
08/11/2009  	20.303068   	27.81306    	24.79872    	 9.449874083
09/11/2009  	19.947992   	28.10811    	25.28357    	 8.998498797
10/11/2009  	22.802515   	28.81071    	26.89639    	 9.182266643
11/11/2009  	23.426096   	29.30272    	26.94439    	 9.202659448
12/11/2009  	22.241928   	28.90536    	26.10351    	 8.906863153
13/11/2009  	17.891666   	27.26164    	23.34225    	 9.125784258
14/11/2009  	18.986412   	24.94789    	22.30880    	10.048365970
15/11/2009  	20.712372   	25.67745    	23.85689    	10.087292294
16/11/2009  	21.230234   	26.04751    	24.38028    	10.024070263
17/11/2009  	21.425436   	26.47912    	24.69537    	10.089882374
18/11/2009  	22.848143   	28.24710    	25.60389    	10.051190555
19/11/2009  	25.911701   	29.44565    	27.76438    	10.750827034
20/11/2009  	25.141785   	29.47079    	28.58605    	10.284898221
21/11/2009  	23.226601   	29.38006    	27.01481    	10.234244724
22/11/2009  	19.772409   	28.74368    	24.97062    	10.450669408
23/11/2009  	25.029997   	28.76388    	27.34835    	10.157560349
24/11/2009  	26.744184   	29.87155    	28.65629    	10.074328403
25/11/2009  	26.571751   	29.89419    	28.76655    	10.358246783
26/11/2009  	27.461998   	30.34783    	28.93496    	 9.525424918
27/11/2009  	28.103540   	30.40509    	29.81286    	 9.127237598
28/11/2009  	28.553131   	30.41901    	29.91020    	 8.540930182
29/11/2009  	26.458693   	30.35967    	29.01577    	 8.286537369
30/11/2009  	26.171707   	29.78528    	28.77161    	 8.196528902
01/12/2009  	23.037807   	29.89539    	27.47131    	 7.602138887
02/12/2009  	22.738914   	29.74169    	27.36614    	 6.904540976
03/12/2009  	18.663074   	29.47080    	25.57937    	 6.805712163
04/12/2009  	17.446186   	27.17539    	22.62715    	 6.953301390
05/12/2009  	16.372570   	26.39175    	21.02829    	 6.821225961
06/12/2009  	15.397283   	24.91147    	20.46283    	 7.288949480
07/12/2009  	17.143692   	25.07306    	21.76554    	 7.768950065
08/12/2009  	17.644089   	25.31532    	22.30610    	 7.736578912
09/12/2009  	17.836355   	25.30759    	21.55730    	 7.614054392
10/12/2009  	17.828886   	25.68175    	22.31335    	 7.719428996
11/12/2009  	16.974283   	26.24152    	22.42193    	 7.912638098
12/12/2009  	18.688318   	27.05025    	24.23529    	 7.597468495
13/12/2009  	19.038086   	27.38840    	24.67380    	 6.976413359
14/12/2009  	19.931742   	27.86830    	25.17060    	 6.498751332
15/12/2009  	19.154232   	28.15175    	24.89177    	 5.602484733
16/12/2009  	17.642824   	28.05390    	24.07417    	 4.883292044
17/12/2009  	14.929460   	26.43077    	21.51188    	 4.168345491
18/12/2009  	15.970425   	28.00731    	22.38455    	 3.363111571
19/12/2009  	18.038715   	28.11002    	24.22008    	 3.225458487
20/12/2009  	12.376446   	25.39001    	18.24413    	 1.734604700
21/12/2009  	11.804456   	22.74953    	15.87840    	 1.679646075
22/12/2009  	12.816248   	23.48419    	18.93836    	 1.908768944
23/12/2009  	14.717763   	22.48134    	18.34524    	 1.851281849
24/12/2009  	15.794861   	22.05205    	19.31189    	 1.863233979
25/12/2009  	18.938719   	24.80653    	22.01787    	 2.385660047
26/12/2009  	15.280485   	23.41214    	19.21185    	 2.941496631
27/12/2009  	17.470482   	22.53592    	20.06335    	 3.470188295
28/12/2009  	16.707832   	22.25353    	20.21831    	 3.555039455
29/12/2009  	16.015957   	24.94660    	21.47775    	 3.523728798
30/12/2009  	17.394182   	25.70705    	22.72967    	 3.246073864
31/12/2009  	18.838133   	26.28334    	23.41739    	 3.079042991
01/01/2010  	19.102324   	27.96700    	24.41480    	 3.047825448
02/01/2010  	18.756748   	27.72711    	24.30705    	 2.731046155
03/01/2010  	17.037510   	29.08764    	24.41658    	 2.351718646
04/01/2010  	19.651823   	29.55551    	25.05380    	 2.366250115
05/01/2010  	19.010956   	29.71785    	24.66904    	 2.508927892
06/01/2010  	16.542570   	28.93156    	22.81179    	 2.264619944
07/01/2010  	16.396208   	28.91796    	22.27411    	 2.097030693
08/01/2010  	17.220636   	28.21754    	23.39419    	 1.886813152
09/01/2010  	19.815943   	28.37040    	25.43211    	 1.590189255
10/01/2010  	24.873835   	28.58668    	27.51152    	 1.809014315
11/01/2010  	25.077709   	28.92000    	27.62454    	 1.703858752
12/01/2010  	24.408794   	28.98311    	27.30128    	 1.266867915
13/01/2010  	23.402079   	28.80391    	26.86837    	 0.061063614
14/01/2010  	23.351274   	28.99434    	26.72767    	-0.071560955
15/01/2010  	22.864557   	28.58856    	25.79366    	-0.188831275
16/01/2010  	22.928385   	27.20822    	24.83982    	-0.228314573
17/01/2010  	22.975231   	29.22238    	25.95574    	 0.258699245
18/01/2010  	21.637569   	29.19652    	24.98470    	 0.497003201
19/01/2010  	21.683105   	28.97447    	25.07394    	 0.907320390
20/01/2010  	22.018938   	28.89487    	25.12932    	 0.992626478
21/01/2010  	22.568417   	29.23304    	26.14433    	 0.955650981
22/01/2010  	21.763416   	28.71076    	25.00959    	 0.438970509
23/01/2010  	20.166807   	27.85353    	24.27662    	 0.380023234
24/01/2010  	19.544363   	26.50855    	23.01193    	 0.194769250
25/01/2010  	19.815243   	25.91640    	23.20218    	 0.045485069
26/01/2010  	20.808939   	27.23715    	24.44538    	-0.196963198
27/01/2010  	21.554483   	27.79383    	25.53584    	 0.005970922
28/01/2010  	21.353775   	29.20158    	25.68930    	 0.659774082
29/01/2010  	20.981924   	30.12214    	25.71752    	 1.087217973
30/01/2010  	21.317945   	30.59441    	26.43024    	 1.094190729
31/01/2010  	20.266045   	30.38023    	26.60266    	 1.173552162
01/02/2010  	18.358829   	30.41926    	25.07824    	 1.279757114
02/02/2010  	14.278207   	30.39899    	23.12230    	 1.338163185
03/02/2010  	13.913893   	30.40781    	23.16310    	 1.562550052
04/02/2010  	14.122749   	29.82860    	22.60183    	 1.616298345
05/02/2010  	15.291274   	29.48516    	23.04353    	 1.700801641
06/02/2010  	15.996660   	28.84293    	23.92718    	 1.910660560
07/02/2010  	16.910633   	27.95536    	23.77962    	 1.874008777
08/02/2010  	21.735479   	28.08082    	25.58672    	 1.666690243
09/02/2010  	23.825983   	29.25212    	27.11352    	 1.327243681
10/02/2010  	22.972004   	29.25844    	26.72020    	 0.865783309
11/02/2010  	22.504459   	29.24379    	27.23178    	 0.607357461
12/02/2010  	24.078196   	30.13126    	27.88391    	 0.282865889
13/02/2010  	24.241415   	30.77255    	28.25435    	-0.021124663
14/02/2010  	25.938343   	30.98519    	28.71640    	-0.183606385
15/02/2010  	25.468042   	30.98166    	28.77627    	-0.372035388
16/02/2010  	23.755228   	30.56225    	28.11808    	-0.476869306
17/02/2010  	22.313988   	29.83050    	26.34867    	-0.601735052
18/02/2010  	22.425480   	30.04276    	26.50927    	-0.332994233
19/02/2010  	19.756886   	30.15780    	25.49879    	 0.155241712
20/02/2010  	17.312414   	26.87572    	21.05746    	 0.588123812
21/02/2010  	17.495230   	26.01512    	21.97897    	 0.723339096
22/02/2010  	18.669582   	25.69175    	22.66337    	 0.992315901
23/02/2010  	20.955486   	28.05544    	25.09888    	 1.240626149
24/02/2010  	21.776094   	27.98806    	25.78864    	 1.329838447
25/02/2010  	19.109886   	26.91905    	24.10459    	 1.713194124
26/02/2010  	15.949379   	24.86636    	21.16800    	 2.230920571
27/02/2010  	15.051253   	22.21780    	19.49896    	 2.691573287
28/02/2010  	16.238701   	25.42592    	21.67737    	 3.003922890
01/03/2010  	19.272795   	27.32843    	22.88077    	 3.091254711
02/03/2010  	18.944468   	28.36505    	23.04501    	 3.113573601
03/03/2010  	18.762524   	28.83480    	23.65225    	 3.101572250
04/03/2010  	19.031567   	29.40900    	24.81652    	 3.066752513
05/03/2010  	19.386145   	29.60256    	25.97700    	 3.063877439
06/03/2010  	20.931910   	30.39741    	26.24580    	 2.511345256
07/03/2010  	20.586359   	29.52898    	26.19010    	 2.164004973
08/03/2010  	23.181709   	29.78110    	27.43630    	 2.463000017
09/03/2010  	23.933805   	29.83674    	27.88793    	 2.517181990
10/03/2010  	25.234402   	29.63863    	27.69605    	 2.589230448
11/03/2010  	25.845268   	30.12412    	28.53561    	 2.629382024
12/03/2010  	25.175308   	30.43391    	28.59406    	 2.765471915
13/03/2010  	23.689722   	30.47899    	28.09792    	 2.982477670
14/03/2010  	22.190250   	30.78828    	27.61297    	 3.363221501
15/03/2010  	20.966320   	30.76167    	26.95503    	 3.734154647
16/03/2010  	19.184477   	31.03618    	26.01593    	 4.108757133
17/03/2010  	17.414051   	30.98171    	25.25109    	 4.354352191
18/03/2010  	16.897348   	30.46778    	24.54418    	 4.666198581
19/03/2010  	14.723437   	30.86676    	23.30354    	 5.116204818
20/03/2010  	14.648067   	30.66994    	23.32153    	 5.623626997
21/03/2010  	14.522841   	27.76851    	22.03187    	 6.271149655
22/03/2010  	13.975076   	27.48409    	21.57623    	 6.470126758
23/03/2010  	16.221794   	27.65923    	22.37321    	 6.497781833
24/03/2010  	17.704550   	26.65013    	22.95065    	 6.709453464
25/03/2010  	18.372957   	26.11149    	23.27881    	 7.028010021
26/03/2010  	15.944539   	25.48085    	21.91836    	 7.369252821
27/03/2010  	15.475588   	25.87766    	21.18981    	 7.364232779
28/03/2010  	13.940625   	25.67992    	20.46969    	 7.366480658
29/03/2010  	12.411317   	27.30111    	20.98466    	 7.309476465
30/03/2010  	13.368493   	27.98528    	21.32070    	 7.552392443
31/03/2010  	11.884076   	24.16147    	17.88596    	 7.505143245
01/04/2010  	12.672772   	21.42608    	16.71769    	 6.912789484
02/04/2010  	15.044979   	23.09693    	18.86449    	 6.636557301
03/04/2010  	15.779455   	23.56331    	19.88803    	 6.786607256
04/04/2010  	15.604257   	25.08630    	21.09024    	 7.037104130
05/04/2010  	15.895443   	25.24150    	21.25050    	 7.144674629
06/04/2010  	16.425737   	24.80612    	20.76833    	 7.503418307
07/04/2010  	19.186344   	25.39521    	22.32630    	 7.790022502
08/04/2010  	18.950432   	25.53475    	22.31872    	 8.156425933
09/04/2010  	19.179403   	26.31001    	22.94142    	 8.364639799
10/04/2010  	18.537998   	26.78751    	23.42355    	 8.460604350
11/04/2010  	17.583254   	27.13391    	24.07584    	 8.354957938
12/04/2010  	18.612694   	28.03777    	24.99663    	 8.178112676
13/04/2010  	19.318415   	29.07352    	25.70397    	 8.160292208
14/04/2010  	19.807564   	29.45278    	26.21817    	 8.254669517
15/04/2010  	20.095388   	29.98711    	26.84994    	 8.334491024
16/04/2010  	21.888268   	30.14375    	27.51130    	 8.491081884
17/04/2010  	22.422371   	30.73909    	28.03553    	 8.824652135
18/04/2010  	24.538960   	30.96983    	28.66273    	 9.283716063
19/04/2010  	23.505764   	31.09277    	28.64631    	 9.508823435
20/04/2010  	24.690691   	31.23099    	29.61456    	 9.480640372
21/04/2010  	27.180731   	31.50389    	29.69579    	 8.951054414
22/04/2010  	26.739676   	31.61269    	29.00525    	 8.783513645
23/04/2010  	26.989738   	31.99237    	29.83577    	 9.049481889
24/04/2010  	26.492382   	31.88317    	29.74677    	 9.397592028
25/04/2010  	25.641031   	32.10413    	29.94158    	 9.572881579
26/04/2010  	26.410681   	32.21116    	30.02164    	 9.886127313
27/04/2010  	25.793482   	32.19948    	29.66890    	10.306244830
28/04/2010  	25.775431   	32.51840    	29.45851    	10.820188423
29/04/2010  	26.139105   	32.62469    	30.07688    	10.991523465
30/04/2010  	26.277893   	32.43985    	30.19736    	11.266629875
01/05/2010  	24.189785   	31.68955    	28.79822    	11.593682905
02/05/2010  	24.834803   	32.01443    	28.87652    	11.268614233
03/05/2010  	26.654142   	32.02675    	30.10349    	 9.879668852
04/05/2010  	28.240267   	31.70035    	30.20734    	 9.350168695
05/05/2010  	28.204514   	31.55855    	30.05827    	 9.665684511
06/05/2010  	28.484671   	31.75999    	30.39582    	 9.788671811
07/05/2010  	29.053051   	31.82730    	30.70423    	 9.710026165
08/05/2010  	28.892324   	31.71455    	30.89637    	 9.879139125
09/05/2010  	28.686754   	31.86996    	30.84258    	 9.934485873
10/05/2010  	28.807388   	32.10663    	31.02432    	10.024595896
11/05/2010  	28.800579   	32.19020    	30.88142    	 9.865282337
12/05/2010  	29.005047   	32.22039    	30.91837    	 9.059210827
13/05/2010  	29.309553   	32.28695    	30.81220    	 8.847352097
14/05/2010  	29.376352   	32.46764    	30.85111    	 9.250235895
15/05/2010  	29.579676   	32.63766    	31.04637    	 9.816551407
16/05/2010  	29.915216   	32.70011    	31.30611    	10.198390524
17/05/2010  	29.328560   	32.73893    	31.27498    	10.789165556
18/05/2010  	29.438862   	32.84310    	31.21876    	11.505168637
19/05/2010  	29.896252   	32.85970    	31.30913    	12.003353635
20/05/2010  	28.563475   	32.87832    	31.26925    	12.716441492
21/05/2010  	29.086824   	32.87144    	31.20648    	13.476497114
22/05/2010  	29.782169   	32.87960    	31.54640    	13.961701393
23/05/2010  	30.162066   	32.91805    	31.86838    	14.320037127
24/05/2010  	30.030796   	32.89030    	32.04715    	14.674487074
25/05/2010  	29.599522   	32.89209    	31.85670    	14.676988582
26/05/2010  	29.977446   	32.89221    	31.82080    	14.420788825
27/05/2010  	30.735004   	32.80753    	31.90523    	13.938641369
28/05/2010  	29.147909   	32.80730    	31.87745    	14.230798443
29/05/2010  	27.009346   	32.75731    	31.15163    	14.233240763
30/05/2010  	26.896828   	32.65412    	30.87584    	14.261164089
31/05/2010  	25.948133   	32.64824    	30.02963    	14.263285816
01/06/2010  	26.783979   	32.63269    	29.91678    	14.497538646
02/06/2010  	27.661837   	32.62811    	30.62581    	15.024052858
03/06/2010  	28.794075   	32.64268    	31.17649    	15.654570679
04/06/2010  	29.439083   	32.64806    	31.53797    	16.345782220
05/06/2010  	30.199562   	32.66312    	31.87982    	16.895804524
06/06/2010  	30.521452   	32.66841    	32.07097    	17.269377669
07/06/2010  	28.304041   	32.65707    	31.31164    	17.255886396
08/06/2010  	27.124603   	32.11898    	29.68971    	17.358339032
09/06/2010  	26.656340   	32.13637    	29.55120    	17.564942916
10/06/2010  	26.653444   	32.30455    	29.92887    	17.731390278
11/06/2010  	26.728163   	32.33803    	30.29217    	17.921240250
12/06/2010  	26.974596   	32.34626    	30.64505    	17.639201562
13/06/2010  	26.515532   	32.33984    	30.30429    	17.376154065
14/06/2010  	26.789209   	32.47724    	30.41521    	17.550949335
15/06/2010  	28.081057   	32.49417    	30.77792    	16.523458580
16/06/2010  	29.621946   	32.55594    	31.19974    	15.852062841
17/06/2010  	30.710623   	32.64026    	31.78005    	15.915176928
18/06/2010  	31.513391   	32.69578    	32.21419    	15.725985706
19/06/2010  	31.997713   	32.79520    	32.55042    	14.649205446
20/06/2010  	32.433895   	32.97933    	32.78938    	13.309350193
21/06/2010  	32.702290   	33.07848    	32.95462    	13.357805669
22/06/2010  	32.831169   	33.09497    	32.97773    	14.311537504
23/06/2010  	32.867535   	33.15990    	33.01298    	15.168925782
24/06/2010  	32.923962   	33.20974    	33.03868    	15.952594519
25/06/2010  	32.836948   	33.26490    	33.04723    	16.522148212
26/06/2010  	32.730190   	33.35120    	33.05280    	17.486343582
27/06/2010  	32.844425   	33.34393    	33.09562    	18.298560023
28/06/2010  	32.860531   	33.42514    	33.12777    	19.289813677
29/06/2010  	32.968838   	33.44952    	33.15700    	19.801896850
30/06/2010  	32.938683   	33.45998    	33.16755    	20.132969300
01/07/2010  	32.556087   	33.49691    	33.16636    	20.413108548
02/07/2010  	32.242832   	33.57669    	33.06553    	20.811515371
03/07/2010  	32.336712   	33.63647    	33.00462    	21.260510683
04/07/2010  	31.307407   	33.76647    	32.99795    	21.467101614
05/07/2010  	31.500696   	33.72779    	32.78591    	21.534870545
06/07/2010  	30.126862   	33.43863    	32.42866    	21.194424152
07/07/2010  	30.079542   	33.18626    	31.92382    	20.564976772
08/07/2010  	29.805630   	32.82421    	31.68741    	20.470025619
09/07/2010  	29.579296   	33.08260    	31.52427    	20.696553508
10/07/2010  	29.850594   	33.25813    	31.75599    	21.308443546
11/07/2010  	29.739016   	33.25538    	31.76430    	21.862428745
12/07/2010  	29.661514   	33.18959    	31.84523    	21.895230055
13/07/2010  	29.639633   	33.16678    	32.10161    	21.485451341
14/07/2010  	29.641979   	32.97128    	31.69678    	21.820942799
15/07/2010  	22.383898   	32.80214    	29.45893    	21.203934232
16/07/2010  	21.867491   	31.59123    	26.67102    	20.051196496
17/07/2010  	21.741331   	31.04314    	26.96392    	19.716312687
18/07/2010  	21.712740   	30.95956    	26.61426    	19.529457211
19/07/2010  	22.234608   	31.14514    	27.67561    	19.906086365
20/07/2010  	23.437714   	31.31688    	28.85960    	20.375485857
21/07/2010  	26.223173   	31.40546    	29.80138    	20.569697897
22/07/2010  	26.879938   	31.34391    	29.81839    	20.521623015
23/07/2010  	25.974833   	31.22419    	29.11247    	20.605400403
24/07/2010  	25.965521   	31.48725    	29.46173    	20.451996207
25/07/2010  	26.562315   	31.67443    	29.91219    	20.385020097
26/07/2010  	27.173502   	31.84476    	30.35257    	20.544743141
27/07/2010  	26.615852   	31.94788    	30.23621    	20.508966366
28/07/2010  	27.521658   	32.13552    	30.60468    	20.887651205
29/07/2010  	28.122414   	32.10448    	30.72563    	20.926744183
30/07/2010  	28.476557   	32.09328    	30.82259    	20.827003002
31/07/2010  	26.120079   	32.00792    	30.48069    	20.659031669
01/08/2010  	25.320160   	31.74996    	29.16269    	20.255816142
02/08/2010  	25.792406   	31.71177    	29.27630    	20.549192389
03/08/2010  	26.245052   	31.63206    	29.49428    	20.717819969
04/08/2010  	24.703173   	31.51216    	28.78621    	20.349509319
05/08/2010  	22.769886   	29.52099    	26.88238    	19.766507506
06/08/2010  	22.022890   	29.44901    	26.27710    	19.586647550
07/08/2010  	21.819902   	29.33673    	26.07874    	19.561912139
08/08/2010  	21.310297   	30.61776    	26.42382    	19.558666627
09/08/2010  	21.338451   	31.01443    	26.90232    	19.670455813
10/08/2010  	20.329430   	31.29242    	27.24915    	19.727268020
11/08/2010  	19.972914   	30.97328    	26.07796    	19.761266311
12/08/2010  	19.989597   	30.99988    	25.96492    	19.871607304
13/08/2010  	19.810696   	31.04856    	26.09738    	19.688978116
14/08/2010  	20.182217   	30.88563    	26.22625    	19.778086503
15/08/2010  	20.705624   	31.12317    	27.70099    	19.367066940
16/08/2010  	25.174513   	31.09546    	28.35029    	19.275190790
17/08/2010  	23.904524   	30.69881    	28.05659    	19.603957971
18/08/2010  	22.895981   	29.89383    	26.86733    	19.188917796
19/08/2010  	20.771839   	28.73093    	25.31587    	18.531485677
20/08/2010  	19.898252   	28.50842    	24.68476    	18.265073816
21/08/2010  	20.421490   	28.22391    	24.58831    	18.464515209
22/08/2010  	18.697660   	27.79941    	23.88683    	18.905552745
23/08/2010  	17.746798   	29.00579    	22.96890    	19.124464989
24/08/2010  	15.928159   	22.84038    	19.37071    	18.356209159
25/08/2010  	18.539349   	25.76756    	21.86484    	17.392858624
26/08/2010  	18.076815   	27.43530    	23.29290    	17.095686475
27/08/2010  	16.779961   	28.15803    	24.43870    	16.702815175
28/08/2010  	20.207363   	28.92112    	25.05906    	16.595363895
29/08/2010  	20.130707   	28.63353    	25.18148    	16.515804688
30/08/2010  	22.829458   	29.22737    	26.21849    	15.593167524
31/08/2010  	22.574478   	29.08380    	26.01252    	15.667135000
01/09/2010  	22.272181   	29.30683    	26.28136    	16.088511308
02/09/2010  	22.940329   	29.38294    	26.81640    	16.337646782
03/09/2010  	23.236214   	29.40893    	26.81647    	16.281472345
04/09/2010  	22.490770   	29.37456    	27.00705    	16.388490657
05/09/2010  	21.427591   	29.54408    	26.50361    	16.168191652
06/09/2010  	20.980213   	29.54369    	25.98593    	15.729774972
07/09/2010  	20.572218   	29.64277    	26.25738    	15.125000159
08/09/2010  	21.916826   	29.99600    	26.30895    	14.988164226
09/09/2010  	21.329851   	30.48832    	26.39467    	15.571652055
10/09/2010  	18.851507   	30.35050    	25.28498    	15.902484437
11/09/2010  	16.721289   	29.13682    	23.52228    	16.313000341
12/09/2010  	15.328991   	28.70192    	22.57553    	16.789844751
13/09/2010  	15.534286   	28.45637    	22.85640    	16.727799137
14/09/2010  	13.841421   	25.44145    	19.50764    	16.435849071
15/09/2010  	16.043480   	21.66700    	19.02770    	15.639748037
16/09/2010  	17.495569   	22.01733    	20.53988    	14.578615328
17/09/2010  	20.025816   	23.66012    	21.50425    	14.061301271
18/09/2010  	18.162691   	23.16777    	21.13787    	13.276514232
19/09/2010  	18.026707   	25.10976    	21.55324    	13.062394162
20/09/2010  	17.630276   	25.20208    	22.18398    	13.453164836
21/09/2010  	15.188348   	26.81633    	22.37560    	13.960481723
22/09/2010  	14.708596   	26.86721    	22.10638    	14.380236844
23/09/2010  	15.778451   	27.23802    	22.67646    	14.723658621
24/09/2010  	15.747997   	27.51327    	23.34836    	15.093591988
25/09/2010  	15.641437   	28.86164    	23.91889    	14.600585500
26/09/2010  	16.261406   	28.21347    	23.08278    	14.071026862
27/09/2010  	16.108175   	28.26878    	23.06549    	14.015159229
28/09/2010  	15.863614   	28.10117    	23.32463    	14.165195584
29/09/2010  	15.745872   	27.93633    	22.66190    	13.925716281
30/09/2010  	16.286701   	26.52838    	22.21081    	13.317104101
01/10/2010  	13.848839   	25.49232    	19.61254    	13.208694875
02/10/2010  	12.708850   	19.47194    	16.72334    	13.299737573
03/10/2010  	13.672495   	22.23694    	18.04844    	13.984463731
04/10/2010  	14.970939   	22.63019    	20.13401    	14.566935281
05/10/2010  	14.445323   	23.93031    	20.42878    	14.986015121
06/10/2010  	15.444545   	24.45059    	20.67735    	15.339946151
07/10/2010  	15.329025   	24.74325    	20.52828    	15.454397321
08/10/2010  	15.340636   	26.14360    	21.57006    	15.524331888
09/10/2010  	14.922295   	26.70701    	22.19629    	15.226500412
10/10/2010  	15.190773   	27.60576    	23.37434    	14.674251874
11/10/2010  	15.725013   	27.93995    	24.07577    	14.134875993
12/10/2010  	17.882156   	28.50104    	25.13639    	14.097831885
13/10/2010  	20.064266   	28.66384    	25.74273    	14.039710005
14/10/2010  	21.680975   	28.98545    	26.71481    	14.041816016
15/10/2010  	22.755644   	29.41039    	27.17455    	13.773965319
16/10/2010  	23.005108   	29.68186    	27.22402    	12.679318547
17/10/2010  	26.083693   	29.45162    	28.21404    	12.082087954
18/10/2010  	22.778900   	29.44116    	27.06938    	11.534830213
19/10/2010  	20.091536   	28.09553    	24.88690    	10.526889205
20/10/2010  	19.407530   	29.57607    	25.27388    	10.112458090
21/10/2010  	19.605757   	29.63228    	24.23749    	 8.992449383
22/10/2010  	21.309725   	28.13332    	25.25194    	 8.923268278
23/10/2010  	19.374987   	28.87514    	25.13179    	 9.132157723
24/10/2010  	21.164841   	29.41845    	26.06372    	 9.000640968
25/10/2010  	23.312586   	30.11663    	27.29623    	 8.455784877
26/10/2010  	20.263296   	30.03316    	26.62605    	 8.134788682
27/10/2010  	16.623528   	26.59637    	21.86943    	 8.270488709
28/10/2010  	15.990769   	25.89471    	21.44107    	 9.194363972
29/10/2010  	13.570757   	24.31825    	19.42369    	 9.762534221
30/10/2010  	16.293318   	23.63663    	20.36577    	 9.923496366
31/10/2010  	16.806828   	24.88911    	22.09509    	10.021298746
01/11/2010  	18.265802   	26.13805    	22.64562    	10.087233583
02/11/2010  	14.677574   	24.95069    	20.77746    	10.111905138
03/11/2010  	14.968188   	21.89233    	18.63665    	10.546725293
04/11/2010  	15.095589   	23.30589    	19.99076    	11.073405584
05/11/2010  	20.289543   	25.45251    	23.24879    	12.059944371
06/11/2010  	19.906088   	25.89709    	23.48565    	11.831102173
07/11/2010  	19.692141   	26.99739    	23.50568    	11.092596749
08/11/2010  	18.269272   	26.51625    	22.98925    	 9.767948578
09/11/2010  	18.113007   	28.17736    	24.38271    	 9.087160230
10/11/2010  	19.508833   	28.66709    	25.37373    	 8.819658379
11/11/2010  	13.970577   	28.74227    	21.72845    	 7.776354283
12/11/2010  	18.330645   	25.17991    	22.23129    	 8.129473140
13/11/2010  	21.858461   	27.44608    	24.49008    	 8.496996542
14/11/2010  	22.763788   	27.63389    	25.41139    	 8.709351738
15/11/2010  	22.502047   	26.86966    	24.92427    	 8.485370447
16/11/2010  	21.593048   	26.85673    	24.33704    	 8.197864254
17/11/2010  	21.587349   	26.84409    	24.43665    	 7.476975044
18/11/2010  	21.262785   	26.82854    	24.64434    	 7.139964441
19/11/2010  	19.266829   	26.93873    	23.94997    	 6.944170435
20/11/2010  	19.737411   	27.66583    	24.13941    	 7.045793215
21/11/2010  	19.848881   	28.33696    	24.60333    	 7.006808837
22/11/2010  	20.482672   	28.95923    	25.66195    	 6.876262337
23/11/2010  	20.664013   	29.76205    	26.55333    	 6.749207417
24/11/2010  	24.053688   	29.69776    	26.89731    	 6.102279723
25/11/2010  	23.389315   	29.52763    	26.52845    	 5.680367430
26/11/2010  	22.542948   	29.42586    	26.31344    	 5.048893233
27/11/2010  	21.708029   	29.04824    	25.60699    	 4.494804959
28/11/2010  	20.920744   	28.98996    	25.20118    	 3.857124617
29/11/2010  	21.654388   	29.10693    	25.94985    	 3.383584993
30/11/2010  	22.454285   	29.04815    	26.89243    	 3.224919323
01/12/2010  	24.694706   	29.49011    	27.69482    	 2.569079075
02/12/2010  	26.118401   	30.03006    	28.73749    	 2.137642646
03/12/2010  	26.258682   	30.45781    	29.22021    	 2.305113351
04/12/2010  	20.270336   	30.14699    	26.20349    	 1.030679774
05/12/2010  	18.561525   	27.61426    	23.43267    	 0.811940304
06/12/2010  	18.789440   	28.74395    	24.32729    	 1.195167796
07/12/2010  	19.600065   	29.24113    	25.34538    	 1.146073930
08/12/2010  	20.124851   	29.94809    	26.37168    	 1.217621743
09/12/2010  	23.454216   	29.81583    	28.01041    	 1.841734012
10/12/2010  	22.788620   	30.04747    	26.77681    	 1.870688078
11/12/2010  	24.875935   	30.34431    	28.18609    	 3.143002053
12/12/2010  	26.921755   	30.51254    	29.16783    	 3.992696116
13/12/2010  	27.976322   	30.46286    	29.32804    	 3.476117616
14/12/2010  	27.782579   	30.56896    	29.23222    	 2.326510713
15/12/2010  	27.766033   	30.51802    	29.34989    	 2.434519332
16/12/2010  	27.205088   	30.62993    	29.86751    	 3.072291106
17/12/2010  	26.216131   	30.45849    	29.00466    	 2.467107815
18/12/2010  	22.806288   	30.11975    	27.29990    	 1.572858117
19/12/2010  	22.844677   	29.95684    	27.04145    	 0.702781021
20/12/2010  	24.168560   	30.48783    	28.00768    	 0.442996242
21/12/2010  	22.974472   	30.06957    	27.06362    	 0.116330288
22/12/2010  	23.553280   	30.64579    	27.52408    	-0.146748822
23/12/2010  	23.074875   	30.55269    	27.96059    	-0.168168556
24/12/2010  	27.376902   	30.99406    	29.36629    	-0.033128938
25/12/2010  	28.729338   	31.24969    	29.77658    	-0.603384011
26/12/2010  	28.761532   	31.33165    	29.94081    	-0.392083416
27/12/2010  	27.762981   	31.31995    	29.98811    	 0.045337087
28/12/2010  	25.321365   	31.28691    	28.83590    	 0.087131759
29/12/2010  	25.201963   	30.96019    	28.57344    	 0.012332887
30/12/2010  	25.855509   	31.07772    	28.78704    	 0.110657748
31/12/2010  	25.699858   	30.99971    	28.78725    	 0.305928961
01/01/2011  	25.638988   	31.37800    	29.59052    	 0.812951833
02/01/2011  	26.066753   	31.41466    	29.14096    	 1.154831516
03/01/2011  	25.950624   	31.41912    	28.97420    	 1.360784655
04/01/2011  	21.247698   	31.27270    	27.74036    	 1.218757778
05/01/2011  	15.371444   	25.69407    	21.79703    	 0.899250493
06/01/2011  	15.944019   	28.53587    	21.90476    	 0.805904916
07/01/2011  	15.766960   	27.49731    	22.88190    	 1.026163975
08/01/2011  	12.601709   	26.85218    	19.50509    	 1.839544035
09/01/2011  	12.345107   	23.63287    	17.81705    	 2.305204771
10/01/2011  	13.489799   	23.68173    	18.00336    	 2.249996908
11/01/2011  	15.229745   	22.71199    	19.29637    	 1.974091132
12/01/2011  	13.602509   	23.26598    	17.85183    	 1.862841606
13/01/2011  	13.894249   	21.84262    	18.39207    	 2.235882267
14/01/2011  	12.327497   	20.49562    	16.30873    	 2.949280565
15/01/2011  	14.919561   	20.33689    	17.71667    	 4.078949114
16/01/2011  	16.935547   	21.80229    	19.67187    	 4.464837685
17/01/2011  	16.410034   	23.56766    	20.15640    	 4.750878304
18/01/2011  	14.634159   	24.10521    	20.38683    	 4.748921424
19/01/2011  	14.731784   	24.97377    	20.71492    	 4.612442583
20/01/2011  	14.280707   	26.10011    	21.27550    	 4.145977631
21/01/2011  	15.131571   	26.95767    	22.01596    	 3.800305232
22/01/2011  	15.366692   	27.60105    	22.55449    	 3.896867360
23/01/2011  	16.400400   	28.15406    	23.28538    	 4.071864292
24/01/2011  	17.096119   	28.44240    	23.87870    	 4.359290113
25/01/2011  	20.456394   	29.20996    	25.50574    	 4.331049790
26/01/2011  	18.289167   	29.41728    	24.72210    	 4.060770656
27/01/2011  	18.128227   	28.79543    	24.37167    	 3.150677766
28/01/2011  	19.474567   	28.95020    	25.59476    	 2.590759405
29/01/2011  	22.194637   	29.60866    	26.92884    	 2.277950444
30/01/2011  	22.198732   	29.43024    	26.61349    	 1.958850003
31/01/2011  	20.443716   	29.75320    	26.49895    	 1.903924653
01/02/2011  	16.509403   	28.86826    	23.98694    	 1.487023956
02/02/2011  	10.541530   	26.26108    	19.80431    	 1.646274510
03/02/2011  	 7.896887   	23.92301    	16.50440    	 2.304429402
04/02/2011  	 9.421418   	20.69180    	15.48555    	 3.512528355
05/02/2011  	15.811612   	25.92328    	19.68916    	 4.582042615
06/02/2011  	17.597366   	27.76353    	23.40448    	 5.461802870
07/02/2011  	19.154152   	27.05794    	23.42547    	 5.484130035
08/02/2011  	17.939293   	27.58297    	24.89706    	 5.327715536
09/02/2011  	16.945608   	27.47379    	23.38825    	 5.020462135
10/02/2011  	20.499308   	27.63546    	24.59774    	 5.094659964
11/02/2011  	19.834425   	27.55575    	24.10455    	 5.153509041
12/02/2011  	18.598549   	26.77420    	22.34376    	 4.659373462
13/02/2011  	16.736383   	23.89079    	20.92947    	 4.523191830
14/02/2011  	13.948016   	22.78442    	19.75066    	 4.578017851
15/02/2011  	13.743789   	23.99242    	19.54745    	 4.568917026
16/02/2011  	14.769219   	24.01192    	20.22656    	 4.614289751
17/02/2011  	14.890573   	26.13830    	21.33308    	 4.469406913
18/02/2011  	14.272827   	26.56190    	21.64611    	 3.826741775
19/02/2011  	14.316841   	26.25208    	21.15135    	 3.120403588
20/02/2011  	15.955777   	27.72648    	22.56330    	 2.589998290
21/02/2011  	17.892342   	28.09789    	23.59083    	 1.796487741
22/02/2011  	19.631639   	28.32138    	24.79188    	 1.252776241
23/02/2011  	19.266655   	28.36897    	24.71138    	 1.033204696
24/02/2011  	19.162119   	25.06770    	22.57992    	 1.054261964
25/02/2011  	17.810497   	26.11060    	22.68568    	 1.644050347
26/02/2011  	19.266548   	25.04124    	22.44170    	 2.472837657
27/02/2011  	18.024748   	24.62496    	21.27767    	 3.040208697
28/02/2011  	18.315006   	26.30353    	22.68814    	 3.082675298
01/03/2011  	18.636446   	26.80635    	23.53819    	 2.878525053
02/03/2011  	19.528967   	27.38651    	24.44851    	 2.632749627
03/03/2011  	21.293409   	28.05047    	25.47269    	 2.569949672
04/03/2011  	21.394011   	29.07533    	26.04359    	 2.572352489
05/03/2011  	22.727501   	29.84465    	27.16298    	 3.129399002
06/03/2011  	22.752008   	29.74771    	27.04126    	 3.257772098
07/03/2011  	23.582518   	30.24797    	27.54029    	 3.276212528
08/03/2011  	24.675793   	30.49513    	28.32002    	 3.386646564
09/03/2011  	21.100138   	30.52986    	27.07638    	 3.474847188
10/03/2011  	16.339373   	28.90000    	22.42586    	 3.854775662
11/03/2011  	17.168465   	26.82736    	22.61137    	 4.367190222
12/03/2011  	17.778465   	27.32871    	23.02012    	 4.571771453
13/03/2011  	18.769693   	27.62203    	23.75050    	 4.856513749
14/03/2011  	18.290974   	26.70219    	23.02731    	 5.246077071
15/03/2011  	20.774294   	26.66127    	23.93681    	 5.460920890
16/03/2011  	20.324345   	27.82737    	24.59893    	 5.659994394
17/03/2011  	18.887548   	28.86258    	25.65397    	 5.595568905
18/03/2011  	21.557392   	29.60229    	26.59736    	 5.573427260
19/03/2011  	21.215755   	29.98672    	26.60959    	 5.652874480
20/03/2011  	21.282225   	30.63093    	26.84634    	 5.849415710
21/03/2011  	22.744888   	31.16022    	27.70921    	 6.005116681
22/03/2011  	22.850000   	31.33129    	27.96042    	 6.347286334
23/03/2011  	22.045071   	31.24808    	27.76550    	 6.831828763
24/03/2011  	22.793951   	31.26634    	28.41658    	 7.115614067
25/03/2011  	23.960989   	31.11687    	28.95489    	 7.334235132
26/03/2011  	24.889961   	31.10014    	29.28392    	 7.304573367
27/03/2011  	27.127729   	30.96249    	29.75037    	 7.085088203
28/03/2011  	27.851038   	31.11851    	30.24308    	 7.069277714
29/03/2011  	27.760637   	31.16115    	30.20707    	 7.180678676
30/03/2011  	27.165350   	31.08593    	30.01145    	 7.218945980
31/03/2011  	26.616777   	30.85368    	29.06095    	 7.567927887
01/04/2011  	22.633228   	28.82808    	26.17769    	 8.077021529
02/04/2011  	22.261936   	30.32732    	26.00960    	 8.443567932
03/04/2011  	23.119936   	30.34204    	27.16973    	 8.675709943
04/04/2011  	23.878807   	30.36500    	27.76166    	 8.935827017
05/04/2011  	22.657104   	29.23373    	26.65805    	 9.021670183
06/04/2011  	23.041647   	28.78436    	25.99524    	 9.372705857
07/04/2011  	23.574856   	29.51974    	26.65026    	 9.705396712
08/04/2011  	23.742374   	29.79039    	27.23365    	 9.959892551
09/04/2011  	24.410475   	29.84771    	27.53099    	10.199075520
10/04/2011  	24.744457   	30.04919    	28.05142    	10.413595855
11/04/2011  	25.761728   	30.16569    	28.90549    	10.757983863
12/04/2011  	27.835327   	30.19251    	29.64033    	10.534212589
13/04/2011  	27.036247   	30.21358    	29.01012    	10.325530330
14/04/2011  	26.894741   	30.42698    	29.11313    	10.250330349
15/04/2011  	26.799259   	30.49646    	29.11320    	10.243520220
16/04/2011  	27.273092   	30.88448    	29.42163    	10.236671368
17/04/2011  	27.291452   	31.11864    	29.51219    	10.551015894
18/04/2011  	27.429405   	31.25891    	29.54860    	10.964255591
19/04/2011  	27.360180   	31.41841    	29.60943    	11.321839710
20/04/2011  	26.921352   	31.40506    	29.73421    	11.822243790
21/04/2011  	26.640635   	31.45017    	29.71756    	12.322322587
22/04/2011  	26.889441   	31.40962    	29.80885    	12.813344141
23/04/2011  	27.040293   	31.31747    	29.97388    	13.256483217
24/04/2011  	27.925875   	31.26818    	30.32575    	13.696576436
25/04/2011  	28.331907   	31.17675    	30.42100    	14.109554191
26/04/2011  	27.288166   	31.14808    	30.40326    	13.744160314
27/04/2011  	29.351179   	31.15656    	30.70711    	12.613549610
28/04/2011  	29.584652   	31.16263    	30.58708    	12.060256322
29/04/2011  	29.388876   	31.12787    	30.45219    	12.160195291
30/04/2011  	28.633106   	31.32218    	30.23477    	11.744740367
01/05/2011  	29.095572   	31.62667    	30.47482    	11.062369287
02/05/2011  	29.796442   	31.63523    	30.66883    	10.599897603
03/05/2011  	30.063486   	31.80760    	30.94322    	10.297195385
04/05/2011  	30.519053   	31.84428    	31.12033    	10.739033004
05/05/2011  	30.674511   	31.86901    	31.12850    	11.081278106
06/05/2011  	30.632145   	31.99189    	31.18825    	11.653132578
07/05/2011  	30.744652   	32.06409    	31.25489    	12.347673337
08/05/2011  	30.817591   	32.01862    	31.30361    	12.953440666
09/05/2011  	30.890577   	32.09606    	31.44990    	13.435011625
10/05/2011  	30.921247   	32.11638    	31.49724    	13.799780329
11/05/2011  	31.009829   	32.14663    	31.60695    	14.242474139
12/05/2011  	31.086935   	32.17482    	31.74261    	14.532358527
13/05/2011  	31.243738   	32.18047    	31.85048    	14.520104388
14/05/2011  	31.225843   	32.27500    	31.93281    	14.561711888
15/05/2011  	31.650345   	32.32000    	32.02832    	14.219153404
16/05/2011  	30.925800   	32.30964    	31.95993    	14.120626668
17/05/2011  	30.687864   	32.33265    	31.82840    	14.023026447
18/05/2011  	30.711840   	32.33102    	31.72076    	14.215796351
19/05/2011  	30.963781   	32.34872    	31.89570    	14.602098465
20/05/2011  	30.993170   	32.38018    	31.84450    	15.190827032
21/05/2011  	31.222658   	32.41138    	31.97046    	15.771385630
22/05/2011  	30.821936   	32.39931    	31.97906    	15.983555853
23/05/2011  	30.428982   	32.32175    	31.62538    	15.765126348
24/05/2011  	30.297342   	32.25562    	31.44271    	15.321414212
25/05/2011  	30.865049   	32.19902    	31.65128    	14.743044694
26/05/2011  	31.016916   	32.44555    	31.79822    	14.948703170
27/05/2011  	31.025230   	31.75873    	31.48979    	14.846929550
28/05/2011  	31.011326   	31.40227    	31.19946    	14.351239065
29/05/2011  	30.841995   	31.36258    	31.01817    	14.238671223
30/05/2011  	30.944847   	31.27080    	31.03422    	14.860688965
31/05/2011  	30.857414   	31.55301    	31.20485    	15.245073775
01/06/2011  	30.873388   	31.65838    	31.25045    	15.547069112
02/06/2011  	30.956823   	31.68845    	31.26892    	16.121357044
03/06/2011  	31.030220   	31.73709    	31.38506    	16.932381670
04/06/2011  	31.189650   	31.74825    	31.46546    	17.191358586
05/06/2011  	31.406906   	31.91300    	31.66694    	16.485984127
06/06/2011  	31.393972   	31.99577    	31.71953    	16.709449013
07/06/2011  	31.457329   	32.03744    	31.73982    	17.308684468
08/06/2011  	31.236162   	32.03611    	31.66955    	17.663138231
09/06/2011  	27.603884   	31.97123    	31.19370    	17.432230075
10/06/2011  	28.169258   	31.86535    	30.60685    	17.328120351
11/06/2011  	28.187660   	31.89638    	30.73817    	17.250304818
12/06/2011  	26.910746   	31.71134    	30.01965    	16.938161890
13/06/2011  	25.358995   	31.70373    	29.54643    	16.775932034
14/06/2011  	24.563190   	31.61778    	28.68612    	17.004750888
15/06/2011  	25.241858   	31.76465    	29.03893    	17.441630681
16/06/2011  	25.939552   	31.89655    	29.80031    	17.523875634
17/06/2011  	25.379734   	31.68571    	29.84701    	17.402444879
18/06/2011  	22.586197   	31.49589    	27.75036    	16.806481222
19/06/2011  	24.020784   	29.18988    	27.58006    	16.169823786
20/06/2011  	25.391293   	30.59264    	28.00175    	16.298180223
21/06/2011  	25.394995   	30.80907    	28.45776    	16.897771915
22/06/2011  	25.348444   	30.18917    	28.45888    	16.698766828
23/06/2011  	23.846931   	29.83302    	28.05023    	16.427596788
24/06/2011  	24.934053   	30.19173    	28.22332    	16.695064942
25/06/2011  	25.131784   	30.04852    	28.14912    	16.858197610
26/06/2011  	25.406204   	30.24523    	28.41435    	17.227775971
27/06/2011  	25.497957   	30.57221    	28.84950    	17.966151317
28/06/2011  	26.456053   	30.65951    	29.28182    	18.747631152
29/06/2011  	26.132559   	30.65672    	29.35959    	19.185084820
30/06/2011  	25.632397   	30.65062    	29.07593    	19.099939466
01/07/2011  	26.542852   	30.67289    	29.25757    	18.551831126
02/07/2011  	27.030569   	30.86007    	29.48903    	17.644657830
03/07/2011  	28.465757   	30.89838    	29.97937    	16.477209508
04/07/2011  	28.631714   	30.80030    	30.17871    	16.287177066
05/07/2011  	28.709473   	30.78793    	30.01941    	16.989229302
06/07/2011  	28.830965   	30.80632    	30.13637    	17.758736650
07/07/2011  	28.170843   	30.73303    	29.92869    	17.968260964
08/07/2011  	27.557419   	30.78766    	29.99881    	18.375677705
09/07/2011  	26.265636   	30.75474    	29.61073    	18.423955798
10/07/2011  	25.633587   	30.29314    	28.38583    	18.384494146
11/07/2011  	25.870018   	30.72632    	28.52623    	18.886916478
12/07/2011  	26.556854   	30.82207    	29.22132    	19.160927137
13/07/2011  	28.386478   	30.89919    	30.06576    	17.305682262
14/07/2011  	29.136641   	30.75047    	30.09760    	17.074696521
15/07/2011  	29.027924   	30.83728    	30.03146    	17.183643579
16/07/2011  	28.331308   	30.98796    	29.82327    	17.435148716
17/07/2011  	19.672319   	30.59119    	27.44498    	17.455978115
18/07/2011  	18.514439   	27.85429    	24.24107    	17.022343198
19/07/2011  	22.873724   	26.40012    	24.51668    	17.002383312
20/07/2011  	23.146547   	28.05128    	25.15390    	17.506037275
21/07/2011  	23.393532   	28.52769    	25.98069    	18.067664703
22/07/2011  	22.963858   	29.04959    	27.04213    	17.820304354
23/07/2011  	24.888184   	29.61471    	27.71359    	16.644526323
24/07/2011  	24.096004   	29.29826    	27.11345    	15.203404228
25/07/2011  	25.143343   	28.68380    	26.62949    	15.284177820
26/07/2011  	24.109203   	28.27336    	26.51854    	15.613242348
27/07/2011  	23.462774   	28.90950    	26.24449    	16.297479292
28/07/2011  	22.924641   	30.02113    	26.83746    	17.163725932
29/07/2011  	23.627651   	30.30281    	27.80079    	17.357125560
30/07/2011  	25.021299   	30.41860    	28.09446    	16.792305509
31/07/2011  	25.689980   	30.93168    	28.41416    	16.630424976
01/08/2011  	25.665642   	31.53263    	28.66549    	17.243922869
02/08/2011  	25.923168   	31.74980    	28.91997    	17.890729467
03/08/2011  	26.311785   	32.01139    	29.35185    	18.529079755
04/08/2011  	25.942305   	32.19695    	29.51389    	19.050253193
05/08/2011  	23.790155   	31.86024    	29.05894    	19.499875029
06/08/2011  	24.246681   	31.77292    	28.39720    	19.899058183
07/08/2011  	17.152292   	31.25139    	26.13664    	19.331253290
08/08/2011  	16.722839   	28.82564    	23.17172    	18.480080406
09/08/2011  	20.040104   	27.02234    	24.22689    	17.298908313
10/08/2011  	18.805246   	28.46998    	23.21392    	16.217063109
11/08/2011  	17.772846   	28.43957    	24.93023    	15.984912813
12/08/2011  	18.443024   	28.83734    	25.56992    	16.619904816
13/08/2011  	17.672722   	29.43227    	25.17263    	17.333656351
14/08/2011  	19.255230   	29.79715    	25.88020    	17.636505008
15/08/2011  	20.105343   	30.33036    	26.63550    	17.943335573
16/08/2011  	20.353083   	30.37507    	26.01971    	18.108654857
17/08/2011  	19.807791   	30.50351    	26.10261    	18.214398464
18/08/2011  	20.004055   	30.55761    	26.36601    	18.102282683
19/08/2011  	20.615602   	30.94831    	27.93483    	18.120722453
20/08/2011  	22.795645   	30.36998    	27.38748    	18.050994794
21/08/2011  	22.427742   	30.38696    	27.43360    	18.324751099
22/08/2011  	22.991707   	30.25944    	27.39123    	18.577690005
23/08/2011  	23.020800   	30.22205    	27.67797    	18.716328263
24/08/2011  	23.323399   	29.97923    	27.41192    	18.963093877
25/08/2011  	21.568855   	28.48671    	25.70865    	18.947251558
26/08/2011  	20.271448   	29.36548    	25.56091    	18.994489153
27/08/2011  	17.925171   	27.99449    	24.00026    	18.659630577
28/08/2011  	15.983948   	28.01434    	22.47610    	17.890408158
29/08/2011  	16.590656   	28.74381    	23.67019    	16.839855154
30/08/2011  	16.427620   	29.81308    	23.77061    	16.000640790
31/08/2011  	16.447691   	30.39473    	24.71058    	16.160820643
01/09/2011  	17.584717   	30.79533    	25.67741    	16.295468628
02/09/2011  	19.776314   	31.04904    	26.35349    	16.392348727
03/09/2011  	20.958696   	31.27110    	27.04351    	17.032220503
04/09/2011  	20.956905   	30.88252    	26.94258    	17.582747221
05/09/2011  	15.028138   	30.04231    	23.77114    	17.382671436
06/09/2011  	16.593426   	23.83164    	20.39618    	16.272753139
07/09/2011  	21.174696   	26.09555    	24.09567    	15.810085118
08/09/2011  	23.658171   	27.86880    	26.10594    	15.411360125
09/09/2011  	22.689625   	27.72087    	26.04944    	15.497995694
10/09/2011  	22.335962   	27.79331    	25.68101    	15.989807427
11/09/2011  	18.507425   	27.78044    	24.76836    	16.519659420
12/09/2011  	15.693280   	27.10035    	22.28021    	16.714297454
13/09/2011  	22.045696   	26.45839    	24.39817    	16.034414132
14/09/2011  	24.495386   	27.64805    	26.57198    	15.008411586
15/09/2011  	23.893389   	27.60428    	26.26271    	14.720665912
16/09/2011  	23.094524   	28.05677    	25.85674    	14.569021364
17/09/2011  	18.775488   	28.06250    	25.50496    	14.830841919
18/09/2011  	17.715080   	27.26303    	22.91216    	14.684040785
19/09/2011  	17.193287   	26.97172    	22.52812    	14.589584510
20/09/2011  	17.043333   	25.75217    	21.32108    	14.603344937
21/09/2011  	18.778976   	22.98037    	21.02039    	15.043534915
22/09/2011  	21.146801   	22.98140    	22.05489    	14.915130198
23/09/2011  	20.620649   	23.82669    	22.53884    	14.339221676
24/09/2011  	19.668873   	26.32728    	23.48742    	14.412902057
25/09/2011  	19.644201   	27.24752    	24.25073    	14.624421934
26/09/2011  	19.376783   	27.66887    	24.79744    	14.996303697
27/09/2011  	20.592648   	28.37567    	24.89124    	15.314979235
28/09/2011  	19.917128   	28.96196    	25.19057    	15.813026408
29/09/2011  	20.325912   	29.64327    	25.78407    	16.299200018
30/09/2011  	20.529497   	29.94081    	26.07938    	16.699912429
01/10/2011  	20.570560   	30.14094    	26.44494    	17.074194074
02/10/2011  	20.677589   	30.01667    	26.73235    	17.420705597
03/10/2011  	20.988119   	29.89386    	26.81836    	17.520641009
04/10/2011  	21.693329   	29.76395    	26.37311    	17.335894108
05/10/2011  	13.336714   	29.19069    	21.89480    	16.532330871
06/10/2011  	17.260870   	26.48013    	22.35070    	15.728363772
07/10/2011  	22.065556   	24.03319    	23.31291    	14.170430144
08/10/2011  	21.626204   	27.36493    	24.55542    	12.597628474
09/10/2011  	18.632450   	27.98218    	24.68727    	11.817373117
10/10/2011  	17.049118   	29.02010    	22.83619    	12.802581688
11/10/2011  	18.046736   	27.76512    	23.64608    	13.701984862
12/10/2011  	19.386578   	28.55858    	24.86736    	13.605121354
13/10/2011  	18.977501   	28.76898    	24.87345    	13.248056750
14/10/2011  	18.213707   	28.92758    	24.86190    	12.878717780
15/10/2011  	18.323664   	29.16852    	25.62820    	12.436502695
16/10/2011  	20.748796   	29.04474    	25.81388    	11.978976687
17/10/2011  	15.323504   	28.69386    	23.25036    	11.934156477
18/10/2011  	13.009270   	23.74746    	18.32939    	11.725547890
19/10/2011  	19.592649   	22.45130    	20.88889    	10.549698095
20/10/2011  	18.581854   	22.79372    	20.88856    	 9.832690835
21/10/2011  	17.751139   	25.52049    	21.02237    	 9.446569681
22/10/2011  	16.233006   	23.71843    	20.66340    	 9.044328451
23/10/2011  	15.789536   	24.95136    	21.23794    	 8.688951910
24/10/2011  	15.569466   	25.32415    	20.55725    	 8.294605285
25/10/2011  	15.254956   	23.94021    	20.34552    	 8.331195086
26/10/2011  	15.489495   	24.51037    	20.51869    	 8.830227335
27/10/2011  	15.884376   	25.27673    	20.96038    	 9.197048664
28/10/2011  	17.599281   	26.64973    	22.64073    	 9.607171377
29/10/2011  	16.592060   	27.34048    	23.09035    	 9.953897417
30/10/2011  	20.860357   	27.07631    	24.54980    	10.589890341
31/10/2011  	19.672646   	27.04566    	23.52164    	11.313087225
01/11/2011  	19.774839   	27.53563    	24.18574    	11.482812842
02/11/2011  	20.147520   	28.07317    	24.22428    	11.643994947
03/11/2011  	21.195442   	27.47080    	24.78726    	11.737070044
04/11/2011  	20.712311   	27.42737    	24.53583    	11.957109352
05/11/2011  	20.440039   	26.95222    	24.16926    	12.060169836
06/11/2011  	20.744122   	27.06334    	24.46790    	11.994123081
07/11/2011  	20.622795   	27.80482    	24.92356    	11.710110863
08/11/2011  	21.885126   	28.40017    	25.65101    	11.207853874
09/11/2011  	22.063349   	28.28256    	26.13244    	10.803766191
10/11/2011  	22.823822   	28.70103    	26.27514    	10.366057873
11/11/2011  	22.727760   	28.79070    	26.17518    	 9.603088250
12/11/2011  	24.509598   	28.66763    	26.58150    	 8.860016157
13/11/2011  	24.234201   	29.26420    	26.76923    	 8.760939449
14/11/2011  	23.928448   	29.48048    	26.59069    	 7.737872382
15/11/2011  	24.165981   	29.51886    	27.25459    	 7.572416956
16/11/2011  	24.346895   	29.32199    	27.47764    	 6.750688349
17/11/2011  	24.613356   	29.43463    	27.88653    	 6.992049734
18/11/2011  	22.831133   	29.14384    	26.53019    	 6.950790852
19/11/2011  	23.679569   	29.00550    	26.20105    	 7.043871264
20/11/2011  	23.805883   	28.96487    	26.46953    	 6.972207040
21/11/2011  	24.000908   	29.37103    	26.92476    	 6.798102289
22/11/2011  	24.219297   	29.73607    	27.54603    	 6.902120382
23/11/2011  	24.330217   	30.08139    	27.92974    	 7.131606430
24/11/2011  	24.364420   	30.73214    	28.11072    	 7.861013701
25/11/2011  	22.366825   	30.25938    	27.53872    	 8.254414459
26/11/2011  	20.316212   	30.10873    	26.94525    	 8.292570561
27/11/2011  	23.738642   	30.76699    	27.80171    	 8.959143917
28/11/2011  	24.314987   	30.55814    	27.53781    	 8.632537127
29/11/2011  	24.126345   	30.30685    	27.83095    	 8.177810222
30/11/2011  	22.840048   	29.70209    	27.47888    	 7.876036783
01/12/2011  	22.695292   	27.59204    	25.56444    	 7.613634278
02/12/2011  	22.948452   	27.49290    	25.61549    	 7.557019939
03/12/2011  	20.993265   	26.01020    	24.48692    	 7.613973240
04/12/2011  	23.749928   	26.59887    	25.58859    	 7.493666371
05/12/2011  	25.146484   	28.98649    	26.47721    	 6.947992384
06/12/2011  	26.190622   	28.64549    	27.75379    	 5.983310878
07/12/2011  	26.735382   	30.31265    	28.44892    	 5.694717884
08/12/2011  	22.737791   	30.04366    	27.39043    	 6.005956779
09/12/2011  	21.476286   	28.37910    	26.20310    	 6.538735718
10/12/2011  	25.250822   	27.86270    	26.17734    	 5.970937838
11/12/2011  	24.960087   	27.74409    	25.97615    	 5.465648731
12/12/2011  	22.387884   	28.05397    	25.94468    	 5.400354455
13/12/2011  	20.294146   	26.37612    	23.92475    	 5.767489771
14/12/2011  	23.352129   	27.28826    	25.29893    	 5.943441093
15/12/2011  	23.387831   	27.81889    	26.29960    	 5.619907190
16/12/2011  	20.181217   	27.76371    	25.19551    	 5.400291463
17/12/2011  	22.959557   	27.57128    	25.48236    	 5.018914868
18/12/2011  	22.504152   	27.62361    	25.14173    	 4.669976095
19/12/2011  	20.489302   	27.96944    	24.39466    	 4.342242171
20/12/2011  	20.223845   	26.88816    	24.25784    	 4.281584094
21/12/2011  	20.084816   	27.68730    	24.07522    	 4.620453894
22/12/2011  	19.547560   	28.72337    	24.70003    	 5.041278273
23/12/2011  	15.778687   	28.30393    	23.31999    	 5.690831244
24/12/2011  	15.444811   	27.44494    	22.78417    	 5.995427499
25/12/2011  	12.498044   	27.50691    	21.21712    	 6.232214342
26/12/2011  	17.960661   	28.71680    	23.72374    	 7.037475804
27/12/2011  	13.111598   	28.00977    	22.85421    	 7.318210344
28/12/2011  	10.261865   	27.31354    	18.89720    	 6.853430351
29/12/2011  	13.584275   	24.66588    	19.45345    	 6.054643353
30/12/2011  	14.003924   	23.36455    	19.67987    	 5.504811565
