date	smin	smax	smean	tmean
01/01/2009 	16.053268  	19.40831   	17.93183   	 1.64777724
02/01/2009 	15.629809  	19.14190   	17.61486   	 1.61912175
03/01/2009 	14.800807  	19.10918   	17.06443   	 1.35260924
04/01/2009 	15.525581  	21.88556   	18.41344   	 1.57393090
05/01/2009 	15.298976  	19.68042   	17.34165   	 1.50908611
06/01/2009 	14.758664  	20.20567   	17.79399   	 1.04375812
07/01/2009 	16.204851  	20.69045   	18.46632   	 0.89412802
08/01/2009 	16.634048  	20.29631   	18.51037   	 0.78753204
09/01/2009 	16.509659  	20.54236   	18.85699   	 0.64705077
10/01/2009 	16.784201  	20.69785   	18.99811   	 0.42771123
11/01/2009 	17.589949  	22.02464   	20.06187   	 0.26620871
12/01/2009 	19.590933  	23.13049   	21.19262   	 0.50414702
13/01/2009 	21.134886  	23.88066   	22.27116   	 1.06501607
14/01/2009 	18.919579  	23.88776   	21.88009   	 1.30607336
15/01/2009 	14.682996  	24.02774   	20.16413   	 1.30718045
16/01/2009 	14.430692  	23.31963   	19.72644   	 1.37082356
17/01/2009 	17.293816  	24.32765   	22.14831   	 1.82444968
18/01/2009 	22.843845  	23.87577   	23.35837   	 2.36481989
19/01/2009 	22.573984  	23.36211   	22.96284   	 2.60594042
20/01/2009 	22.823050  	25.60192   	24.06918   	 2.91469767
21/01/2009 	22.665110  	25.85490   	24.62859   	 2.89921016
22/01/2009 	23.103060  	26.88725   	25.33377   	 2.74777572
23/01/2009 	25.160933  	27.71184   	26.82118   	 2.69130975
24/01/2009 	26.003891  	26.70908   	26.43641   	 2.82595198
25/01/2009 	24.429926  	26.95246   	26.17653   	 2.84249152
26/01/2009 	22.002148  	27.13900   	25.56074   	 2.64509201
27/01/2009 	19.490461  	26.50495   	24.40661   	 2.36083685
28/01/2009 	17.834604  	25.42904   	23.08536   	 2.06799192
29/01/2009 	17.846685  	25.06712   	22.32275   	 1.84875755
30/01/2009 	16.735155  	24.12799   	21.08201   	 1.52186659
31/01/2009 	17.924210  	24.00803   	21.49562   	 1.16033479
01/02/2009 	18.516825  	23.99557   	21.54408   	 0.60571584
02/02/2009 	19.196623  	23.44724   	21.95292   	 0.21607807
03/02/2009 	22.213627  	23.74596   	23.13828   	 0.48271737
04/02/2009 	22.805771  	23.93699   	23.49505   	 0.61840598
05/02/2009 	22.943426  	23.91852   	23.57345   	 0.68685355
06/02/2009 	21.960606  	24.22405   	23.57486   	 0.92442245
07/02/2009 	21.284626  	23.92137   	22.81000   	 1.05593850
08/02/2009 	19.960581  	23.11529   	21.69498   	 1.11836741
09/02/2009 	18.947840  	22.49869   	21.12704   	 1.20922125
10/02/2009 	16.824560  	22.59851   	20.87768   	 1.33688954
11/02/2009 	16.578096  	21.28812   	19.12092   	 1.49084417
12/02/2009 	16.123041  	21.01167   	18.63905   	 1.68521259
13/02/2009 	15.299531  	20.82433   	18.01881   	 1.86814494
14/02/2009 	13.984845  	21.21828   	17.89800   	 1.87936739
15/02/2009 	14.256182  	20.52209   	17.79555   	 1.90969269
16/02/2009 	14.737921  	20.00536   	17.84675   	 2.15941615
17/02/2009 	15.421007  	19.65993   	18.03692   	 2.58080571
18/02/2009 	15.233041  	19.63386   	17.77461   	 2.57941066
19/02/2009 	16.366758  	19.44671   	18.25649   	 2.52543863
20/02/2009 	15.629061  	18.63321   	17.54617   	 2.65296404
21/02/2009 	14.488296  	17.44005   	16.36570   	 2.83746764
22/02/2009 	13.788059  	17.15223   	15.65311   	 3.11220946
23/02/2009 	12.002885  	17.38145   	15.30278   	 3.54151520
24/02/2009 	10.230704  	17.00776   	14.11514   	 3.69052595
25/02/2009 	10.456499  	16.87466   	14.17161   	 3.84216725
26/02/2009 	12.242931  	17.11907   	15.26597   	 4.17974856
27/02/2009 	13.163154  	17.55174   	15.51699   	 4.63154802
28/02/2009 	11.942845  	16.15080   	14.35239   	 4.81247290
01/03/2009 	11.063507  	17.41378   	14.45400   	 4.83504498
02/03/2009 	13.022324  	18.24204   	15.68982   	 4.99741254
03/03/2009 	13.377586  	18.04026   	15.90951   	 5.06762905
04/03/2009 	14.029474  	19.51377   	17.24012   	 5.01307754
05/03/2009 	17.710539  	20.73601   	19.39552   	 4.90984164
06/03/2009 	15.513002  	19.29336   	17.45570   	 4.98750188
07/03/2009 	13.924402  	17.76715   	15.96411   	 4.89871351
08/03/2009 	13.617670  	18.55638   	16.76899   	 5.05033870
09/03/2009 	15.934618  	19.28410   	17.75701   	 5.05922481
10/03/2009 	16.432985  	19.05562   	17.95649   	 5.03053856
11/03/2009 	14.098063  	18.79001   	17.01712   	 5.00469704
12/03/2009 	12.295017  	17.64430   	15.77606   	 5.19389121
13/03/2009 	12.259604  	17.86310   	15.80339   	 5.36971781
14/03/2009 	11.159052  	17.75428   	14.90108   	 5.57632137
15/03/2009 	12.416011  	17.85831   	15.66517   	 5.77931965
16/03/2009 	10.555652  	17.34120   	14.29878   	 6.07333848
17/03/2009 	11.171691  	17.66124   	14.69312   	 6.27371742
18/03/2009 	 9.773991  	16.36123   	13.44144   	 6.48120864
19/03/2009 	11.441656  	16.46154   	14.24173   	 6.55787588
20/03/2009 	12.384633  	16.33546   	14.74821   	 6.71294526
21/03/2009 	12.803707  	16.65706   	15.03617   	 6.79302209
22/03/2009 	11.378940  	15.92898   	13.64196   	 6.82404729
23/03/2009 	10.512835  	14.52754   	12.69703   	 6.79844014
24/03/2009 	12.738750  	17.58541   	15.41635   	 6.52004919
25/03/2009 	12.472895  	16.51212   	14.23615   	 6.60047030
26/03/2009 	14.090863  	16.92436   	15.24076   	 6.59021962
27/03/2009 	14.568618  	15.79862   	14.99612   	 6.62177077
28/03/2009 	14.127416  	17.15459   	15.08592   	 6.60539048
29/03/2009 	12.992799  	16.78415   	14.98505   	 6.61160822
30/03/2009 	11.993803  	16.09376   	14.25395   	 6.56238359
31/03/2009 	11.224749  	16.58932   	14.28570   	 6.69687058
01/04/2009 	 9.982909  	16.65024   	13.93623   	 6.98357293
02/04/2009 	 9.584487  	16.97045   	13.86482   	 7.36648998
03/04/2009 	11.089152  	17.40647   	14.85139   	 7.72462718
04/04/2009 	12.585020  	17.25417   	15.24930   	 8.05594942
05/04/2009 	12.836390  	18.14130   	15.40330   	 8.22738230
06/04/2009 	12.868828  	18.40220   	15.76885   	 8.44282997
07/04/2009 	13.906829  	18.73566   	16.76266   	 8.66209145
08/04/2009 	15.232879  	19.98933   	17.91175   	 8.71647688
09/04/2009 	16.346785  	20.23024   	18.62549   	 8.78495437
10/04/2009 	15.535890  	20.77854   	18.69261   	 9.11723487
11/04/2009 	16.734564  	20.55264   	19.09350   	 9.47688047
12/04/2009 	17.430592  	20.44396   	19.11300   	 9.83509034
13/04/2009 	17.736919  	20.10110   	19.01488   	10.11838988
14/04/2009 	17.975502  	20.05427   	19.06078   	10.32414999
15/04/2009 	18.026604  	20.03222   	19.08126   	10.67023480
16/04/2009 	18.394672  	20.59923   	19.45640   	11.02232512
17/04/2009 	18.939346  	21.36090   	19.99473   	11.17273684
18/04/2009 	19.050486  	21.35992   	20.16568   	11.26198790
19/04/2009 	18.492807  	20.89913   	19.90334   	11.43289896
20/04/2009 	18.642683  	20.97258   	19.82441   	11.73166019
21/04/2009 	18.577589  	20.75245   	19.82262   	12.02754082
22/04/2009 	18.847408  	20.64009   	19.82176   	12.18959800
23/04/2009 	18.248032  	20.19005   	19.42797   	12.21175243
24/04/2009 	18.455164  	21.08255   	19.68696   	12.39025793
25/04/2009 	18.858871  	22.31589   	20.33443   	12.53605837
26/04/2009 	19.121923  	21.97919   	20.68630   	12.76142397
27/04/2009 	19.374294  	22.56145   	21.07825   	12.85071222
28/04/2009 	20.239126  	23.10246   	21.69709   	12.80852181
29/04/2009 	20.773016  	22.83731   	21.88746   	12.88205127
30/04/2009 	20.934084  	22.55815   	21.87724   	13.13273482
01/05/2009 	21.102182  	22.64849   	21.99137   	13.53765233
02/05/2009 	21.620291  	22.79238   	22.20927   	13.72260139
03/05/2009 	21.711246  	22.84094   	22.28188   	13.76266754
04/05/2009 	21.796412  	22.37810   	22.06950   	13.42454481
05/05/2009 	21.522955  	23.62700   	22.13210   	12.96779931
06/05/2009 	20.977314  	24.56518   	22.42124   	12.70552188
07/05/2009 	20.765039  	23.57322   	22.07467   	12.78695466
08/05/2009 	20.531258  	22.73984   	21.37879   	12.92824370
09/05/2009 	20.543669  	21.56557   	21.00604   	12.89128836
10/05/2009 	20.642969  	21.30907   	21.03481   	13.15529176
11/05/2009 	20.263327  	21.59408   	20.90742   	13.20172322
12/05/2009 	20.391939  	23.31443   	21.44324   	12.93035398
13/05/2009 	20.691616  	23.45529   	21.97285   	12.96278270
14/05/2009 	21.066162  	23.73014   	22.45930   	13.07409302
15/05/2009 	21.490507  	24.67652   	23.17640   	13.11079526
16/05/2009 	22.871256  	25.03630   	24.09569   	13.16211649
17/05/2009 	23.204159  	24.83238   	24.43990   	13.33727070
18/05/2009 	24.119207  	25.01084   	24.69596   	13.41977461
19/05/2009 	23.500677  	24.90404   	24.40692   	13.54843032
20/05/2009 	23.437340  	24.33109   	23.97701   	13.73984037
21/05/2009 	23.552618  	24.28021   	23.93867   	14.00534280
22/05/2009 	23.622442  	24.25488   	23.91873   	14.24074485
23/05/2009 	23.638811  	24.39571   	23.97118   	14.64475958
24/05/2009 	23.623127  	24.37056   	23.98163   	15.20503292
25/05/2009 	22.418447  	24.24886   	23.85313   	15.80109328
26/05/2009 	22.360069  	24.76756   	23.73002   	16.24126436
27/05/2009 	22.427193  	24.64164   	23.73375   	15.97141792
28/05/2009 	22.642923  	24.44742   	23.65192   	15.87102042
29/05/2009 	18.902130  	23.52945   	21.83392   	16.16206412
30/05/2009 	16.794552  	23.23651   	20.11356   	16.41347887
31/05/2009 	17.244535  	23.43867   	20.69008   	16.65052150
01/06/2009 	17.850214  	22.62214   	20.34266   	17.05990859
02/06/2009 	18.545120  	22.07511   	20.16404   	17.13784615
03/06/2009 	18.767967  	26.36490   	20.97976   	16.30732473
04/06/2009 	20.938740  	25.50538   	23.27109   	14.76545761
05/06/2009 	23.456732  	26.80981   	25.11564   	13.86729831
06/06/2009 	23.828625  	26.74191   	24.81884   	13.99754556
07/06/2009 	23.832964  	27.16844   	25.44781   	14.01680412
08/06/2009 	24.043531  	26.04183   	25.25003   	14.56389207
09/06/2009 	23.874519  	27.07134   	25.53387   	14.97623173
10/06/2009 	24.688242  	26.95172   	25.80045   	15.21828487
11/06/2009 	22.389212  	26.79221   	24.72492   	15.48842949
12/06/2009 	21.528494  	25.95160   	23.58872   	15.67844550
13/06/2009 	19.666056  	25.55620   	22.71911   	15.84104528
14/06/2009 	19.218796  	25.11277   	22.77060   	16.18566547
15/06/2009 	19.923994  	24.72445   	22.57784   	16.67521282
16/06/2009 	19.866552  	24.56279   	22.16271   	16.92937624
17/06/2009 	18.544842  	23.60734   	21.60966   	17.17989393
18/06/2009 	20.679302  	24.86827   	22.84807   	17.19594721
19/06/2009 	20.362223  	24.13439   	22.51385   	17.21548398
20/06/2009 	21.018070  	23.79198   	22.60505   	16.97063355
21/06/2009 	20.135088  	24.27426   	22.11934   	16.83315476
22/06/2009 	19.032284  	24.18393   	21.68405   	16.73056197
23/06/2009 	18.900923  	24.56953   	21.89175   	17.01937385
24/06/2009 	19.268997  	24.22718   	21.91178   	17.47219352
25/06/2009 	20.020216  	24.91436   	22.70394   	17.85665178
26/06/2009 	20.802696  	25.32783   	23.06164   	18.28677078
27/06/2009 	21.164001  	25.74511   	23.69474   	18.65180973
28/06/2009 	21.686626  	26.16348   	24.24184   	19.05232513
29/06/2009 	22.280300  	25.84350   	24.45277   	19.70533343
30/06/2009 	22.275064  	25.85760   	24.10889   	20.38402462
01/07/2009 	22.439638  	25.45436   	23.84740   	20.91515291
02/07/2009 	22.198616  	25.21682   	23.77857   	21.27118548
03/07/2009 	22.539293  	26.02897   	24.26301   	21.67411435
04/07/2009 	23.411274  	26.14176   	24.84586   	21.90406287
05/07/2009 	22.518894  	26.08575   	24.66336   	22.17073063
06/07/2009 	22.452772  	26.23404   	24.74323   	22.13428028
07/07/2009 	23.407921  	26.16697   	25.40193   	21.51772074
08/07/2009 	24.659716  	26.24915   	25.77198   	21.10099936
09/07/2009 	24.452696  	26.88260   	25.94735   	19.80711877
10/07/2009 	25.203371  	29.11897   	27.51791   	17.57331089
11/07/2009 	26.011168  	29.56934   	27.23169   	16.71370149
12/07/2009 	24.121038  	26.79291   	25.62044   	17.16822561
13/07/2009 	23.437590  	25.98734   	25.00436   	17.71858541
14/07/2009 	22.591263  	24.99450   	24.14563   	18.38888570
15/07/2009 	22.610302  	24.15723   	23.85942   	18.97726480
16/07/2009 	23.190863  	24.17984   	23.85301   	19.19524153
17/07/2009 	23.265566  	24.08356   	23.72809   	19.35750473
18/07/2009 	22.566250  	23.92119   	23.41848   	19.21497611
19/07/2009 	22.806625  	23.57512   	23.25174   	19.11156921
20/07/2009 	22.655806  	23.63011   	23.02904   	19.11482986
21/07/2009 	22.647955  	23.40577   	22.94382   	19.10923839
22/07/2009 	22.614201  	23.47894   	22.94707   	19.36837343
23/07/2009 	22.603683  	23.51255   	23.03856   	19.45317952
24/07/2009 	22.557430  	23.88551   	23.21284   	19.36159913
25/07/2009 	22.851261  	23.64216   	23.31160   	19.26750509
26/07/2009 	21.139175  	23.68972   	22.75163   	19.25299843
27/07/2009 	19.594940  	23.09514   	22.06353   	19.44188623
28/07/2009 	20.791517  	22.94118   	22.17471   	19.51353447
29/07/2009 	20.545937  	22.74302   	22.15669   	19.64047392
30/07/2009 	21.981745  	23.49404   	22.50789   	19.50193512
31/07/2009 	22.235020  	23.98812   	22.85249   	18.94761864
01/08/2009 	22.007545  	23.08090   	22.50379   	19.05883928
02/08/2009 	21.730890  	22.62581   	22.01227   	19.26873799
03/08/2009 	20.899023  	22.30919   	21.78153   	19.29021724
04/08/2009 	20.620684  	22.53977   	21.65443   	19.53617211
05/08/2009 	20.413523  	22.56838   	21.74930   	19.85253874
06/08/2009 	20.829870  	23.03152   	22.09017   	20.22162668
07/08/2009 	20.992849  	23.26993   	22.28747   	20.52789863
08/08/2009 	21.310736  	23.03889   	22.24932   	20.65225498
09/08/2009 	20.456488  	22.82381   	22.01333   	20.77266753
10/08/2009 	20.585722  	23.53320   	22.10846   	20.95810135
11/08/2009 	21.611740  	23.75241   	22.53345   	21.03486029
12/08/2009 	21.105654  	23.24278   	22.23642   	20.95497898
13/08/2009 	21.163023  	23.49949   	22.33620   	20.84061539
14/08/2009 	21.271704  	23.79541   	22.38800   	20.78751449
15/08/2009 	21.932302  	23.53880   	22.83400   	20.54403043
16/08/2009 	22.461428  	23.86411   	23.21590   	20.48597487
17/08/2009 	22.374123  	23.51664   	23.06312   	20.51583302
18/08/2009 	21.771032  	24.05413   	22.96125   	20.32551114
19/08/2009 	20.973925  	23.46265   	22.57146   	20.36201417
20/08/2009 	20.477922  	24.40261   	22.89815   	20.46920633
21/08/2009 	22.124395  	24.82589   	23.56954   	20.45538088
22/08/2009 	22.741488  	24.58081   	23.60597   	20.28201421
23/08/2009 	21.895395  	24.49139   	23.48741   	20.42542533
24/08/2009 	21.743896  	25.58223   	23.98707   	20.45848997
25/08/2009 	23.388966  	25.71452   	24.63537   	20.53288901
26/08/2009 	23.821810  	25.65932   	24.81970   	20.18242049
27/08/2009 	24.038544  	25.49108   	24.95692   	19.98669112
28/08/2009 	24.506779  	25.67925   	25.00572   	19.52656996
29/08/2009 	24.335768  	26.00717   	24.97440   	18.74432723
30/08/2009 	25.291307  	26.04332   	25.65452   	17.56095882
31/08/2009 	23.763254  	25.79364   	24.90096   	17.61936371
01/09/2009 	23.270548  	25.48825   	24.16542   	17.79089057
02/09/2009 	23.549862  	24.46495   	23.95927   	17.72523352
03/09/2009 	23.457619  	26.62629   	24.77987   	17.56473100
04/09/2009 	24.077665  	28.98649   	26.59076   	16.75796990
05/09/2009 	24.682806  	28.04969   	26.39777   	16.33687027
06/09/2009 	26.425953  	27.89293   	27.04996   	16.12907251
07/09/2009 	25.393124  	27.47754   	26.57904   	16.12887539
08/09/2009 	24.266758  	26.86938   	25.99370   	16.38609691
09/09/2009 	23.526386  	26.58829   	25.83293   	16.66831700
10/09/2009 	23.436756  	26.64923   	25.25184   	16.76735588
11/09/2009 	24.214449  	25.89329   	25.16079   	16.48938648
12/09/2009 	24.561899  	26.53555   	25.44706   	16.37006539
13/09/2009 	24.525003  	28.05023   	26.06797   	16.15608492
14/09/2009 	25.823664  	27.97999   	26.76167   	15.89909786
15/09/2009 	26.129246  	27.44753   	26.82406   	15.72844023
16/09/2009 	26.255089  	27.77968   	27.07406   	15.79079535
17/09/2009 	26.559248  	28.30757   	27.26848   	15.77631976
18/09/2009 	26.642673  	28.49454   	27.39540   	15.78204338
19/09/2009 	26.728369  	28.16130   	27.59764   	15.80971477
20/09/2009 	26.829821  	28.38920   	27.68795   	16.03520989
21/09/2009 	27.041727  	28.74625   	27.73972   	16.09970287
22/09/2009 	27.202179  	28.53289   	27.78935   	16.16739037
23/09/2009 	27.296247  	28.59825   	27.80975   	16.21208968
24/09/2009 	27.638481  	28.57120   	28.01921   	16.15429229
25/09/2009 	27.745071  	29.02219   	28.33412   	16.08784195
26/09/2009 	28.034956  	28.82200   	28.48108   	16.13229551
27/09/2009 	27.819828  	28.76649   	28.42458   	16.19952184
28/09/2009 	27.428577  	28.64937   	28.12998   	16.23472798
29/09/2009 	27.412725  	30.08172   	29.02264   	16.19678009
30/09/2009 	26.230034  	29.46503   	28.10136   	16.20930986
01/10/2009 	25.921469  	28.87766   	27.45336   	15.86751934
02/10/2009 	24.864693  	28.58066   	26.74487   	14.92930738
03/10/2009 	24.388943  	30.66332   	27.33619   	14.49916021
04/10/2009 	26.685282  	29.38179   	28.12523   	13.91713071
05/10/2009 	27.128716  	29.32556   	28.05507   	13.27626876
06/10/2009 	24.330282  	28.02497   	26.45167   	13.32397705
07/10/2009 	24.724569  	26.64614   	25.84965   	13.78247660
08/10/2009 	23.396593  	25.97044   	25.02680   	13.69880650
09/10/2009 	19.616793  	25.60497   	23.78310   	13.44247828
10/10/2009 	19.230167  	25.92364   	24.06132   	13.09811815
11/10/2009 	22.406557  	26.29106   	24.04311   	12.98122972
12/10/2009 	20.167017  	25.02113   	22.90239   	12.46478013
13/10/2009 	18.986656  	23.18931   	21.26715   	11.70244733
14/10/2009 	19.437893  	24.09445   	21.59259   	11.17406855
15/10/2009 	18.657434  	24.72674   	22.01066   	10.84622248
16/10/2009 	19.006371  	30.48017   	22.73404   	10.52130274
17/10/2009 	24.986713  	30.92822   	27.54793   	 9.92739304
18/10/2009 	25.577211  	29.89348   	27.37360   	 9.74063832
19/10/2009 	26.169315  	27.99955   	26.84141   	 9.90482897
20/10/2009 	22.901480  	28.16406   	26.22299   	 9.65232025
21/10/2009 	21.803591  	28.70170   	26.39438   	 9.47347375
22/10/2009 	23.392254  	28.40516   	27.34841   	 9.45230711
23/10/2009 	25.744553  	28.19719   	27.35508   	 9.49640089
24/10/2009 	26.278753  	28.00233   	27.42642   	 9.65435823
25/10/2009 	27.638641  	27.92883   	27.85585   	10.00296899
26/10/2009 	27.602322  	28.00891   	27.82049   	10.31985317
27/10/2009 	27.675547  	28.42161   	27.93289   	10.56175494
28/10/2009 	27.164906  	27.97781   	27.71839   	10.65968096
29/10/2009 	26.139145  	27.87593   	27.41241   	10.81934059
30/10/2009 	24.751518  	27.53770   	26.82489   	10.91032908
31/10/2009 	23.650047  	27.70008   	26.55832   	10.87484525
01/11/2009 	24.728165  	28.26084   	27.08449   	11.13104179
02/11/2009 	26.291277  	28.46501   	27.65036   	11.37460534
03/11/2009 	26.147141  	28.06273   	27.42318   	11.02135412
04/11/2009 	26.747910  	27.95431   	27.37451   	10.93809462
05/11/2009 	26.926167  	27.49434   	27.13551   	10.75135809
06/11/2009 	26.071577  	27.15341   	26.92999   	10.61745310
07/11/2009 	26.421915  	27.14098   	26.90343   	10.38967586
08/11/2009 	24.812225  	26.99873   	26.48919   	10.16967197
09/11/2009 	21.600235  	26.74064   	24.87480   	 9.77481359
10/11/2009 	22.261671  	25.96346   	24.23335   	 9.56623322
11/11/2009 	21.721758  	25.78329   	23.79338   	 9.42506717
12/11/2009 	21.510275  	25.61383   	23.84860   	 9.20734799
13/11/2009 	22.595810  	26.03285   	25.14108   	 9.39904426
14/11/2009 	24.324963  	25.78559   	25.26366   	 9.87076336
15/11/2009 	25.171881  	26.26482   	25.72386   	10.02534288
16/11/2009 	24.195200  	26.48421   	25.46723   	10.06492152
17/11/2009 	24.710556  	26.33880   	25.58481   	10.16943417
18/11/2009 	25.098196  	28.82796   	25.80521   	10.18042332
19/11/2009 	24.730518  	29.40769   	26.93214   	10.52992362
20/11/2009 	24.969769  	27.02252   	26.15345   	10.22190179
21/11/2009 	23.918343  	27.00210   	25.81089   	10.30526110
22/11/2009 	23.740755  	27.83044   	26.26457   	10.46295224
23/11/2009 	24.784374  	29.18675   	26.87917   	10.35569747
24/11/2009 	25.186584  	28.75757   	27.18228   	10.21610183
25/11/2009 	25.246407  	30.05849   	27.24671   	10.17939486
26/11/2009 	28.235170  	29.92258   	29.10977   	 9.90151300
27/11/2009 	28.817495  	29.88460   	29.44865   	 9.56985541
28/11/2009 	28.512245  	29.74969   	29.30275   	 9.01527333
29/11/2009 	27.489334  	29.49487   	28.38873   	 8.67526056
30/11/2009 	27.355469  	28.67094   	27.71831   	 8.40447066
01/12/2009 	24.115105  	27.71619   	26.74717   	 8.10237057
02/12/2009 	19.276129  	27.17956   	24.52482   	 7.61827530
03/12/2009 	21.161226  	27.35221   	25.84236   	 7.51479291
04/12/2009 	23.996222  	26.88331   	25.92140   	 7.61823725
05/12/2009 	23.236311  	26.03073   	24.93662   	 7.48993272
06/12/2009 	23.274637  	25.23798   	24.42719   	 7.69410638
07/12/2009 	23.396708  	24.61451   	24.11526   	 7.80285340
08/12/2009 	21.705296  	24.21271   	23.43163   	 7.75445257
09/12/2009 	19.242205  	23.93283   	22.37013   	 7.67593758
10/12/2009 	20.887817  	23.90319   	22.71709   	 7.85740123
11/12/2009 	16.431759  	23.11207   	20.17236   	 7.90690889
12/12/2009 	13.522616  	21.03654   	18.51414   	 7.67874278
13/12/2009 	13.616776  	19.68816   	17.59462   	 7.20211684
14/12/2009 	13.380301  	19.83282   	17.27848   	 6.69832827
15/12/2009 	12.847476  	18.98193   	16.67673   	 6.00814422
16/12/2009 	13.385359  	18.92158   	16.86275   	 5.46081089
17/12/2009 	14.780689  	19.91420   	17.51956   	 5.12740222
18/12/2009 	14.078815  	19.17027   	17.42892   	 4.43342339
19/12/2009 	13.556532  	19.23845   	16.72787   	 3.72473295
20/12/2009 	16.230766  	20.16160   	18.67281   	 3.10008529
21/12/2009 	17.175369  	20.17746   	19.01435   	 2.89136175
22/12/2009 	17.271263  	20.35167   	19.00002   	 2.67335505
23/12/2009 	17.298151  	20.38375   	19.21944   	 2.58318951
24/12/2009 	17.407009  	21.48780   	19.82319   	 2.57870418
25/12/2009 	18.993633  	22.99359   	20.92328   	 2.90603931
26/12/2009 	18.378012  	20.73485   	19.92476   	 2.97503129
27/12/2009 	19.985088  	23.18069   	21.95133   	 3.44582013
28/12/2009 	20.432550  	24.01341   	22.73846   	 3.68301689
29/12/2009 	18.509640  	23.68764   	21.67892   	 3.41262133
30/12/2009 	17.465498  	24.37165   	22.07815   	 3.30352516
31/12/2009 	18.318769  	23.85202   	21.39634   	 2.95831770
01/01/2010 	15.057927  	21.37949   	19.18958   	 2.41036787
02/01/2010 	15.513481  	20.48624   	18.56055   	 2.12610651
03/01/2010 	15.029592  	20.34698   	18.45462   	 1.87337931
04/01/2010 	15.386251  	20.23612   	18.36698   	 1.69485747
05/01/2010 	15.196279  	20.20613   	17.94040   	 1.66959432
06/01/2010 	14.677100  	19.66747   	17.57168   	 1.63812566
07/01/2010 	14.011086  	19.53424   	17.40810   	 1.52390493
08/01/2010 	13.967327  	19.16688   	17.18161   	 1.30456399
09/01/2010 	12.626700  	18.98191   	16.21511   	 0.57801523
10/01/2010 	13.105623  	18.23431   	15.65924   	 0.28525148
11/01/2010 	14.031090  	19.03214   	17.07452   	 0.56680003
12/01/2010 	13.501781  	19.17281   	17.00606   	 0.54375868
13/01/2010 	12.635056  	21.63248   	18.10411   	 0.15400198
14/01/2010 	18.119549  	22.32517   	20.73203   	 0.31289732
15/01/2010 	18.489319  	21.99254   	20.77198   	 0.24480572
16/01/2010 	18.640223  	22.34776   	20.81291   	 0.31185257
17/01/2010 	19.719763  	23.03716   	21.90960   	 0.75987374
18/01/2010 	19.927746  	22.83099   	21.75678   	 0.95693077
19/01/2010 	17.504023  	22.48441   	20.85316   	 1.09241264
20/01/2010 	13.731212  	21.66369   	18.91182   	 1.02655074
21/01/2010 	14.864043  	21.17958   	19.05370   	 1.05020809
22/01/2010 	12.890491  	20.63210   	17.95574   	 0.87245616
23/01/2010 	17.131748  	22.23937   	20.05510   	 1.02955346
24/01/2010 	18.335197  	22.41009   	20.81213   	 1.06696545
25/01/2010 	18.470705  	21.92786   	20.62565   	 0.90077117
26/01/2010 	17.148680  	21.04300   	19.30150   	 0.32900999
27/01/2010 	16.364109  	20.98702   	18.94413   	 0.07648532
28/01/2010 	16.115040  	19.33272   	17.66530   	 0.31781487
29/01/2010 	15.570734  	18.51252   	17.23092   	 0.51140121
30/01/2010 	15.681856  	20.66817   	18.35772   	 0.62966722
31/01/2010 	16.045723  	20.55073   	18.12898   	 0.64843854
01/02/2010 	16.719927  	20.97619   	18.73558   	 0.81694533
02/02/2010 	16.267717  	20.68581   	18.97449   	 0.94446384
03/02/2010 	17.583244  	22.10852   	20.09319   	 1.16338518
04/02/2010 	14.690228  	20.44606   	18.46952   	 1.19850310
05/02/2010 	13.811803  	20.46101   	17.90521   	 1.29408878
06/02/2010 	15.504266  	20.75618   	18.77144   	 1.46181036
07/02/2010 	13.739405  	19.43064   	17.22145   	 1.43436926
08/02/2010 	14.588562  	19.64480   	17.46325   	 1.35123762
09/02/2010 	16.277256  	19.86265   	18.36688   	 1.10682260
10/02/2010 	14.806607  	19.45819   	17.76735   	 0.78475939
11/02/2010 	13.414295  	18.04834   	15.89459   	 0.26233605
12/02/2010 	14.387556  	17.57947   	16.07137   	-0.02951353
13/02/2010 	14.011930  	19.12906   	16.79185   	-0.22106294
14/02/2010 	15.195292  	19.38444   	17.43924   	-0.35644838
15/02/2010 	15.875379  	19.90242   	17.84926   	-0.52050100
16/02/2010 	16.115450  	21.25684   	18.55315   	-0.52132170
17/02/2010 	17.583845  	21.61265   	19.90191   	-0.45395875
18/02/2010 	18.382025  	21.60529   	20.29835   	-0.29491823
19/02/2010 	19.125900  	21.81799   	20.77524   	 0.06584409
20/02/2010 	20.461189  	21.88661   	21.10167   	 0.33136731
21/02/2010 	20.006323  	21.48458   	20.97892   	 0.41455724
22/02/2010 	20.370220  	21.81665   	21.20211   	 0.75406798
23/02/2010 	17.631226  	22.20046   	20.47807   	 0.94311032
24/02/2010 	18.937437  	23.00645   	21.16140   	 1.16397625
25/02/2010 	20.994987  	23.71178   	22.53538   	 1.63578827
26/02/2010 	20.322590  	23.96868   	22.78091   	 2.05484097
27/02/2010 	21.871853  	24.38752   	23.31925   	 2.50230568
28/02/2010 	20.488287  	23.54405   	22.75263   	 2.68388882
01/03/2010 	20.702606  	23.75196   	22.37434   	 2.88621738
02/03/2010 	18.158609  	22.89072   	21.16565   	 2.87351208
03/03/2010 	14.797862  	22.61600   	19.28209   	 2.90380690
04/03/2010 	13.075362  	20.76148   	17.58625   	 2.94913839
05/03/2010 	12.937015  	19.51057   	16.04133   	 2.91077383
06/03/2010 	12.907704  	18.77406   	15.84513   	 2.67772414
07/03/2010 	12.530964  	18.99306   	15.49463   	 2.41134217
08/03/2010 	11.735015  	18.14081   	15.71898   	 2.40563359
09/03/2010 	12.536473  	17.14911   	15.45415   	 2.35776838
10/03/2010 	13.624383  	18.22192   	16.42936   	 2.35442854
11/03/2010 	14.267752  	17.97868   	16.57638   	 2.31387550
12/03/2010 	12.598848  	16.47780   	14.67981   	 2.38352808
13/03/2010 	11.249244  	16.00249   	13.62983   	 2.56796182
14/03/2010 	10.785436  	15.52143   	13.33471   	 2.97682327
15/03/2010 	10.540913  	15.85824   	13.82691   	 3.44889029
16/03/2010 	11.299062  	16.51329   	14.49802   	 3.77210118
17/03/2010 	11.596910  	17.50733   	14.62658   	 3.96929458
18/03/2010 	11.744659  	17.62621   	15.19104   	 4.23560955
19/03/2010 	12.785927  	18.71185   	16.00763   	 4.64682974
20/03/2010 	15.274417  	19.01180   	17.50485   	 5.07794895
21/03/2010 	15.000422  	19.10705   	17.36660   	 5.55138234
22/03/2010 	13.766709  	19.28330   	16.78376   	 5.81098074
23/03/2010 	14.656496  	19.14765   	17.40473   	 5.91884121
24/03/2010 	14.241343  	19.83388   	17.48924   	 6.19970898
25/03/2010 	15.590055  	20.71924   	18.56963   	 6.44904654
26/03/2010 	15.729217  	20.54065   	18.95862   	 6.75574498
27/03/2010 	15.007013  	21.20675   	18.72819   	 6.90134674
28/03/2010 	15.788966  	20.76198   	18.76786   	 7.05304895
29/03/2010 	15.209972  	20.68875   	18.39477   	 7.20286890
30/03/2010 	13.553687  	21.56222   	17.95712   	 7.42971664
31/03/2010 	16.222494  	24.08851   	20.64386   	 7.34296960
01/04/2010 	20.761982  	23.64878   	22.42535   	 6.96682296
02/04/2010 	19.606136  	23.58920   	22.30386   	 6.84223750
03/04/2010 	17.383244  	23.75221   	21.82956   	 6.97284779
04/04/2010 	16.746737  	23.70822   	21.29840   	 7.17232514
05/04/2010 	15.789732  	23.24991   	19.96886   	 7.34566448
06/04/2010 	15.046046  	23.23075   	19.74827   	 7.53691457
07/04/2010 	19.825802  	23.86710   	21.94722   	 7.75087125
08/04/2010 	18.930307  	23.31626   	21.67749   	 8.00996596
09/04/2010 	18.411850  	21.95035   	20.43054   	 8.45487869
10/04/2010 	17.458263  	21.41309   	19.52901   	 8.81320858
11/04/2010 	14.017926  	20.27965   	18.10415   	 8.90654117
12/04/2010 	14.555731  	19.72389   	17.28130   	 8.92333486
13/04/2010 	15.021914  	19.29708   	17.31425   	 8.88963026
14/04/2010 	15.126481  	19.80588   	17.68438   	 8.97066746
15/04/2010 	15.970431  	20.38554   	18.45469   	 9.02870564
16/04/2010 	16.836809  	21.07437   	18.98228   	 9.10331289
17/04/2010 	17.370893  	20.97874   	19.05358   	 9.36152430
18/04/2010 	17.415047  	21.37121   	19.18194   	 9.71524928
19/04/2010 	17.247734  	21.37539   	19.22281   	10.00443528
20/04/2010 	17.048782  	22.43308   	19.67194   	10.09830626
21/04/2010 	17.646940  	22.34665   	19.82250   	 9.60694140
22/04/2010 	17.854197  	22.05788   	20.15319   	 9.12474442
23/04/2010 	18.241076  	23.35315   	20.39939   	 9.42457863
24/04/2010 	17.980822  	23.19937   	20.84678   	 9.72804832
25/04/2010 	18.702969  	24.05532   	21.53436   	 9.92570955
26/04/2010 	20.034592  	23.82985   	22.10135   	10.20170782
27/04/2010 	19.824915  	23.67550   	21.93990   	10.53658418
28/04/2010 	18.968309  	24.12211   	21.72664   	10.93708140
29/04/2010 	19.752413  	24.32765   	22.30472   	11.34487389
30/04/2010 	20.958334  	24.39124   	22.86917   	11.70772638
01/05/2010 	21.735144  	24.77976   	23.16520   	11.88821010
02/05/2010 	17.728294  	24.45979   	22.06430   	11.96268133
03/05/2010 	16.992838  	25.14407   	21.08649   	11.15139220
04/05/2010 	19.191555  	26.50055   	22.04422   	10.24261924
05/05/2010 	18.679911  	22.29354   	20.60151   	10.16001258
06/05/2010 	18.014854  	23.44273   	20.75587   	10.35754043
07/05/2010 	19.606092  	23.52066   	21.74406   	10.12639352
08/05/2010 	19.634207  	24.55513   	22.66724   	10.12202706
09/05/2010 	20.419197  	23.75033   	22.41455   	10.27962506
10/05/2010 	20.480984  	23.65871   	22.20358   	10.39310950
11/05/2010 	20.101412  	23.37492   	21.75413   	10.33575823
12/05/2010 	18.774580  	25.93081   	21.98870   	 9.88483226
13/05/2010 	19.132721  	24.24393   	21.90612   	 9.52741690
14/05/2010 	18.904501  	24.15369   	21.52394   	 9.66129585
15/05/2010 	19.094511  	24.23284   	21.60451   	 9.98071498
16/05/2010 	19.621231  	24.01503   	21.80384   	10.22938347
17/05/2010 	20.124023  	24.80518   	22.28760   	10.60799529
18/05/2010 	18.804531  	24.26288   	21.51453   	11.14651893
19/05/2010 	17.681173  	23.72578   	20.66497   	11.71463933
20/05/2010 	17.655373  	24.16991   	20.94642   	12.25437442
21/05/2010 	17.100378  	23.99991   	20.98333   	12.96874827
22/05/2010 	16.904875  	23.00013   	20.36874   	13.60515815
23/05/2010 	17.698223  	23.56076   	20.55332   	14.23124115
24/05/2010 	18.349350  	23.39903   	21.06492   	14.79243712
25/05/2010 	18.288363  	23.25668   	21.01172   	15.03043514
26/05/2010 	18.188419  	23.95340   	21.01766   	15.05433500
27/05/2010 	18.453218  	24.66923   	21.72001   	14.93930225
28/05/2010 	19.275742  	24.85534   	21.90960   	15.01982125
29/05/2010 	19.236115  	25.06585   	22.11019   	14.97776586
30/05/2010 	20.280464  	26.07433   	23.71324   	14.97513626
31/05/2010 	22.486816  	25.57394   	24.00858   	14.90305487
01/06/2010 	20.720413  	25.47157   	23.14819   	15.08553364
02/06/2010 	20.265715  	25.46613   	23.07842   	15.32285150
03/06/2010 	19.509485  	25.01263   	22.54034   	15.79756008
04/06/2010 	19.979586  	24.93517   	22.65144   	16.22280864
05/06/2010 	20.771770  	24.96863   	23.17782   	16.59496323
06/06/2010 	21.856415  	25.59926   	23.88144   	16.85608860
07/06/2010 	22.767048  	25.44810   	24.22536   	16.94782992
08/06/2010 	22.227135  	25.51431   	24.28897   	17.10695342
09/06/2010 	22.146616  	25.29021   	24.13846   	17.40507277
10/06/2010 	20.794949  	24.57058   	23.18050   	17.65957789
11/06/2010 	20.429554  	24.28276   	22.63434   	17.95924656
12/06/2010 	19.820065  	23.89295   	22.07334   	17.89476895
13/06/2010 	18.143831  	23.25306   	21.00022   	17.68427821
14/06/2010 	17.849552  	24.15027   	21.08677   	17.82803373
15/06/2010 	17.399092  	23.21882   	20.31472   	17.56478981
16/06/2010 	18.239864  	23.37962   	21.19201   	17.06856736
17/06/2010 	19.980484  	26.14417   	22.54743   	16.85037740
18/06/2010 	21.236551  	27.79494   	23.88728   	16.55180174
19/06/2010 	22.077179  	30.38514   	26.01735   	15.34099454
20/06/2010 	26.012236  	31.69992   	28.87901   	14.08398620
21/06/2010 	27.437920  	31.40281   	28.99581   	14.03368704
22/06/2010 	27.484640  	29.42787   	28.16518   	14.50273768
23/06/2010 	26.668728  	28.13275   	27.58535   	15.19480139
24/06/2010 	26.644455  	28.39234   	27.64714   	15.85906547
25/06/2010 	26.552658  	28.41657   	27.57021   	16.33241598
26/06/2010 	25.718836  	28.33997   	27.11229   	17.02444156
27/06/2010 	25.484982  	28.71973   	27.15742   	17.69625974
28/06/2010 	25.333490  	28.70697   	27.08435   	18.65008001
29/06/2010 	25.232389  	28.73957   	27.15662   	19.23718989
30/06/2010 	25.562372  	28.57089   	27.26124   	19.59904957
01/07/2010 	25.784191  	28.67163   	27.23225   	20.00724232
02/07/2010 	25.236183  	29.29759   	27.39886   	20.50436139
03/07/2010 	25.816608  	28.80607   	27.50724   	20.94048977
04/07/2010 	25.832340  	28.56329   	27.20738   	21.34610983
05/07/2010 	25.552921  	29.29017   	27.53308   	21.47698462
06/07/2010 	25.391764  	28.53535   	27.11931   	21.51586107
07/07/2010 	24.872984  	28.61865   	26.91264   	21.24001412
08/07/2010 	26.392437  	29.07536   	27.77481   	21.17302477
09/07/2010 	26.346216  	28.84138   	27.75715   	21.40910550
10/07/2010 	26.406990  	28.83707   	27.79246   	21.83782196
11/07/2010 	26.330038  	28.73575   	27.64755   	22.19396667
12/07/2010 	26.163919  	28.83929   	27.77915   	22.29739352
13/07/2010 	27.106583  	29.20014   	28.08291   	22.13465969
14/07/2010 	25.643694  	29.18289   	27.61782   	22.38176235
15/07/2010 	24.886284  	29.04868   	27.54500   	22.02551397
16/07/2010 	22.941229  	28.92999   	27.14764   	21.17777022
17/07/2010 	23.419127  	28.77379   	27.36328   	20.88569204
18/07/2010 	24.743927  	28.49519   	27.38160   	20.70019277
19/07/2010 	24.930098  	28.61191   	27.36157   	20.78294631
20/07/2010 	25.190853  	28.35948   	27.23056   	21.02708526
21/07/2010 	26.165237  	28.43762   	27.52386   	21.13294959
22/07/2010 	26.625532  	28.47560   	27.71155   	21.06319662
23/07/2010 	25.458403  	28.30229   	27.11046   	21.14703739
24/07/2010 	23.955574  	27.70649   	25.89223   	21.00633546
25/07/2010 	23.085171  	27.43841   	25.68192   	20.91322637
26/07/2010 	23.632565  	27.52552   	25.63334   	20.82653062
27/07/2010 	22.272839  	26.74714   	24.62940   	20.74582899
28/07/2010 	21.576784  	26.77438   	24.49688   	20.77895363
29/07/2010 	21.467407  	26.35258   	24.10745   	20.75862439
30/07/2010 	20.625362  	25.58135   	23.27324   	20.62512898
31/07/2010 	19.654627  	26.64187   	23.37688   	20.43975329
01/08/2010 	20.480743  	26.76668   	24.28619   	20.35233915
02/08/2010 	21.459076  	26.43121   	24.21680   	20.54516141
03/08/2010 	21.870190  	26.72446   	24.28363   	20.62365150
04/08/2010 	22.260284  	26.34473   	24.93734   	20.56188107
05/08/2010 	23.271534  	26.95199   	25.17575   	20.24457363
06/08/2010 	21.973974  	25.84491   	24.20034   	20.12665828
07/08/2010 	21.942530  	26.01383   	24.46959   	20.08233702
08/08/2010 	22.583210  	26.22694   	24.65278   	19.98088153
09/08/2010 	20.221060  	25.03904   	22.99864   	19.91948203
10/08/2010 	19.742819  	25.40533   	23.05183   	19.96349005
11/08/2010 	20.483305  	26.12732   	23.67966   	19.93813495
12/08/2010 	19.208294  	25.07712   	22.89289   	19.95601765
13/08/2010 	19.048943  	24.70795   	22.59542   	19.80885490
14/08/2010 	18.466934  	24.60433   	22.13565   	19.88123139
15/08/2010 	17.649160  	24.01028   	20.91022   	19.78087378
16/08/2010 	18.293283  	21.95173   	20.13088   	19.50569808
17/08/2010 	18.734890  	22.95037   	20.81414   	19.56050440
18/08/2010 	19.530910  	23.19204   	21.30508   	19.19322443
19/08/2010 	21.146646  	22.91164   	21.70606   	18.82613909
20/08/2010 	20.598099  	21.76958   	21.08146   	18.85786247
21/08/2010 	20.505566  	21.38386   	20.80978   	19.04455594
22/08/2010 	20.357588  	20.85913   	20.57844   	19.24482008
23/08/2010 	18.256384  	21.07339   	20.18218   	19.33358745
24/08/2010 	20.241838  	23.39647   	21.40615   	18.77114304
25/08/2010 	21.052114  	24.01939   	22.21659   	18.04918452
26/08/2010 	21.235876  	22.85216   	22.09469   	17.77674206
27/08/2010 	19.926220  	22.92166   	21.74931   	17.29759689
28/08/2010 	18.660688  	21.93667   	20.57502   	16.88525107
29/08/2010 	17.865641  	22.00728   	20.10336   	16.57927253
30/08/2010 	19.028259  	23.51182   	21.24795   	15.76170095
31/08/2010 	16.192528  	21.00225   	18.40158   	15.69352074
01/09/2010 	15.527912  	20.37398   	17.93559   	15.79101775
02/09/2010 	15.229902  	20.26339   	18.00771   	15.88659326
03/09/2010 	14.824621  	19.21531   	17.26460   	15.96811082
04/09/2010 	14.044783  	18.90153   	17.14768   	16.19869824
05/09/2010 	12.003229  	18.15498   	16.18730   	16.29096508
06/09/2010 	 9.516930  	17.75357   	14.80014   	16.17275067
07/09/2010 	11.022187  	20.18843   	16.77771   	15.69476738
08/09/2010 	14.467834  	20.67447   	18.32307   	15.47085194
09/09/2010 	16.992691  	21.22976   	19.31664   	15.67109978
10/09/2010 	16.098648  	20.39092   	18.65696   	15.87197576
11/09/2010 	15.811232  	20.46174   	18.93782   	16.11911438
12/09/2010 	16.662157  	20.31553   	19.04816   	16.42560828
13/09/2010 	15.976297  	19.94209   	18.00702   	16.44965625
14/09/2010 	16.729616  	19.83321   	18.74500   	16.43627302
15/09/2010 	18.535172  	21.64397   	19.84789   	16.09258656
16/09/2010 	18.725809  	21.26566   	20.27477   	15.36360625
17/09/2010 	19.553690  	22.75181   	20.60052   	14.64645213
18/09/2010 	21.413776  	24.52866   	22.83547   	13.39000692
19/09/2010 	19.655752  	23.92082   	21.05703   	13.36768426
20/09/2010 	18.653038  	20.43461   	19.68934   	13.81571156
21/09/2010 	17.462891  	19.83764   	18.82568   	14.12986805
22/09/2010 	14.377640  	18.33914   	17.12072   	14.37057467
23/09/2010 	13.401818  	18.80805   	16.74408   	14.70493851
24/09/2010 	13.163517  	18.54135   	16.89927   	15.00423441
25/09/2010 	14.354695  	17.96879   	16.18763   	14.66389930
26/09/2010 	13.998881  	18.50364   	16.01546   	14.39523977
27/09/2010 	13.083846  	18.56466   	15.93284   	14.40563238
28/09/2010 	12.731062  	18.36630   	15.86426   	14.44875737
29/09/2010 	11.605466  	18.17731   	15.31907   	14.26732282
30/09/2010 	10.642843  	18.95299   	15.72171   	13.87805192
01/10/2010 	14.681456  	19.56999   	17.43202   	13.81987399
02/10/2010 	14.849291  	20.41509   	18.52671   	13.86527230
03/10/2010 	18.398142  	20.77669   	19.88519   	14.28419890
04/10/2010 	18.880325  	22.02308   	20.77036   	14.77975186
05/10/2010 	18.089764  	22.16502   	20.70795   	15.07351844
06/10/2010 	17.948921  	22.30011   	21.01353   	15.33450870
07/10/2010 	17.771732  	22.32654   	20.78484   	15.38358537
08/10/2010 	15.898785  	21.69481   	19.37921   	15.39217703
09/10/2010 	13.359487  	21.04909   	18.49452   	15.22557588
10/10/2010 	13.762938  	20.77573   	18.27320   	14.83564351
11/10/2010 	13.311004  	19.94464   	17.18080   	14.25320923
12/10/2010 	13.607821  	18.80953   	16.10697   	13.69067468
13/10/2010 	13.697639  	17.90238   	15.65244   	13.46620063
14/10/2010 	13.854066  	18.63873   	15.84997   	13.37437197
15/10/2010 	13.925059  	18.08488   	15.66781   	13.13598740
16/10/2010 	14.259010  	19.59707   	16.90080   	12.39517452
17/10/2010 	16.585632  	20.30548   	18.19028   	11.91892018
18/10/2010 	16.810200  	20.50791   	18.72400   	11.72552337
19/10/2010 	17.083628  	19.32888   	18.84879   	11.44684601
20/10/2010 	17.863079  	20.34533   	18.99826   	10.76466163
21/10/2010 	17.423601  	24.73890   	20.72400   	 9.59569869
22/10/2010 	19.793272  	25.97477   	22.04576   	 9.42283245
23/10/2010 	18.331724  	23.73097   	20.56637   	 9.49104720
24/10/2010 	18.265263  	20.65568   	19.50621   	 9.29053791
25/10/2010 	17.438963  	19.94107   	19.15315   	 8.66685190
26/10/2010 	16.037626  	20.27291   	18.33846   	 8.28207306
27/10/2010 	17.151911  	19.29165   	18.66884   	 8.46187494
28/10/2010 	18.613178  	19.09418   	18.81351   	 8.84246337
29/10/2010 	16.399824  	19.31619   	18.56282   	 9.12629102
30/10/2010 	18.314196  	20.66213   	19.55116   	 9.38063157
31/10/2010 	18.119408  	21.65300   	20.16104   	 9.63284071
01/11/2010 	17.995840  	22.93636   	20.57852   	 9.86467842
02/11/2010 	16.630646  	22.10488   	20.45531   	10.00365466
03/11/2010 	20.323090  	22.27584   	21.80592   	10.40761940
04/11/2010 	21.675652  	24.20902   	22.31529   	10.79208785
05/11/2010 	21.170664  	24.16401   	22.30871   	11.43289403
06/11/2010 	21.139828  	22.45885   	21.96174   	11.41189772
07/11/2010 	17.717583  	22.12066   	20.42231   	11.04085644
08/11/2010 	14.093143  	22.87840   	18.85993   	10.23158958
09/11/2010 	16.052023  	23.55504   	20.76924   	 9.60392861
10/11/2010 	17.629877  	22.86717   	20.04138   	 8.96213728
11/11/2010 	17.403986  	21.59099   	19.59867   	 8.27632184
12/11/2010 	20.450104  	24.23416   	22.46979   	 8.23837072
13/11/2010 	20.554785  	23.63239   	22.50330   	 8.30653777
14/11/2010 	20.119473  	22.30626   	21.19874   	 8.32185342
15/11/2010 	20.490347  	22.84043   	21.28265   	 8.33722232
16/11/2010 	17.231056  	21.98390   	20.16641   	 8.17744948
17/11/2010 	15.278170  	22.39984   	19.62840   	 7.97080830
18/11/2010 	16.915123  	22.64280   	20.65679   	 7.82782347
19/11/2010 	16.400173  	22.43453   	20.14449   	 7.66535818
20/11/2010 	15.789285  	21.31954   	19.16671   	 7.56880114
21/11/2010 	14.579415  	20.35507   	18.14715   	 7.42587958
22/11/2010 	13.310520  	19.46140   	17.10797   	 7.13976006
23/11/2010 	13.409703  	18.63403   	16.16817   	 6.75425680
24/11/2010 	14.106894  	18.70579   	15.97287   	 6.20858747
25/11/2010 	14.168021  	19.28237   	16.68856   	 6.06405928
26/11/2010 	13.765291  	19.53293   	17.09677   	 5.74081340
27/11/2010 	13.209373  	19.57268   	16.89694   	 5.33140588
28/11/2010 	12.427482  	19.65627   	16.82457   	 4.85037931
29/11/2010 	13.762865  	19.69543   	17.43689   	 4.17328242
30/11/2010 	13.465117  	19.43929   	17.30865   	 3.36244880
01/12/2010 	15.057879  	20.04697   	17.93800   	 2.12010155
02/12/2010 	17.159838  	21.53430   	19.58907   	 1.75236317
03/12/2010 	17.701427  	21.15814   	19.94002   	 1.55928450
04/12/2010 	18.515135  	22.02885   	20.57605   	 1.47512950
05/12/2010 	19.621458  	23.06981   	21.78173   	 1.76327603
06/12/2010 	20.211641  	22.67513   	21.72812   	 1.81541768
07/12/2010 	19.892538  	22.77155   	21.48116   	 1.68037563
08/12/2010 	18.914003  	22.45710   	21.21110   	 1.49061733
09/12/2010 	18.089638  	22.06065   	20.48553   	 1.35342744
10/12/2010 	18.758947  	21.88231   	20.30434   	 1.33461444
11/12/2010 	19.335611  	25.94704   	22.39157   	 2.38010123
12/12/2010 	21.243370  	26.92145   	24.49796   	 3.54460823
13/12/2010 	18.913311  	23.84464   	21.61224   	 3.06746501
14/12/2010 	17.937634  	23.86366   	21.56698   	 2.78537353
15/12/2010 	18.726646  	22.64364   	20.72684   	 2.38075889
16/12/2010 	18.262850  	21.16809   	19.84544   	 2.22882258
17/12/2010 	18.275787  	21.02541   	20.05070   	 2.18293753
18/12/2010 	17.366199  	21.63032   	19.99239   	 1.89630730
19/12/2010 	18.572594  	22.91939   	21.21981   	 1.44712278
20/12/2010 	18.851002  	22.61235   	21.21027   	 0.88888897
21/12/2010 	18.766806  	22.35729   	21.09530   	 0.54238027
22/12/2010 	16.832132  	21.89633   	20.33241   	 0.10815756
23/12/2010 	15.323997  	21.29414   	19.19296   	-0.17404146
24/12/2010 	16.640303  	27.88080   	21.31752   	-0.30440059
25/12/2010 	18.624451  	25.24556   	21.72728   	-0.50774956
26/12/2010 	19.631523  	22.81063   	21.08933   	-0.45940380
27/12/2010 	19.485636  	21.35499   	20.43888   	-0.27178886
28/12/2010 	17.391413  	20.77871   	19.84747   	-0.21051023
29/12/2010 	17.773186  	21.54689   	20.16321   	-0.19702474
30/12/2010 	17.849127  	21.92415   	20.38245   	-0.12351522
31/12/2010 	17.513172  	21.19437   	19.53568   	 0.02888496
01/01/2011 	17.609457  	20.17666   	18.96693   	 0.34307291
02/01/2011 	16.477755  	20.16715   	18.08616   	 0.60463780
03/01/2011 	15.445152  	19.82710   	17.47785   	 0.72800175
04/01/2011 	15.449084  	19.88929   	17.86480   	 0.80159080
05/01/2011 	16.615475  	20.23103   	18.92530   	 0.78477786
06/01/2011 	17.874100  	20.28703   	19.55452   	 0.79115416
07/01/2011 	14.470127  	20.60527   	18.89921   	 0.89982335
08/01/2011 	16.381479  	21.43844   	19.70017   	 1.50478115
09/01/2011 	19.153856  	21.42483   	20.48048   	 1.81178364
10/01/2011 	16.320557  	20.84658   	19.84748   	 1.75121464
11/01/2011 	17.217962  	20.64902   	19.88124   	 1.75766370
12/01/2011 	17.306812  	21.55439   	19.85979   	 1.97369338
13/01/2011 	18.272608  	20.65730   	19.77133   	 2.27098363
14/01/2011 	18.636126  	20.50585   	19.72178   	 2.76086442
15/01/2011 	18.738005  	19.85247   	19.48613   	 3.18472745
16/01/2011 	17.568859  	19.58852   	18.83754   	 3.62454202
17/01/2011 	18.034220  	21.91417   	19.53126   	 3.98674834
18/01/2011 	15.890129  	21.56524   	19.47976   	 4.11394988
19/01/2011 	14.607518  	19.88619   	17.96784   	 4.00662040
20/01/2011 	 9.759119  	17.46200   	15.05853   	 3.71865378
21/01/2011 	 8.678405  	16.63076   	13.55078   	 3.44681945
22/01/2011 	 7.811217  	15.55009   	11.90865   	 3.30877470
23/01/2011 	 7.256866  	14.15524   	10.72584   	 3.29210065
24/01/2011 	 7.454495  	12.80326   	10.08036   	 3.46945096
25/01/2011 	 7.178225  	12.70435   	10.10032   	 3.63097439
26/01/2011 	 8.611876  	14.11733   	11.32898   	 3.67049296
27/01/2011 	 6.318640  	14.54394   	11.17917   	 3.28704476
28/01/2011 	 6.454538  	14.84430   	11.57804   	 2.70927676
29/01/2011 	 9.681461  	15.32211   	12.80889   	 2.31501021
30/01/2011 	10.032311  	15.08598   	13.16216   	 2.11575704
31/01/2011 	 9.182921  	15.18354   	12.77693   	 1.93017513
01/02/2011 	 9.358989  	15.53313   	12.57400   	 1.70926517
02/02/2011 	11.275437  	15.76992   	13.87941   	 1.90361160
03/02/2011 	12.194802  	15.96165   	14.38065   	 2.23053149
04/02/2011 	14.259341  	19.69223   	15.74493   	 2.91328438
05/02/2011 	14.973589  	24.30069   	18.27628   	 4.04438638
06/02/2011 	18.650581  	25.60403   	21.63546   	 5.07593851
07/02/2011 	20.853998  	26.31961   	23.89694   	 5.54963762
08/02/2011 	21.196367  	25.92166   	24.61282   	 5.52834868
09/02/2011 	17.725084  	25.37737   	22.22177   	 5.26583465
10/02/2011 	18.614462  	24.86137   	22.69392   	 5.25833030
11/02/2011 	19.719009  	24.47732   	22.52040   	 5.32827334
12/02/2011 	17.671177  	23.05185   	21.19165   	 5.08338228
13/02/2011 	20.799860  	24.53114   	22.92665   	 4.86983265
14/02/2011 	20.527239  	23.67434   	22.30241   	 4.77944587
15/02/2011 	20.257206  	23.44838   	22.53334   	 4.74234213
16/02/2011 	20.019135  	23.07596   	22.32588   	 4.74675373
17/02/2011 	18.939983  	22.96152   	21.79531   	 4.66303801
18/02/2011 	15.638975  	22.34477   	20.21352   	 4.31734672
19/02/2011 	12.553202  	21.83292   	18.56970   	 3.86907278
20/02/2011 	12.913060  	22.36633   	19.50371   	 3.33133546
21/02/2011 	15.176794  	22.32968   	19.92737   	 2.58950819
22/02/2011 	15.799488  	22.32198   	20.35055   	 1.91678898
23/02/2011 	15.747651  	21.94267   	20.02578   	 1.62651968
24/02/2011 	18.291485  	22.24421   	21.18115   	 1.70079037
25/02/2011 	18.830078  	22.30391   	21.10903   	 1.93565987
26/02/2011 	20.627504  	22.57010   	21.97625   	 2.35350603
27/02/2011 	21.468088  	22.78542   	22.28953   	 2.65543178
28/02/2011 	18.187008  	21.95382   	20.82395   	 2.84415137
01/03/2011 	15.516212  	20.80796   	18.80584   	 2.88993126
02/03/2011 	11.687410  	19.17915   	16.67067   	 2.82971580
03/03/2011 	12.845657  	18.46251   	15.85089   	 2.68439556
04/03/2011 	12.472529  	18.19119   	15.56759   	 2.54023825
05/03/2011 	13.636531  	18.45069   	16.07091   	 2.68463026
06/03/2011 	14.138461  	19.61075   	16.46301   	 2.79432685
07/03/2011 	14.957838  	19.60822   	17.44797   	 2.83986385
08/03/2011 	15.700135  	20.18404   	17.65817   	 2.86363281
09/03/2011 	16.520985  	20.79074   	18.85278   	 3.11357453
10/03/2011 	18.260065  	21.08074   	19.49811   	 3.57670725
11/03/2011 	18.938652  	20.34616   	19.46612   	 3.91121181
12/03/2011 	18.032513  	19.63485   	19.05695   	 4.07183148
13/03/2011 	17.674496  	21.03714   	19.19396   	 4.26755628
14/03/2011 	17.477678  	21.15956   	19.48244   	 4.51151963
15/03/2011 	17.287537  	21.42464   	19.36734   	 4.89608675
16/03/2011 	18.139210  	22.47714   	20.47446   	 5.21380582
17/03/2011 	17.409216  	22.16106   	20.62342   	 5.42592361
18/03/2011 	18.219049  	21.69178   	20.20104   	 5.55496013
19/03/2011 	17.703867  	20.99435   	19.66936   	 5.64514608
20/03/2011 	17.370373  	21.02589   	19.39155   	 5.81021759
21/03/2011 	18.041803  	21.63629   	19.73499   	 5.98097284
22/03/2011 	17.700188  	21.75801   	19.87762   	 6.25782974
23/03/2011 	17.595547  	21.70697   	19.52646   	 6.67124414
24/03/2011 	17.806616  	22.40488   	19.92518   	 7.03486383
25/03/2011 	18.288008  	22.53193   	20.17634   	 7.39298183
26/03/2011 	18.843843  	22.67929   	20.50274   	 7.59327355
27/03/2011 	19.237383  	23.05692   	20.88826   	 7.49657203
28/03/2011 	19.784742  	22.88328   	21.36583   	 7.48713183
29/03/2011 	20.350592  	23.20655   	21.64213   	 7.49679130
30/03/2011 	20.514187  	23.52878   	22.12509   	 7.61119315
31/03/2011 	21.318968  	25.00640   	23.03953   	 7.71113576
01/04/2011 	22.552034  	24.79419   	23.68749   	 7.93663175
02/04/2011 	22.540483  	24.81064   	23.72173   	 8.26043364
03/04/2011 	22.697262  	24.80783   	24.08725   	 8.56032505
04/04/2011 	23.201887  	24.93320   	24.25012   	 8.79601018
05/04/2011 	23.937714  	25.25466   	24.46867   	 8.88981956
06/04/2011 	23.983025  	25.13310   	24.58493   	 9.17388157
07/04/2011 	24.035896  	25.16543   	24.62420   	 9.52556080
08/04/2011 	24.205355  	25.12651   	24.62504   	 9.82814507
09/04/2011 	23.931944  	25.34552   	24.61443   	10.17857714
10/04/2011 	24.157511  	25.23630   	24.60674   	10.47591197
11/04/2011 	24.245064  	25.51531   	24.81141   	10.78626343
12/04/2011 	24.431086  	25.40337   	24.81368   	10.84438469
13/04/2011 	24.059795  	27.03978   	25.26224   	10.42077194
14/04/2011 	24.502186  	25.68486   	24.98361   	10.53642106
15/04/2011 	23.979500  	25.32314   	24.86438   	10.64769938
16/04/2011 	23.911163  	25.73711   	24.94241   	10.79479523
17/04/2011 	23.839605  	26.04713   	25.05166   	11.06019936
18/04/2011 	23.797901  	26.16789   	24.99877   	11.36304712
19/04/2011 	24.005226  	26.63139   	25.18975   	11.72713423
20/04/2011 	24.269865  	26.41859   	25.37580   	12.21483000
21/04/2011 	24.451769  	26.33141   	25.44658   	12.76550492
22/04/2011 	24.674587  	26.68804   	25.64520   	13.28572220
23/04/2011 	24.868898  	26.92715   	25.81946   	13.80855556
24/04/2011 	25.110390  	26.99281   	25.98954   	14.26262734
25/04/2011 	25.367868  	26.87449   	26.04130   	14.87211744
26/04/2011 	25.540798  	26.90742   	26.20939   	14.90153462
27/04/2011 	25.811934  	28.81862   	26.73433   	13.92977049
28/04/2011 	26.148317  	28.78591   	27.11494   	13.23821847
29/04/2011 	26.208406  	28.82642   	27.26352   	13.24817232
30/04/2011 	26.395630  	29.19670   	27.84708   	12.98046299
01/05/2011 	27.038568  	29.20450   	28.20596   	12.59229658
02/05/2011 	27.465950  	29.80309   	28.52527   	12.21590777
03/05/2011 	27.798573  	30.22657   	28.86803   	11.73425444
04/05/2011 	27.926130  	30.23683   	29.03096   	11.57953523
05/05/2011 	28.244762  	30.47727   	29.32555   	11.54229705
06/05/2011 	28.416096  	30.52991   	29.44830   	11.88106334
07/05/2011 	28.549601  	30.49360   	29.53650   	12.30854728
08/05/2011 	28.653385  	30.47349   	29.70585   	12.70109083
09/05/2011 	28.851166  	30.37300   	29.80010   	13.05855054
10/05/2011 	29.106396  	30.24924   	29.81682   	13.48794077
11/05/2011 	29.278374  	30.22418   	29.83775   	14.04645290
12/05/2011 	29.469976  	30.23732   	29.88345   	14.53111937
13/05/2011 	29.558867  	30.17437   	29.87185   	14.69715593
14/05/2011 	29.640556  	30.17183   	29.88370   	14.92873400
15/05/2011 	29.701050  	30.54412   	29.92746   	14.78097069
16/05/2011 	29.799971  	30.93914   	30.14329   	14.54861329
17/05/2011 	29.774323  	31.23582   	30.45743   	14.40837588
18/05/2011 	30.243597  	31.46988   	30.68884   	14.53131018
19/05/2011 	30.360796  	31.27025   	30.74713   	14.87042421
20/05/2011 	30.065142  	31.19320   	30.75539   	15.20238630
21/05/2011 	30.497387  	31.64603   	30.89432   	15.69267120
22/05/2011 	30.351179  	31.73317   	30.96578   	16.04007733
23/05/2011 	30.620127  	32.00578   	31.22893   	15.98974568
24/05/2011 	30.720322  	31.90333   	31.29587   	15.77027831
25/05/2011 	31.153715  	31.95302   	31.50998   	15.57299403
26/05/2011 	30.665897  	31.65960   	31.22431   	15.70412950
27/05/2011 	30.444794  	31.22708   	30.89807   	15.49282267
28/05/2011 	30.059540  	31.16988   	30.81566   	15.18472894
29/05/2011 	29.567316  	30.91087   	30.42398   	15.05463884
30/05/2011 	29.567196  	30.74778   	30.16700   	15.24107426
31/05/2011 	29.566784  	30.80144   	30.15470   	15.55286328
01/06/2011 	29.875561  	30.89007   	30.39246   	15.71024831
02/06/2011 	30.025122  	30.91785   	30.47586   	16.26237843
03/06/2011 	30.110895  	31.12407   	30.69751   	16.99273352
04/06/2011 	30.326708  	31.19989   	30.85510   	17.57220189
05/06/2011 	30.518810  	31.21055   	31.00226   	17.55860496
06/06/2011 	30.630207  	31.19633   	30.97500   	17.59840500
07/06/2011 	28.510529  	30.91982   	30.21604   	17.80085945
08/06/2011 	27.258249  	30.68873   	29.21742   	17.94185325
09/06/2011 	27.039154  	30.72520   	29.13017   	17.56173432
10/06/2011 	26.717710  	30.93389   	29.22605   	17.54439465
11/06/2011 	27.295700  	30.64563   	29.32773   	17.44920782
12/06/2011 	26.985918  	30.55929   	29.26908   	17.35679237
13/06/2011 	26.888819  	30.37945   	29.26189   	17.27805106
14/06/2011 	27.152182  	30.33301   	29.23255   	17.45356607
15/06/2011 	25.909658  	29.80846   	28.32532   	17.76917553
16/06/2011 	26.360268  	29.99124   	28.58889   	17.90837816
17/06/2011 	27.692068  	29.93320   	28.76201   	17.86449567
18/06/2011 	26.748520  	30.21418   	29.07747   	17.53804410
19/06/2011 	28.618847  	30.28997   	29.79655   	16.98958460
20/06/2011 	28.346884  	30.34135   	29.48308   	16.78179246
21/06/2011 	27.146719  	29.80945   	28.81101   	17.21421619
22/06/2011 	27.358850  	29.79587   	29.02317   	17.18306279
23/06/2011 	28.704481  	29.68050   	29.31115   	17.05367335
24/06/2011 	28.547747  	29.55686   	29.13938   	17.15410594
25/06/2011 	27.825430  	29.44592   	28.77851   	17.10962065
26/06/2011 	27.102413  	28.94306   	28.31821   	17.35864329
27/06/2011 	26.196678  	28.18201   	27.58805   	18.09097588
28/06/2011 	25.620655  	28.05957   	27.35150   	18.73356084
29/06/2011 	24.326536  	28.05018   	26.30179   	19.22017411
30/06/2011 	21.193247  	27.27900   	24.25654   	19.36502039
01/07/2011 	20.414207  	26.34153   	23.43444   	19.07151747
02/07/2011 	20.046017  	25.38861   	22.30317   	18.50888983
03/07/2011 	19.840919  	26.06186   	22.72165   	17.49912711
04/07/2011 	21.177639  	26.92753   	23.94891   	17.02215723
05/07/2011 	21.992052  	25.15881   	23.82321   	17.34597898
06/07/2011 	22.627977  	26.27835   	24.38729   	17.78659038
07/07/2011 	22.959705  	27.03383   	24.92274   	17.97518750
08/07/2011 	23.173626  	26.92523   	25.40958   	18.28977994
09/07/2011 	23.969269  	27.30628   	25.94842   	18.46876375
10/07/2011 	24.766289  	27.35355   	26.25840   	18.50845460
11/07/2011 	23.608450  	27.03475   	25.88987   	18.91502655
12/07/2011 	21.982206  	26.16040   	24.84622   	19.17029361
13/07/2011 	21.486557  	28.02571   	24.06302   	18.06549466
14/07/2011 	22.332588  	28.73133   	24.22859   	17.39028736
15/07/2011 	22.514751  	26.14893   	24.37051   	17.29368814
16/07/2011 	22.237516  	25.12043   	23.96394   	17.52901320
17/07/2011 	22.480461  	25.36059   	24.33395   	17.61746009
18/07/2011 	22.927010  	24.84283   	23.96434   	17.46923931
19/07/2011 	21.198160  	23.99512   	22.86551   	17.33465048
20/07/2011 	20.854084  	23.00347   	21.89529   	17.61763851
21/07/2011 	19.811239  	23.32055   	21.62660   	18.02035073
22/07/2011 	18.468096  	22.57474   	20.77037   	18.00309773
23/07/2011 	18.780144  	26.98149   	22.46152   	16.65661677
24/07/2011 	24.158373  	27.14539   	25.92499   	15.46778037
25/07/2011 	25.291689  	27.48231   	26.19057   	15.19125090
26/07/2011 	23.165127  	25.27821   	24.33413   	15.61189371
27/07/2011 	20.399685  	23.91670   	22.69265   	16.14620733
28/07/2011 	19.236502  	22.52378   	21.12225   	16.77763391
29/07/2011 	17.852705  	21.48749   	19.72920   	17.01986603
30/07/2011 	17.147659  	22.46448   	19.20408   	16.83347174
31/07/2011 	16.538454  	21.61813   	18.85897   	16.73545508
01/08/2011 	16.500330  	22.20852   	19.26393   	16.95744646
02/08/2011 	16.452934  	22.51693   	19.75183   	17.37225068
03/08/2011 	17.381819  	22.68501   	20.41563   	17.81616135
04/08/2011 	18.045439  	22.86497   	20.71335   	18.30529809
05/08/2011 	18.223293  	22.95207   	20.82403   	18.80614094
06/08/2011 	17.457514  	22.61065   	20.54395   	19.23583436
07/08/2011 	18.244827  	22.91186   	21.19004   	19.21709700
08/08/2011 	20.177654  	23.78107   	22.27825   	18.84119038
09/08/2011 	22.050268  	25.32150   	23.48552   	17.81693141
10/08/2011 	22.693640  	24.93567   	23.63349   	16.44645536
11/08/2011 	21.589333  	24.69037   	22.50092   	16.65509260
12/08/2011 	20.660673  	22.77234   	21.60074   	17.09744279
13/08/2011 	17.290941  	21.19578   	19.99826   	17.46104892
14/08/2011 	16.328428  	21.54858   	19.71964   	17.72015866
15/08/2011 	17.109159  	21.37523   	19.50273   	17.95173236
16/08/2011 	16.379763  	21.50679   	19.26949   	18.11221369
17/08/2011 	16.440321  	21.60092   	19.61080   	18.20196116
18/08/2011 	14.981328  	21.29796   	18.43735   	18.25497731
19/08/2011 	15.318892  	21.32154   	18.36691   	18.23065790
20/08/2011 	15.195755  	20.48502   	17.84011   	18.14050853
21/08/2011 	15.802061  	21.08346   	19.05467   	18.27026252
22/08/2011 	17.620975  	21.42196   	19.48477   	18.48293527
23/08/2011 	16.459188  	20.75394   	19.04825   	18.62380346
24/08/2011 	18.802898  	21.78945   	20.52082   	18.75308661
25/08/2011 	19.362061  	21.87970   	20.97529   	18.82440869
26/08/2011 	18.870804  	21.97824   	20.79305   	18.99910271
27/08/2011 	18.711126  	21.95361   	20.81258   	18.81955345
28/08/2011 	19.101915  	22.04176   	20.72978   	18.36078592
29/08/2011 	19.258211  	22.21073   	21.07743   	17.40400863
30/08/2011 	18.693369  	22.14538   	20.47046   	16.30840266
31/08/2011 	16.959993  	21.19160   	19.11613   	16.03865252
01/09/2011 	15.225982  	21.56125   	18.43682   	15.82893467
02/09/2011 	13.959093  	21.94778   	18.28745   	15.92138573
03/09/2011 	15.047688  	22.05729   	19.46636   	16.18205714
04/09/2011 	16.193491  	22.12159   	19.82197   	16.61689222
05/09/2011 	18.030281  	22.53287   	20.84231   	16.76557660
06/09/2011 	21.174303  	23.32715   	21.99227   	16.59809677
07/09/2011 	21.145502  	25.74790   	23.51690   	16.13864096
08/09/2011 	23.550571  	26.67307   	25.40041   	15.82813386
09/09/2011 	22.955500  	25.73694   	24.05121   	15.88767034
10/09/2011 	20.237993  	23.71883   	22.83574   	16.23408723
11/09/2011 	19.001812  	24.11515   	22.64022   	16.61816537
12/09/2011 	20.876715  	23.64894   	22.83037   	16.65664812
13/09/2011 	21.199362  	25.77808   	22.80592   	16.39777861
14/09/2011 	21.545540  	24.89952   	22.93664   	15.71267434
15/09/2011 	22.536989  	24.42369   	23.29249   	15.11750795
16/09/2011 	19.355236  	22.89833   	21.37534   	14.93942277
17/09/2011 	17.702822  	23.71593   	21.48387   	15.04268575
18/09/2011 	20.887695  	23.35393   	22.60117   	15.02480654
19/09/2011 	21.095751  	23.08953   	22.42662   	14.87319014
20/09/2011 	21.405258  	22.91566   	22.25813   	14.88264231
21/09/2011 	21.076029  	22.67821   	21.91962   	15.10944543
22/09/2011 	20.819868  	22.87441   	21.56585   	15.03536604
23/09/2011 	21.364634  	22.29746   	21.84453   	14.73785450
24/09/2011 	20.159342  	22.01548   	21.47788   	14.75338068
25/09/2011 	19.071012  	22.43414   	20.83779   	14.90761594
26/09/2011 	17.634235  	22.31510   	20.38423   	15.17832102
27/09/2011 	17.408625  	22.63099   	20.24218   	15.36590640
28/09/2011 	15.288967  	22.35986   	19.54167   	15.61021016
29/09/2011 	15.024059  	22.35111   	19.46682   	15.95227905
30/09/2011 	15.083512  	21.82273   	19.21101   	16.28594486
01/10/2011 	15.196913  	21.58223   	18.94640   	16.58629449
02/10/2011 	15.357934  	21.16647   	18.52261   	16.89422830
03/10/2011 	15.911613  	21.15531   	18.80678   	17.06537080
04/10/2011 	18.044546  	22.11340   	20.10982   	17.06760792
05/10/2011 	18.512678  	21.27269   	19.93558   	16.76477774
06/10/2011 	19.956497  	23.80660   	21.25120   	16.36758552
07/10/2011 	21.531960  	24.18627   	22.92941   	15.10363529
08/10/2011 	21.842352  	24.96254   	23.42163   	13.33978566
09/10/2011 	20.554296  	23.50280   	22.53796   	12.51651202
10/10/2011 	20.800276  	24.23665   	22.66074   	13.03284436
11/10/2011 	21.777687  	24.16395   	22.86391   	13.55019691
12/10/2011 	21.769535  	23.55766   	22.77768   	13.54342397
13/10/2011 	18.254120  	22.29953   	20.73689   	13.28410993
14/10/2011 	14.944519  	21.41813   	18.67920   	13.01345126
15/10/2011 	13.012695  	22.14936   	18.29360   	12.53890534
16/10/2011 	15.082564  	22.30053   	19.90513   	12.19912106
17/10/2011 	17.537609  	22.17178   	20.44783   	12.17394159
18/10/2011 	19.573154  	22.39644   	20.99899   	12.06292981
19/10/2011 	21.188393  	22.26054   	21.78156   	11.36363540
20/10/2011 	21.410177  	23.18449   	22.08745   	10.27723495
21/10/2011 	20.935598  	22.40592   	21.69617   	 9.83512257
22/10/2011 	19.872608  	21.65801   	20.85346   	 9.88618286
23/10/2011 	18.700214  	21.39923   	20.53564   	 9.70366877
24/10/2011 	16.872608  	22.40457   	20.32746   	 9.55452144
25/10/2011 	17.235615  	24.52573   	22.22661   	 9.89924492
26/10/2011 	21.710127  	24.16689   	23.62170   	10.15734611
27/10/2011 	22.818460  	24.48732   	23.87424   	10.15345063
28/10/2011 	23.154253  	24.67729   	24.15213   	10.24352119
29/10/2011 	22.624992  	24.60145   	23.98466   	10.34611181
30/10/2011 	22.673141  	24.72381   	24.10256   	10.66139293
31/10/2011 	22.655634  	24.73167   	24.11822   	10.98362048
01/11/2011 	21.733143  	24.84538   	23.94848   	11.06672492
02/11/2011 	20.917767  	24.86688   	23.84281   	11.21380132
03/11/2011 	21.933640  	24.89762   	24.02543   	11.33055588
04/11/2011 	24.126614  	25.75674   	24.93486   	11.65091018
05/11/2011 	24.503519  	25.82487   	25.33175   	11.81473655
06/11/2011 	22.184381  	25.70815   	25.05706   	11.81087331
07/11/2011 	19.882521  	25.22721   	23.21829   	11.60880363
08/11/2011 	19.656656  	24.61819   	22.89720   	11.27354362
09/11/2011 	20.577581  	24.92005   	23.49489   	10.97223757
10/11/2011 	21.344944  	25.09491   	23.62810   	10.67475820
11/11/2011 	21.026377  	25.34360   	23.83969   	10.19434543
12/11/2011 	21.118572  	25.52443   	24.22320   	 9.59759384
13/11/2011 	23.038994  	25.67068   	24.65014   	 9.46787465
14/11/2011 	21.128836  	25.17118   	23.84937   	 8.78956173
15/11/2011 	21.945915  	25.05282   	24.06274   	 8.21040430
16/11/2011 	20.725330  	25.32511   	23.79190   	 7.42075702
17/11/2011 	22.629181  	25.64567   	24.43575   	 7.14985252
18/11/2011 	23.744310  	25.95552   	25.00689   	 7.31343177
19/11/2011 	24.294722  	26.11762   	25.42322   	 7.38651328
20/11/2011 	24.772602  	26.20665   	25.59819   	 7.33529493
21/11/2011 	24.380268  	26.20446   	25.61771   	 7.18716105
22/11/2011 	24.421843  	26.22716   	25.53455   	 7.09700645
23/11/2011 	23.671810  	26.10870   	25.34366   	 7.11172342
24/11/2011 	23.763573  	25.98199   	25.32465   	 7.29199673
25/11/2011 	24.136190  	25.97544   	25.29286   	 7.57952669
26/11/2011 	24.532366  	26.13025   	25.33212   	 7.58573207
27/11/2011 	24.982143  	26.99765   	25.66746   	 8.10439325
28/11/2011 	25.391762  	26.85237   	26.12672   	 8.19591028
29/11/2011 	24.757423  	26.15991   	25.55255   	 7.96058885
30/11/2011 	24.711624  	25.78001   	25.24086   	 7.87637358
01/12/2011 	23.147415  	25.90271   	25.12721   	 7.93187930
02/12/2011 	23.535868  	25.24055   	24.27062   	 7.87527670
03/12/2011 	23.657640  	25.52669   	24.17664   	 7.73359702
04/12/2011 	23.743132  	26.82524   	25.29825   	 7.74128777
05/12/2011 	24.592419  	27.43446   	26.03772   	 7.29019765
06/12/2011 	24.807289  	27.33211   	25.85411   	 6.71946756
07/12/2011 	24.723257  	26.71665   	25.29920   	 6.36059302
08/12/2011 	24.876146  	25.89380   	25.44838   	 6.15560303
09/12/2011 	24.744499  	25.74846   	25.26490   	 6.11978032
10/12/2011 	24.853567  	25.66950   	25.24768   	 5.86543724
11/12/2011 	24.328547  	25.91100   	25.26597   	 5.59654071
12/12/2011 	24.256218  	25.21853   	24.70010   	 5.58631076
13/12/2011 	22.393194  	25.16883   	23.80628   	 5.64971878
14/12/2011 	21.989740  	26.61889   	24.17528   	 5.81686758
15/12/2011 	22.571665  	25.77977   	23.42729   	 5.63247011
16/12/2011 	22.111027  	25.96073   	23.87724   	 5.60371605
17/12/2011 	19.970160  	25.73310   	22.30659   	 5.30230999
18/12/2011 	18.918005  	22.70352   	20.71474   	 4.85515534
19/12/2011 	17.737242  	22.39479   	20.10583   	 4.51302530
20/12/2011 	18.512529  	24.45492   	20.40388   	 4.53714551
21/12/2011 	15.635105  	24.93565   	21.29846   	 4.55815672
22/12/2011 	15.685693  	20.10155   	18.39456   	 4.71714461
23/12/2011 	14.576828  	18.92922   	17.31937   	 5.10108434
24/12/2011 	16.730753  	20.02742   	18.26935   	 5.42457835
25/12/2011 	16.582495  	19.00929   	17.75341   	 5.62830245
26/12/2011 	16.174671  	19.43163   	17.48920   	 6.13683035
27/12/2011 	16.008259  	17.31489   	16.73745   	 6.47077729
28/12/2011 	14.006780  	16.74835   	15.75602   	 6.33549358
29/12/2011 	15.968595  	19.94069   	17.27928   	 5.99255902
30/12/2011 	16.992531  	21.37584   	18.99725   	 5.64335839
