date	smin	smax	smean	tmean
01/01/2009 	 9.5244541 	18.116104  	15.699911  	 0.64891781
02/01/2009 	 8.1114492 	18.118694  	14.384156  	 0.96061345
03/01/2009 	 8.6392765 	17.594198  	13.624639  	 0.70864305
04/01/2009 	 6.3165321 	16.050169  	12.356059  	 1.19465913
05/01/2009 	 7.2356091 	16.800327  	12.875682  	 1.04652916
06/01/2009 	11.9469442 	16.623785  	14.586879  	 0.21090625
07/01/2009 	14.4658699 	18.133896  	16.302550  	 0.67900635
08/01/2009 	 6.8580575 	18.325426  	15.781690  	 0.41638757
09/01/2009 	 8.2999687 	18.727701  	15.402276  	 0.33036017
10/01/2009 	12.0243397 	19.358660  	16.175607  	 0.06845601
11/01/2009 	13.8592377 	20.894266  	18.514020  	 0.09728525
12/01/2009 	 9.5987320 	21.850971  	19.135467  	 0.37639261
13/01/2009 	13.4619370 	22.636904  	20.634065  	 0.98592076
14/01/2009 	 9.4305983 	22.241692  	18.543158  	 1.20818045
15/01/2009 	 6.1369290 	21.309668  	14.915641  	 1.14441328
16/01/2009 	 2.9053259 	20.236498  	12.005919  	 1.08062466
17/01/2009 	 6.5859795 	22.072956  	17.099253  	 1.47732470
18/01/2009 	16.0291424 	23.938738  	22.227071  	 2.27705278
19/01/2009 	20.1589336 	23.441835  	22.818585  	 2.45750850
20/01/2009 	19.0498619 	24.065863  	22.569256  	 2.74590294
21/01/2009 	11.5190182 	24.444731  	21.193982  	 2.58804661
22/01/2009 	 2.9540107 	25.717499  	20.552566  	 2.53975961
23/01/2009 	12.9950294 	26.882010  	24.618715  	 2.74859635
24/01/2009 	24.7781219 	26.484451  	25.993657  	 2.92392716
25/01/2009 	11.6160736 	26.255768  	22.884360  	 2.78685609
26/01/2009 	10.0402822 	26.225134  	21.037213  	 2.46556992
27/01/2009 	 8.6599207 	23.536980  	19.276692  	 2.05135736
28/01/2009 	 6.2106986 	23.349718  	17.004012  	 1.68933529
29/01/2009 	 6.9947248 	21.091270  	16.483395  	 1.45504788
30/01/2009 	11.2980738 	21.598921  	15.822365  	 0.89653541
31/01/2009 	13.8780842 	21.587801  	17.549037  	 0.42237506
01/02/2009 	15.0103893 	21.773300  	18.154809  	-0.31645675
02/02/2009 	19.2528095 	22.003111  	20.417037  	-0.46049150
03/02/2009 	20.1339893 	23.073605  	21.640618  	 0.22780644
04/02/2009 	20.6401825 	23.414999  	22.198507  	 0.51071755
05/02/2009 	12.6650524 	23.527843  	21.281039  	 0.59284226
06/02/2009 	13.9140320 	23.543999  	21.309315  	 0.87309248
07/02/2009 	12.4549208 	22.664263  	19.478950  	 0.98440504
08/02/2009 	11.5544786 	21.150900  	17.724891  	 1.02417272
09/02/2009 	 9.1770000 	21.307173  	17.417048  	 1.13608896
10/02/2009 	 6.5107365 	21.072115  	16.304007  	 1.22671209
11/02/2009 	 8.6247292 	18.481573  	14.524104  	 1.44812694
12/02/2009 	 8.0808372 	18.050922  	14.879094  	 1.63005893
13/02/2009 	 6.4625287 	17.564159  	13.044889  	 1.77518968
14/02/2009 	 4.9252439 	16.760397  	12.301237  	 1.59854577
15/02/2009 	 4.8624277 	17.470945  	12.628983  	 1.78745781
16/02/2009 	 2.9282868 	17.563221  	11.672552  	 2.21615327
17/02/2009 	 7.0025697 	17.173012  	13.433044  	 2.50906633
18/02/2009 	 5.6329598 	16.869804  	12.831977  	 2.40128952
19/02/2009 	 3.3445480 	16.378744  	11.941486  	 2.35753615
20/02/2009 	 6.7632346 	15.461740  	12.760887  	 2.62750008
21/02/2009 	 4.1392164 	15.432016  	11.218951  	 2.71123312
22/02/2009 	 4.1917095 	15.137674  	10.864466  	 3.05571398
23/02/2009 	 3.8092108 	13.553785  	 9.141507  	 3.48264142
24/02/2009 	 2.1935246 	13.525165  	 8.902050  	 3.59784054
25/02/2009 	 0.9772365 	14.756566  	 9.217878  	 3.79646328
26/02/2009 	 3.0431864 	14.403067  	10.789979  	 4.15807631
27/02/2009 	 3.2217600 	14.782976  	10.640153  	 4.59867530
28/02/2009 	 3.1633177 	14.503426  	10.410296  	 4.83761358
01/03/2009 	 3.1775205 	14.776988  	 9.909980  	 4.80137685
02/03/2009 	 4.8628130 	14.968964  	11.194363  	 5.01366191
03/03/2009 	 4.2136369 	15.968305  	12.207131  	 5.02539477
04/03/2009 	 2.3637056 	17.345041  	13.115451  	 4.91008253
05/03/2009 	10.9603138 	18.979025  	16.013612  	 5.02121225
06/03/2009 	 7.4870987 	16.130745  	12.668840  	 4.92606924
07/03/2009 	 5.4135761 	15.525514  	11.894710  	 4.81854679
08/03/2009 	 3.5574973 	17.261572  	14.645496  	 5.13196592
09/03/2009 	10.0852728 	17.316561  	16.179758  	 5.07413354
10/03/2009 	 8.4889889 	17.975813  	15.237726  	 5.04574300
11/03/2009 	 5.0615931 	16.302532  	12.874858  	 5.04392381
12/03/2009 	 1.8366599 	16.267122  	10.993413  	 5.35470126
13/03/2009 	 4.1304398 	15.451001  	10.930643  	 5.56017415
14/03/2009 	 1.6164225 	15.427703  	 9.478286  	 5.82043081
15/03/2009 	 2.1485236 	15.259492  	 9.871249  	 5.97787194
16/03/2009 	 0.9847701 	13.475360  	 8.091596  	 6.30967713
17/03/2009 	 1.8748535 	13.226040  	 8.016412  	 6.56551415
18/03/2009 	 0.9157916 	11.477810  	 6.628607  	 6.67521143
19/03/2009 	 2.5332851 	11.912557  	 8.041337  	 6.76634698
20/03/2009 	 1.6421915 	11.046962  	 7.416118  	 6.86735728
21/03/2009 	 3.7110612 	11.416186  	 8.736580  	 6.87469981
22/03/2009 	 1.8146551 	11.167501  	 7.692424  	 6.91542718
23/03/2009 	 2.0702093 	10.873837  	 9.046658  	 6.91129339
24/03/2009 	 8.0046520 	14.032691  	11.268298  	 6.59459169
25/03/2009 	 3.4437582 	13.608177  	11.494934  	 6.60321590
26/03/2009 	 1.9627447 	14.956134  	12.018910  	 6.60445395
27/03/2009 	 5.1242967 	14.890146  	13.389161  	 6.57111851
28/03/2009 	 3.8742425 	14.891621  	12.380096  	 6.62146978
29/03/2009 	 6.7712975 	14.652323  	11.923107  	 6.60304462
30/03/2009 	 2.5655215 	14.254646  	10.590848  	 6.62192706
31/03/2009 	 1.7625923 	14.310274  	 9.708521  	 6.99248238
01/04/2009 	 2.3784070 	13.533367  	 8.526852  	 7.43848577
02/04/2009 	 1.5699350 	11.901209  	 7.244243  	 7.99977396
03/04/2009 	 2.3811076 	12.233133  	 7.979025  	 8.49767559
04/04/2009 	 3.2956028 	14.109836  	 9.670496  	 8.52768662
05/04/2009 	 5.6794815 	14.644749  	11.239942  	 8.53629247
06/04/2009 	 7.0689888 	15.976353  	11.944180  	 8.62774219
07/04/2009 	 9.1874199 	17.276213  	13.663966  	 8.93054903
08/04/2009 	11.5722351 	18.539896  	16.000170  	 8.83554341
09/04/2009 	14.6492767 	19.027540  	16.692009  	 8.93095450
10/04/2009 	 9.0875607 	19.312637  	15.410609  	 9.56122859
11/04/2009 	11.4253798 	19.247326  	15.897317  	10.05828784
12/04/2009 	13.4421606 	19.273947  	16.518661  	10.35525427
13/04/2009 	13.6106386 	19.058689  	16.597659  	10.54388640
14/04/2009 	13.9568815 	19.077526  	16.880470  	10.68499064
15/04/2009 	14.2113066 	19.044670  	16.886130  	11.09694336
16/04/2009 	14.4722996 	19.296774  	17.491921  	11.50894503
17/04/2009 	15.3396873 	19.863871  	17.890177  	11.47002131
18/04/2009 	15.3595495 	19.933300  	17.902519  	10.79108212
19/04/2009 	13.3675642 	19.328730  	17.597275  	11.64050718
20/04/2009 	13.9160862 	19.786375  	17.593268  	11.88503673
21/04/2009 	15.3948555 	19.860910  	17.748289  	12.09514354
22/04/2009 	15.8141632 	19.673063  	17.953669  	12.14437163
23/04/2009 	16.1537075 	19.807831  	17.944194  	12.03239204
24/04/2009 	17.5197048 	20.519503  	18.690883  	12.32649523
25/04/2009 	18.3242722 	20.826662  	19.314669  	12.57045760
26/04/2009 	18.6260109 	20.982225  	19.478887  	12.87407182
27/04/2009 	18.6254311 	21.145441  	19.785337  	13.01200471
28/04/2009 	18.7668362 	21.641043  	20.068360  	12.96781828
29/04/2009 	18.7987900 	22.028223  	20.257323  	13.03349131
30/04/2009 	18.8192558 	21.970476  	20.277584  	13.26387874
01/05/2009 	18.8136482 	21.999020  	20.407170  	13.73671645
02/05/2009 	18.9153309 	22.044420  	20.930412  	13.99304761
03/05/2009 	19.5958138 	22.321253  	21.334440  	13.82025331
04/05/2009 	19.4769688 	22.031998  	21.541618  	13.21229728
05/05/2009 	19.6605415 	22.028475  	21.606899  	13.00568424
06/05/2009 	20.3489304 	23.433647  	22.094589  	12.82375101
07/05/2009 	20.3562679 	23.241564  	22.258267  	12.85530988
08/05/2009 	17.4693336 	22.453188  	21.050652  	13.01754848
09/05/2009 	18.5006351 	21.834616  	20.901301  	12.84400151
10/05/2009 	18.4149990 	21.239553  	20.325676  	13.25454205
11/05/2009 	16.9703655 	21.704994  	19.353009  	12.92583263
12/05/2009 	18.1394997 	23.882395  	20.434326  	12.43408414
13/05/2009 	20.5293064 	24.283573  	21.801670  	12.74230035
14/05/2009 	20.8288116 	24.440847  	22.346335  	12.97486975
15/05/2009 	20.7349739 	23.335899  	22.327763  	13.25673419
16/05/2009 	16.8459015 	24.329855  	22.423044  	13.26400512
17/05/2009 	19.8748245 	24.580236  	23.185670  	13.49857620
18/05/2009 	12.7575836 	24.822922  	22.253770  	13.48622942
19/05/2009 	17.2168293 	24.793135  	22.732683  	13.62131476
20/05/2009 	19.1383114 	24.301823  	22.710094  	13.91834491
21/05/2009 	20.2353840 	24.219048  	22.801927  	14.20660867
22/05/2009 	20.8503151 	24.114052  	22.960919  	14.42789855
23/05/2009 	20.2903614 	24.113901  	22.749603  	14.93962173
24/05/2009 	20.3249989 	23.983734  	22.532551  	15.65625272
25/05/2009 	17.8406105 	23.929287  	22.003172  	16.33220073
26/05/2009 	14.8349171 	23.770224  	21.404759  	16.63809121
27/05/2009 	 8.5551472 	23.639441  	21.252338  	15.93953838
28/05/2009 	13.0313663 	23.452072  	20.085146  	15.86744328
29/05/2009 	10.2372208 	22.223831  	17.230046  	16.13445757
30/05/2009 	 8.9121904 	20.229815  	16.061919  	16.24691854
31/05/2009 	13.8885689 	20.760431  	17.123330  	16.34295837
01/06/2009 	12.0127840 	19.995586  	16.934864  	17.11057583
02/06/2009 	16.7351398 	19.671013  	18.450047  	16.80315367
03/06/2009 	18.4179325 	24.202578  	20.974527  	15.76110387
04/06/2009 	20.1558094 	25.225260  	23.184997  	14.43147717
05/06/2009 	22.2585545 	25.753162  	24.458135  	13.59406539
06/06/2009 	24.0601826 	27.111317  	25.282869  	13.34754858
07/06/2009 	23.7662106 	26.586418  	25.106999  	13.71105947
08/06/2009 	22.7359333 	25.899288  	24.856657  	14.61584679
09/06/2009 	19.5841751 	25.740364  	23.554855  	15.24055376
10/06/2009 	16.5941429 	26.007835  	22.968461  	15.40554573
11/06/2009 	14.2770720 	24.957216  	20.715839  	15.73606161
12/06/2009 	11.9629622 	23.167297  	18.668407  	15.79551327
13/06/2009 	 9.9642115 	21.889490  	16.974419  	16.06152064
14/06/2009 	 9.6356039 	22.562452  	17.582278  	16.61925348
15/06/2009 	11.3365726 	21.777351  	17.887388  	16.95150308
16/06/2009 	13.3216896 	21.238018  	18.034421  	17.12588155
17/06/2009 	 9.2869625 	21.317312  	17.129922  	17.18958533
18/06/2009 	13.8911180 	22.359028  	19.001959  	17.23899742
19/06/2009 	11.9691057 	22.388105  	18.772647  	17.14862021
20/06/2009 	11.8693981 	21.811052  	18.185752  	16.79250944
21/06/2009 	14.1182356 	21.217070  	18.008950  	16.60538930
22/06/2009 	14.4701576 	20.904604  	18.013767  	16.59305439
23/06/2009 	14.8560104 	21.499588  	18.168521  	17.05227379
24/06/2009 	14.7400188 	22.907848  	18.749682  	17.60487235
25/06/2009 	17.6596794 	23.900246  	20.480406  	18.02148283
26/06/2009 	16.2133083 	23.302809  	20.444258  	18.74836655
27/06/2009 	19.4058914 	24.086130  	21.803091  	19.24402984
28/06/2009 	20.4562759 	24.662395  	22.484011  	19.76725376
29/06/2009 	19.5118256 	24.733418  	22.749906  	20.51508780
30/06/2009 	16.6378269 	24.177614  	21.615163  	20.93721394
01/07/2009 	19.9752636 	23.907990  	22.003908  	21.19170570
02/07/2009 	17.5901852 	23.353544  	21.395306  	21.70333278
03/07/2009 	20.2358551 	24.320082  	22.679050  	21.89010187
04/07/2009 	17.3674793 	24.617361  	22.248789  	22.11726860
05/07/2009 	14.2855282 	24.534071  	20.861178  	22.31590998
06/07/2009 	16.5173073 	24.552338  	22.413336  	22.21483755
07/07/2009 	20.4262180 	25.917990  	24.198253  	21.32883350
08/07/2009 	17.9594078 	25.921724  	23.289657  	20.87657332
09/07/2009 	16.2824459 	25.314901  	22.740942  	19.36948987
10/07/2009 	16.3967533 	26.083553  	23.003496  	17.77373167
11/07/2009 	16.7735100 	26.462606  	22.847738  	16.93847609
12/07/2009 	11.6076565 	26.338591  	22.404949  	17.18762334
13/07/2009 	13.8815041 	25.664398  	21.996026  	17.90222577
14/07/2009 	16.2406540 	24.698425  	21.786571  	18.72690042
15/07/2009 	17.6769028 	24.093441  	22.522463  	19.22930678
16/07/2009 	21.6959705 	24.032709  	23.369386  	19.37019455
17/07/2009 	17.9452419 	24.000425  	23.012879  	19.47366611
18/07/2009 	22.6860065 	23.801609  	23.430959  	19.06550197
19/07/2009 	18.1198635 	23.560326  	22.531199  	18.84516060
20/07/2009 	16.0598640 	23.392443  	22.621839  	18.94647189
21/07/2009 	19.2059116 	23.241459  	22.058007  	18.98281054
22/07/2009 	20.1854649 	23.020395  	22.298205  	19.38482459
23/07/2009 	21.0970058 	22.988716  	22.435679  	19.41877933
24/07/2009 	21.5169296 	23.093248  	22.663920  	19.28947039
25/07/2009 	18.6348896 	23.154327  	22.175594  	19.12954712
26/07/2009 	12.7010260 	23.070091  	19.683237  	19.12644887
27/07/2009 	11.2744713 	22.692631  	19.278678  	19.53848056
28/07/2009 	16.5154495 	22.194105  	20.303666  	19.48450458
29/07/2009 	16.3540173 	22.181320  	20.059131  	19.59934727
30/07/2009 	19.7405434 	22.724373  	21.981046  	19.49116894
31/07/2009 	20.1835403 	23.074425  	22.041789  	18.64165660
01/08/2009 	16.6767178 	23.024193  	21.630735  	18.70040973
02/08/2009 	15.8433046 	22.288160  	20.134948  	19.06032658
03/08/2009 	14.8950300 	21.599993  	19.160607  	19.11603085
04/08/2009 	13.9251747 	21.685671  	19.177411  	19.51781174
05/08/2009 	16.1252289 	21.966888  	19.641143  	19.96489672
06/08/2009 	16.8445568 	22.176678  	20.213083  	20.58293060
07/08/2009 	18.1051445 	22.372833  	20.574241  	20.86739067
08/08/2009 	18.3568401 	22.304710  	20.483464  	20.85087196
09/08/2009 	17.3086510 	22.253368  	20.151642  	20.72038194
10/08/2009 	17.1332245 	22.151270  	20.522746  	20.90653451
11/08/2009 	16.9739704 	22.399179  	20.431854  	21.11898541
12/08/2009 	16.3101521 	22.143322  	20.084302  	20.84636843
13/08/2009 	17.6160488 	22.049313  	20.140667  	20.59138846
14/08/2009 	17.3246269 	22.051035  	20.126709  	20.51121104
15/08/2009 	19.2491131 	23.009020  	21.997100  	20.64597329
16/08/2009 	17.1848412 	23.004917  	21.672924  	20.60435454
17/08/2009 	17.4181366 	22.952404  	20.898522  	20.42194148
18/08/2009 	14.2985735 	22.829565  	19.913013  	20.17728253
19/08/2009 	13.5654240 	22.933283  	19.468078  	20.22146026
20/08/2009 	14.9536247 	23.339365  	20.554191  	20.57075226
21/08/2009 	19.2134132 	23.714039  	22.135112  	20.37059041
22/08/2009 	19.8897934 	23.532652  	22.148002  	20.02941318
23/08/2009 	19.1354542 	23.537123  	21.779731  	20.07143275
24/08/2009 	18.7260399 	24.241966  	21.970311  	20.25504343
25/08/2009 	20.4190311 	24.585711  	23.003201  	20.80109088
26/08/2009 	21.2324505 	24.782602  	23.502906  	20.24550315
27/08/2009 	21.3068829 	25.025017  	24.007097  	20.05169570
28/08/2009 	23.8711910 	25.251965  	24.976935  	19.31057314
29/08/2009 	24.0920105 	25.380239  	25.042753  	18.36569075
30/08/2009 	20.5684338 	25.357050  	24.083223  	17.28986947
31/08/2009 	24.0987988 	25.692345  	25.194854  	17.41879121
01/09/2009 	21.0077400 	25.428116  	24.198670  	17.73464827
02/09/2009 	19.3506660 	24.462420  	23.630186  	17.55688079
03/09/2009 	16.0735836 	25.039188  	23.030036  	17.32844150
04/09/2009 	23.9010944 	27.630072  	25.669612  	16.81211030
05/09/2009 	24.6484966 	27.529686  	26.504089  	16.21819735
06/09/2009 	20.4558849 	27.613945  	25.846043  	15.95754371
07/09/2009 	17.3179131 	27.049274  	24.009320  	16.02304534
08/09/2009 	17.0416393 	26.691883  	23.146042  	16.47058584
09/09/2009 	19.6573658 	26.369310  	23.466787  	16.84635071
10/09/2009 	20.5034904 	25.528263  	22.985308  	16.63699909
11/09/2009 	23.8171501 	26.217245  	24.741588  	15.86005308
12/09/2009 	24.2117710 	26.341448  	25.218752  	15.69584765
13/09/2009 	24.8216457 	27.305130  	25.888840  	15.71630440
14/09/2009 	25.0549297 	27.942352  	26.033669  	15.34745282
15/09/2009 	25.1521835 	27.626135  	26.415382  	15.36460030
16/09/2009 	25.4174271 	27.901371  	26.499737  	15.58302679
17/09/2009 	25.3097858 	28.447435  	26.970892  	15.41185768
18/09/2009 	26.4543056 	28.580524  	27.436598  	15.47411247
19/09/2009 	26.4426975 	28.195135  	27.347560  	15.65549592
20/09/2009 	26.5391312 	28.132833  	27.406641  	16.02790040
21/09/2009 	26.5824337 	28.772058  	27.525467  	15.90488674
22/09/2009 	26.7064342 	28.366888  	27.658876  	16.20993590
23/09/2009 	27.2939491 	28.214111  	27.699607  	16.31850894
24/09/2009 	27.5679836 	28.312023  	27.879685  	16.00640863
25/09/2009 	27.4880924 	28.510786  	28.005271  	15.81244548
26/09/2009 	25.2278061 	28.609039  	27.886710  	15.85293253
27/09/2009 	20.4382572 	28.472984  	26.129734  	16.08264780
28/09/2009 	20.8581047 	28.357611  	25.677828  	16.35312359
29/09/2009 	20.4160175 	27.263445  	24.917254  	16.24123037
30/09/2009 	14.6247959 	28.115887  	24.278608  	16.02411689
01/10/2009 	18.1666737 	27.361443  	22.964694  	15.48929155
02/10/2009 	18.2002735 	25.696936  	22.917052  	14.53776898
03/10/2009 	16.8142548 	27.758162  	24.961100  	14.43313392
04/10/2009 	26.2285690 	28.839048  	27.926870  	13.57927356
05/10/2009 	18.8796253 	29.332121  	26.539705  	12.89114402
06/10/2009 	11.6957855 	27.616711  	23.290232  	13.10488727
07/10/2009 	19.6731930 	27.056414  	24.854613  	13.82764252
08/10/2009 	15.6615629 	25.594368  	21.805566  	13.59816563
09/10/2009 	11.1242552 	23.950230  	19.423551  	13.03975032
10/10/2009 	 9.4004002 	23.988836  	19.329782  	12.70736126
11/10/2009 	14.8140440 	23.594835  	20.949177  	12.84620754
12/10/2009 	13.8287792 	23.431393  	19.043543  	12.07984203
13/10/2009 	10.3863888 	19.899628  	16.447332  	10.93975141
14/10/2009 	11.6557665 	20.537563  	17.677407  	10.63986961
15/10/2009 	11.2749510 	20.867668  	16.724169  	10.17571680
16/10/2009 	12.3478193 	29.353661  	21.152008  	10.18198297
17/10/2009 	22.5548420 	29.534189  	27.201044  	 9.46673793
18/10/2009 	23.4524765 	30.247578  	27.493146  	 9.35267413
19/10/2009 	15.7082853 	27.549726  	25.246837  	 9.58210323
20/10/2009 	12.0518522 	26.607500  	22.373544  	 9.17605750
21/10/2009 	 9.2462711 	27.272863  	20.147087  	 8.85269942
22/10/2009 	 9.8194199 	28.053091  	22.672352  	 8.98082429
23/10/2009 	18.9958363 	27.945753  	24.158570  	 9.29126855
24/10/2009 	21.9518127 	27.919895  	25.734094  	 9.64458193
25/10/2009 	23.7099113 	27.923229  	27.493713  	10.10155833
26/10/2009 	27.2482433 	27.925283  	27.827861  	10.39600390
27/10/2009 	17.5220108 	28.027496  	26.392048  	10.68124288
28/10/2009 	20.8548164 	27.902205  	25.895910  	10.78879384
29/10/2009 	21.0403996 	27.785357  	25.878092  	10.90839968
30/10/2009 	15.7281857 	27.274754  	23.858726  	10.92070212
31/10/2009 	15.3962002 	27.031399  	23.118604  	10.67590527
01/11/2009 	15.3555927 	27.599039  	23.754637  	10.95803682
02/11/2009 	21.4282684 	27.992552  	26.020619  	11.11514912
03/11/2009 	13.9171886 	27.919983  	24.888327  	10.70927352
04/11/2009 	20.3803692 	27.927904  	25.938355  	10.66135643
05/11/2009 	19.4588089 	27.497631  	25.507303  	10.46679785
06/11/2009 	12.0468111 	27.015873  	24.406550  	10.37991760
07/11/2009 	16.4650173 	27.038904  	25.338591  	10.22277006
08/11/2009 	18.2404442 	26.923710  	24.215343  	 9.93229318
09/11/2009 	13.1178408 	26.079966  	20.843948  	 9.29854838
10/11/2009 	15.4240112 	23.948532  	20.124930  	 9.16264842
11/11/2009 	11.9806776 	23.645586  	19.578053  	 9.22131511
12/11/2009 	10.6030760 	23.575432  	19.870923  	 9.01418970
13/11/2009 	11.1627827 	25.534182  	23.264196  	 9.43515474
14/11/2009 	11.9000139 	25.554596  	23.653142  	 9.85466238
15/11/2009 	19.3649178 	25.783911  	24.954255  	 9.93999845
16/11/2009 	 9.0241632 	25.711187  	22.936541  	 9.88034604
17/11/2009 	14.5022955 	25.601904  	23.713696  	10.00139495
18/11/2009 	10.2230597 	26.003515  	24.320028  	10.02798919
19/11/2009 	12.2571049 	27.470758  	25.286062  	10.36900731
20/11/2009 	10.0522919 	26.437893  	23.980275  	10.12471604
21/11/2009 	12.9375658 	25.913137  	22.671440  	10.25922902
22/11/2009 	10.8536396 	27.001858  	23.299086  	10.37883701
23/11/2009 	25.1485157 	27.877857  	26.579423  	10.29679078
24/11/2009 	24.9248276 	27.954189  	26.358648  	10.20764605
25/11/2009 	18.1501293 	27.129353  	25.363763  	10.20085498
26/11/2009 	25.1837425 	29.394300  	28.124877  	 9.75608546
27/11/2009 	21.3473301 	29.415400  	28.602220  	 9.47117595
28/11/2009 	12.3246193 	29.464472  	28.140734  	 9.04115607
29/11/2009 	16.3139610 	29.277821  	27.617698  	 8.66041474
30/11/2009 	18.0107670 	28.502876  	26.438313  	 8.28180917
01/12/2009 	14.2282085 	26.998444  	22.738342  	 7.85931694
02/12/2009 	 5.9621277 	25.148930  	17.709633  	 7.18585228
03/12/2009 	 3.8731625 	27.247175  	19.930068  	 7.33922858
04/12/2009 	10.2480726 	26.580780  	22.012310  	 7.42932122
05/12/2009 	 8.8301697 	25.773195  	21.108613  	 7.30632833
06/12/2009 	 7.1111193 	25.332188  	20.797055  	 7.66799957
07/12/2009 	10.5107737 	24.846842  	21.846737  	 7.68399501
08/12/2009 	12.2641258 	24.221071  	20.531746  	 7.58968439
09/12/2009 	 5.6952100 	23.030939  	17.339079  	 7.48094270
10/12/2009 	10.7376862 	23.443472  	18.340521  	 7.73498087
11/12/2009 	 8.0501356 	19.433031  	15.605713  	 7.70442357
12/12/2009 	 7.2483134 	17.436171  	13.366225  	 7.32346979
13/12/2009 	 5.5572729 	15.648322  	12.073802  	 6.61539524
14/12/2009 	 4.9808869 	15.649442  	11.760088  	 5.97765758
15/12/2009 	 4.0838294 	15.617766  	11.157366  	 5.17307960
16/12/2009 	 4.2915840 	17.238718  	12.053560  	 4.89750004
17/12/2009 	 3.9890208 	17.973305  	12.393096  	 4.62627350
18/12/2009 	 3.7264612 	16.579323  	11.650430  	 3.72663373
19/12/2009 	 3.9557564 	18.244675  	11.159399  	 2.85197335
20/12/2009 	11.8488932 	19.241550  	16.680969  	 2.83986994
21/12/2009 	 7.1842403 	19.096607  	15.873895  	 2.61879098
22/12/2009 	 8.3684826 	19.398888  	15.975602  	 2.38638485
23/12/2009 	 7.6288710 	19.497515  	15.972639  	 2.28351695
24/12/2009 	 9.3862925 	19.812103  	16.428411  	 2.11031023
25/12/2009 	13.8477221 	20.276943  	18.005916  	 2.41529169
26/12/2009 	11.1108446 	19.587492  	17.108839  	 2.74811456
27/12/2009 	16.1072941 	22.017933  	20.262287  	 3.20611216
28/12/2009 	14.1448259 	22.533880  	20.674747  	 3.34487812
29/12/2009 	 8.6347475 	21.829903  	17.584047  	 2.92582255
30/12/2009 	 7.0281510 	20.593773  	16.569111  	 2.60135244
31/12/2009 	 6.6725984 	20.173126  	15.658932  	 2.24317013
01/01/2010 	 7.3614054 	18.156948  	13.541543  	 1.64975218
02/01/2010 	 5.9029059 	18.504646  	13.796787  	 1.55437651
03/01/2010 	 7.3986955 	18.918043  	14.060682  	 1.31756122
04/01/2010 	 6.5259457 	18.431465  	14.059891  	 1.26157665
05/01/2010 	 6.9112339 	18.403090  	13.969931  	 1.45124684
06/01/2010 	 4.2663741 	17.769529  	13.249352  	 1.40512949
07/01/2010 	 4.9628119 	17.608120  	12.844802  	 1.17989228
08/01/2010 	 6.9096923 	17.365751  	12.882539  	 0.77338459
09/01/2010 	 7.3571777 	15.645293  	11.477645  	-0.14748686
10/01/2010 	 2.7776444 	16.207563  	 8.313680  	-0.25263253
11/01/2010 	 3.3104446 	14.929768  	11.387537  	 0.08591266
12/01/2010 	 3.4278827 	15.807349  	11.064570  	-0.01029808
13/01/2010 	 3.2631485 	18.583273  	11.221149  	-0.39441441
14/01/2010 	10.9942808 	21.236837  	16.877391  	-0.24572768
15/01/2010 	13.8389826 	21.125341  	17.583776  	-0.26437898
16/01/2010 	14.4531126 	21.219093  	18.349679  	-0.08900386
17/01/2010 	13.2551651 	22.216101  	19.751415  	 0.35052510
18/01/2010 	10.1655016 	21.867832  	19.437058  	 0.65371632
19/01/2010 	 8.1238470 	21.672176  	17.310387  	 0.86568794
20/01/2010 	 5.4512963 	19.643707  	13.743967  	 0.73547309
21/01/2010 	 5.5513449 	18.661583  	13.508472  	 0.68197044
22/01/2010 	 2.7830396 	17.925587  	10.553712  	 0.34335846
23/01/2010 	 5.6210942 	19.517651  	13.800118  	 0.52223945
24/01/2010 	 8.8083000 	20.250355  	16.439920  	 0.63174999
25/01/2010 	 9.6477098 	20.221811  	16.955859  	 0.51399663
26/01/2010 	 7.7571855 	18.710131  	15.076740  	-0.05880435
27/01/2010 	 4.0318518 	18.967905  	14.494804  	-0.14015527
28/01/2010 	10.5308924 	17.429501  	14.111555  	 0.39368176
29/01/2010 	 9.6210423 	16.851147  	14.048369  	 0.57210796
30/01/2010 	 8.5895567 	17.320396  	14.250081  	 0.43502705
31/01/2010 	 8.7263336 	17.774166  	14.467720  	 0.49844432
01/02/2010 	 8.0672493 	18.286442  	14.586171  	 0.64538361
02/02/2010 	 3.5741374 	18.864580  	15.185140  	 0.84255489
03/02/2010 	 6.9155226 	19.964560  	15.904745  	 0.99569085
04/02/2010 	 4.3302250 	20.051743  	13.425323  	 1.07322126
05/02/2010 	 3.3739812 	17.843475  	12.001895  	 1.13812865
06/02/2010 	 5.3212504 	18.298515  	13.640293  	 1.32127969
07/02/2010 	 4.2119431 	15.756871  	11.480479  	 1.19845260
08/02/2010 	 4.2368436 	15.150182  	12.262454  	 0.98396614
09/02/2010 	 5.9597239 	15.404675  	13.322539  	 0.66638354
10/02/2010 	 6.1798239 	15.198986  	12.243994  	 0.32199447
11/02/2010 	 5.1385956 	15.240787  	10.496904  	-0.21229710
12/02/2010 	 7.9043398 	16.055132  	12.399734  	-0.38384980
13/02/2010 	11.9742832 	18.081463  	14.756213  	-0.57319022
14/02/2010 	13.3766241 	18.808542  	15.462726  	-0.61204464
15/02/2010 	12.6356907 	17.832680  	15.903145  	-0.72254076
16/02/2010 	10.0330133 	20.206553  	16.223726  	-0.61694826
17/02/2010 	 9.8090849 	20.440893  	16.701246  	-0.58154175
18/02/2010 	11.3648615 	20.501730  	16.961148  	-0.37976515
19/02/2010 	10.4640179 	21.180979  	19.078211  	 0.06877296
20/02/2010 	18.2427425 	21.194731  	20.392205  	 0.23707624
21/02/2010 	13.4822054 	21.046391  	18.913010  	 0.33454920
22/02/2010 	13.8992214 	21.181831  	19.236848  	 0.69521470
23/02/2010 	10.0819874 	21.038357  	17.679977  	 0.80736042
24/02/2010 	 9.4753838 	20.734087  	17.273723  	 0.96170489
25/02/2010 	11.1637268 	22.668814  	19.279088  	 1.53235603
26/02/2010 	10.3556948 	23.701981  	19.697525  	 2.01630855
27/02/2010 	18.0257702 	23.680040  	22.760722  	 2.47078584
28/02/2010 	11.6728821 	23.351643  	20.087210  	 2.67956580
01/03/2010 	12.8209286 	22.248619  	19.882520  	 2.78733941
02/03/2010 	 8.9651833 	20.930702  	16.847641  	 2.69520725
03/03/2010 	 7.1546736 	18.984957  	14.249850  	 2.67130815
04/03/2010 	 6.3268695 	17.011642  	11.305237  	 2.72431692
05/03/2010 	 4.7103791 	15.192780  	10.534601  	 2.63962170
06/03/2010 	 4.9920545 	14.166796  	10.148665  	 2.34378627
07/03/2010 	 5.3623509 	13.435772  	 9.800345  	 1.80259838
08/03/2010 	 3.8191245 	12.045042  	 8.889391  	 1.84942414
09/03/2010 	 3.5382693 	12.216040  	 8.997955  	 1.96644981
10/03/2010 	 3.4328778 	12.685857  	 9.689529  	 2.07128754
11/03/2010 	 3.7667353 	13.088870  	 9.907474  	 2.06392098
12/03/2010 	 2.4731860 	13.519501  	 9.637608  	 2.30615461
13/03/2010 	 1.6738398 	12.446054  	 8.757337  	 2.58964937
14/03/2010 	 1.6535616 	12.783818  	 8.011386  	 3.08035197
15/03/2010 	 2.3234346 	12.687589  	 8.294132  	 3.49398882
16/03/2010 	 2.7871401 	13.787371  	 9.702473  	 3.83022550
17/03/2010 	 2.5486410 	14.900822  	10.314619  	 4.05700600
18/03/2010 	 2.3922572 	15.552945  	10.488165  	 4.41536526
19/03/2010 	 2.7731278 	16.540667  	11.418692  	 4.87149663
20/03/2010 	 5.9111295 	17.864519  	13.668611  	 5.37406701
21/03/2010 	 7.5434928 	17.317589  	13.501443  	 5.91575145
22/03/2010 	 2.5701122 	16.697250  	11.973773  	 6.13864918
23/03/2010 	 4.9160972 	17.233761  	12.586613  	 6.28284292
24/03/2010 	 4.5859056 	16.599350  	12.554379  	 6.59544367
25/03/2010 	 6.2066970 	17.423580  	13.424317  	 6.96170326
26/03/2010 	 6.0534768 	17.858801  	14.520412  	 7.13474289
27/03/2010 	 5.1033101 	19.145731  	13.933291  	 7.18152986
28/03/2010 	 5.0585570 	18.819992  	14.187100  	 7.26744145
29/03/2010 	 6.1543703 	18.091991  	13.733564  	 7.41752578
30/03/2010 	 3.3167191 	19.357187  	12.827580  	 7.78309158
31/03/2010 	 4.9136200 	22.208805  	16.865199  	 7.47559436
01/04/2010 	 9.7065907 	22.316418  	20.254966  	 6.98980831
02/04/2010 	 5.2721500 	22.632860  	18.275688  	 6.93279014
03/04/2010 	 6.1130204 	22.686316  	16.537410  	 7.18837952
04/04/2010 	 5.9573717 	20.637535  	15.096373  	 7.48939037
05/04/2010 	 1.9508735 	19.399679  	13.015378  	 7.59961010
06/04/2010 	 1.6150430 	19.146030  	12.011296  	 7.97737366
07/04/2010 	 7.5273061 	19.725014  	15.026225  	 8.19785996
08/04/2010 	10.1087093 	18.207558  	15.688166  	 8.55364599
09/04/2010 	10.9501266 	18.965288  	15.963008  	 8.80295461
10/04/2010 	11.9544630 	18.947300  	15.553428  	 8.94827044
11/04/2010 	 7.9671159 	17.690859  	13.577427  	 8.91663090
12/04/2010 	 8.1487961 	17.067738  	13.310432  	 8.80244559
13/04/2010 	10.9268103 	16.920252  	14.323905  	 8.84998047
14/04/2010 	13.1384020 	18.726599  	15.651599  	 8.90530801
15/04/2010 	15.6919327 	20.079367  	17.155103  	 8.87645950
16/04/2010 	16.8180027 	20.132017  	18.323689  	 8.96691209
17/04/2010 	12.1839952 	18.433310  	16.187724  	 9.47166797
18/04/2010 	13.2143087 	18.809437  	16.856614  	 9.97148142
19/04/2010 	12.1678457 	19.066700  	16.034327  	10.18902606
20/04/2010 	11.3450394 	19.817463  	16.540919  	10.22386446
21/04/2010 	14.4616146 	18.841986  	17.154903  	 9.53398327
22/04/2010 	11.1184921 	19.527231  	16.033871  	 9.13529490
23/04/2010 	14.5459681 	20.135839  	17.570433  	 9.47822843
24/04/2010 	11.4093075 	20.482227  	17.146813  	 9.83009020
25/04/2010 	13.5876980 	22.073799  	18.191549  	 9.96761769
26/04/2010 	15.4056101 	22.274359  	19.387467  	10.31649009
27/04/2010 	14.0393124 	21.927883  	18.679372  	10.80001273
28/04/2010 	11.0383806 	22.044279  	18.042755  	11.34233745
29/04/2010 	14.5037212 	22.573990  	19.030636  	11.70178735
30/04/2010 	16.9099655 	23.070318  	20.494965  	11.94630084
01/05/2010 	14.1952248 	23.158058  	20.411276  	12.03961287
02/05/2010 	11.4632215 	22.726122  	17.414929  	12.02989338
03/05/2010 	 8.0335474 	23.836754  	15.894248  	10.78493110
04/05/2010 	13.6199541 	24.178967  	19.313076  	 9.70803382
05/05/2010 	 8.8303690 	19.362030  	14.941167  	10.07405684
06/05/2010 	12.1123190 	18.026199  	15.711517  	10.10296484
07/05/2010 	11.6061659 	21.249216  	17.228603  	 9.79332687
08/05/2010 	15.3408966 	21.495001  	19.129265  	10.11914750
09/05/2010 	15.9081144 	21.977398  	19.473154  	10.13460261
10/05/2010 	15.6307535 	22.121737  	19.439579  	10.20636537
11/05/2010 	15.0813379 	21.185123  	18.565593  	10.02562269
12/05/2010 	15.5324221 	23.867529  	18.798145  	 9.54344308
13/05/2010 	14.7076826 	22.639284  	17.657753  	 9.34400201
14/05/2010 	13.1658783 	20.141045  	17.210242  	 9.74604281
15/05/2010 	13.6005926 	20.986916  	18.052885  	10.13170817
16/05/2010 	15.7960997 	21.452219  	19.078537  	10.39322072
17/05/2010 	12.2592688 	22.043552  	18.711107  	10.86463783
18/05/2010 	10.8084440 	20.932606  	16.461362  	11.58594968
19/05/2010 	 8.6780367 	19.670835  	14.575376  	12.12448728
20/05/2010 	 8.2667418 	19.571520  	14.806358  	12.82075779
21/05/2010 	 8.0989361 	19.472815  	14.559942  	13.60052607
22/05/2010 	 7.5961876 	18.125669  	14.795720  	14.06205914
23/05/2010 	13.4716539 	19.582529  	17.211405  	14.48826923
24/05/2010 	14.8625660 	20.864443  	18.342936  	15.01471931
25/05/2010 	13.6654148 	20.399511  	17.190280  	15.00680874
26/05/2010 	12.4270487 	20.276936  	16.977277  	14.91981147
27/05/2010 	11.8584347 	20.907364  	17.129580  	14.80970713
28/05/2010 	10.7464523 	21.540253  	17.517165  	15.01659010
29/05/2010 	10.7755709 	22.019461  	18.074735  	14.93203155
30/05/2010 	14.7191591 	24.141815  	20.729622  	15.03200980
31/05/2010 	16.7105083 	23.852139  	20.920598  	14.99196156
01/06/2010 	13.3230839 	23.037285  	19.139061  	15.10438760
02/06/2010 	12.7826166 	22.819389  	18.059848  	15.56619984
03/06/2010 	12.7617273 	22.050095  	18.658515  	15.93203427
04/06/2010 	16.4030056 	22.473366  	19.716316  	16.24543949
05/06/2010 	18.2910576 	23.071320  	20.727070  	16.64467633
06/06/2010 	16.7556705 	23.858931  	20.920206  	17.10070741
07/06/2010 	16.3949242 	24.143354  	21.631697  	17.00953333
08/06/2010 	15.9928865 	24.234467  	21.711779  	17.17874686
09/06/2010 	14.2530727 	24.012695  	20.908544  	17.52409152
10/06/2010 	14.3043852 	22.471006  	19.398515  	17.74489963
11/06/2010 	13.8014174 	22.549343  	18.972482  	18.09879291
12/06/2010 	11.2599497 	22.081379  	17.920631  	17.79424481
13/06/2010 	 9.7898617 	20.435787  	16.344187  	17.43503066
14/06/2010 	10.6566362 	20.733894  	16.105567  	17.69214964
15/06/2010 	11.8807487 	20.395229  	15.550279  	17.07102547
16/06/2010 	14.4744005 	22.943735  	17.816004  	16.34478144
17/06/2010 	18.1664333 	26.740622  	21.292713  	16.19504589
18/06/2010 	20.6489220 	25.783020  	23.014898  	15.87102286
19/06/2010 	21.5753002 	29.084766  	25.399189  	14.76584174
20/06/2010 	25.2036476 	30.573736  	27.779466  	13.70900553
21/06/2010 	22.5918121 	29.857836  	27.234212  	13.72519473
22/06/2010 	20.0634823 	28.073479  	25.813366  	14.47405569
23/06/2010 	19.8264294 	27.679333  	25.592701  	15.35860598
24/06/2010 	24.2656860 	27.638746  	26.194677  	16.14522388
25/06/2010 	19.3736610 	27.691734  	24.930763  	16.74005981
26/06/2010 	21.0736504 	27.314442  	24.799746  	17.58881617
27/06/2010 	21.4339905 	27.338732  	25.248107  	18.28440416
28/06/2010 	19.1757412 	27.341425  	24.498667  	19.37932038
29/06/2010 	22.8043442 	27.218468  	25.304137  	19.86529728
30/06/2010 	23.4578648 	27.510376  	25.643808  	20.24645122
01/07/2010 	19.7922726 	27.524754  	24.838350  	20.47937302
02/07/2010 	20.2518635 	27.608728  	24.932483  	20.94483264
03/07/2010 	20.5698490 	27.804377  	24.730021  	21.41046186
04/07/2010 	18.6908932 	27.187576  	24.148118  	21.56104704
05/07/2010 	20.3877525 	27.566076  	24.921519  	21.58176307
06/07/2010 	17.1259289 	26.902597  	23.574980  	21.10394621
07/07/2010 	17.1388016 	26.952093  	23.347913  	20.64203191
08/07/2010 	21.0786457 	27.581594  	25.146965  	20.95180766
09/07/2010 	21.9928341 	27.782713  	25.253237  	21.30818303
10/07/2010 	22.2557888 	27.749952  	25.528015  	22.08441297
11/07/2010 	22.2886295 	27.774443  	25.408204  	22.57412124
12/07/2010 	22.4619770 	27.954121  	25.593033  	22.60910547
13/07/2010 	22.2969074 	28.094723  	26.478996  	22.10195434
14/07/2010 	18.5139885 	28.093363  	24.295113  	22.44620220
15/07/2010 	10.0758810 	28.486849  	23.629989  	21.85223405
16/07/2010 	11.7732220 	28.705692  	22.190422  	20.81318903
17/07/2010 	11.9109964 	28.554600  	23.830105  	20.67591027
18/07/2010 	19.4946976 	28.036318  	24.502280  	20.30175777
19/07/2010 	19.2182961 	27.749207  	24.234482  	20.46316902
20/07/2010 	19.6838646 	27.462729  	24.077691  	21.01809756
21/07/2010 	20.5818844 	27.573093  	24.971586  	21.25565672
22/07/2010 	21.0703888 	27.662527  	25.794567  	21.21066256
23/07/2010 	18.7384377 	27.437647  	24.073097  	21.20420082
24/07/2010 	17.5977745 	25.426250  	22.384893  	20.93607616
25/07/2010 	17.8919621 	25.693808  	22.395398  	20.83441230
26/07/2010 	16.9099388 	26.039047  	21.807715  	20.86454046
27/07/2010 	14.9128265 	24.584105  	20.415891  	20.66960156
28/07/2010 	15.3247147 	24.595158  	20.560223  	20.83768888
29/07/2010 	14.9008722 	23.879774  	19.763657  	20.72014038
30/07/2010 	13.3315773 	22.951061  	18.889490  	20.41664271
31/07/2010 	11.2172022 	23.631029  	19.182582  	20.27158900
01/08/2010 	10.4889297 	24.004684  	19.242526  	20.42905144
02/08/2010 	12.8399229 	23.684361  	19.843996  	20.58338706
03/08/2010 	14.1432943 	23.724566  	19.985669  	20.60746610
04/08/2010 	11.3095207 	25.092995  	20.917321  	20.43085655
05/08/2010 	13.0816832 	24.799198  	21.066684  	20.10884655
06/08/2010 	10.4579287 	23.746727  	20.212086  	20.02192370
07/08/2010 	13.9673824 	24.397532  	20.619923  	19.91602155
08/08/2010 	15.1170559 	25.087816  	20.847728  	19.92931569
09/08/2010 	11.4707308 	22.541121  	18.195049  	19.91883548
10/08/2010 	10.8608713 	23.479170  	18.953686  	19.95516213
11/08/2010 	 9.8762846 	24.362900  	18.819490  	19.93691663
12/08/2010 	 9.2920542 	23.422270  	17.769421  	19.91127745
13/08/2010 	 7.8556552 	23.106236  	17.792911  	19.71510184
14/08/2010 	 9.4777508 	22.493546  	17.218914  	19.97952787
15/08/2010 	 8.2698526 	21.057995  	15.577454  	19.37898107
16/08/2010 	11.0529871 	19.227989  	16.279484  	19.23204207
17/08/2010 	14.2891121 	20.413723  	18.003929  	19.48434552
18/08/2010 	15.6038361 	20.838018  	19.054075  	19.11367969
19/08/2010 	17.3745327 	21.375797  	20.031133  	18.79692471
20/08/2010 	17.2981472 	21.668840  	20.805847  	18.66009152
21/08/2010 	 8.6212635 	21.227875  	18.979939  	19.03424545
22/08/2010 	10.1329784 	20.669752  	18.132756  	19.29317462
23/08/2010 	 8.1600599 	20.910681  	17.452390  	19.34871193
24/08/2010 	18.6412868 	21.658272  	20.513688  	18.70447703
25/08/2010 	18.8935871 	22.659842  	21.169633  	17.83634516
26/08/2010 	19.3445339 	22.299850  	21.060365  	17.28940276
27/08/2010 	16.2524033 	22.025084  	20.074325  	16.58882167
28/08/2010 	 8.4179497 	19.955029  	16.175094  	16.21492833
29/08/2010 	 6.8478231 	19.568825  	16.041296  	16.28332881
30/08/2010 	 8.8739786 	19.721788  	14.090469  	15.41887840
31/08/2010 	 6.9656649 	16.881548  	13.774737  	15.40791760
01/09/2010 	 7.6023955 	17.089041  	13.790447  	15.72498180
02/09/2010 	 8.9712029 	16.859137  	13.763599  	15.93654229
03/09/2010 	 5.5683169 	15.126318  	11.621230  	16.10523705
04/09/2010 	 5.3428588 	14.323019  	11.365725  	16.34740905
05/09/2010 	 3.3807077 	14.028292  	10.074330  	16.26639990
06/09/2010 	 2.1439378 	13.437161  	 7.676761  	15.87357144
07/09/2010 	 2.2217598 	16.626930  	11.347833  	15.33593808
08/09/2010 	 5.0423093 	18.987280  	13.643405  	15.18029745
09/09/2010 	 9.5039568 	20.080334  	15.606348  	15.63814114
10/09/2010 	 7.5753660 	18.894079  	14.826186  	15.86034707
11/09/2010 	 4.4556980 	19.549391  	15.618418  	16.20848554
12/09/2010 	 6.1856041 	19.440311  	15.040236  	16.55578013
13/09/2010 	 7.7466927 	17.826553  	14.031892  	16.36109328
14/09/2010 	 9.9958382 	18.718399  	17.230731  	16.48850429
15/09/2010 	12.3963461 	19.753841  	18.445449  	15.91715767
16/09/2010 	13.0270462 	19.883104  	17.765155  	15.14780430
17/09/2010 	12.7521133 	19.658224  	17.410378  	14.41959312
18/09/2010 	10.3234615 	20.173361  	17.603025  	13.47332106
19/09/2010 	 3.5027812 	20.771198  	16.018847  	13.26764415
20/09/2010 	 3.3060043 	20.338018  	17.433401  	13.72135194
21/09/2010 	 9.4901953 	19.607998  	15.899659  	14.06124149
22/09/2010 	 5.6999216 	17.169630  	12.557306  	14.40381799
23/09/2010 	 4.4138942 	17.045050  	11.929948  	14.76111035
24/09/2010 	 4.5723271 	17.081652  	12.825705  	14.97230526
25/09/2010 	 6.4884238 	15.185369  	11.445988  	14.31981113
26/09/2010 	 7.3370180 	15.707445  	12.409100  	14.20132462
27/09/2010 	 4.3059812 	15.377769  	11.446082  	14.33206022
28/09/2010 	 4.5485096 	15.470179  	11.106515  	14.42278630
29/09/2010 	 2.2675598 	14.742328  	 9.563353  	14.02270432
30/09/2010 	 1.5805954 	16.697811  	 9.310516  	13.41890117
01/10/2010 	 3.5863552 	17.202406  	11.662299  	13.62397726
02/10/2010 	 5.7772584 	19.028696  	14.869124  	13.80595454
03/10/2010 	10.9549885 	19.810766  	17.498799  	14.28495600
04/10/2010 	10.4746294 	20.602793  	18.036795  	14.60987536
05/10/2010 	10.2069054 	21.058668  	17.210300  	14.95054410
06/10/2010 	 8.2207880 	21.483076  	17.470729  	15.20900492
07/10/2010 	 9.9729633 	21.253750  	17.017107  	15.22058964
08/10/2010 	 7.3987155 	20.079502  	15.353772  	15.30280133
09/10/2010 	 6.8292680 	18.625887  	13.440869  	14.97816998
10/10/2010 	 6.5671740 	18.781483  	12.832426  	14.34643159
11/10/2010 	 6.7136040 	17.039074  	12.110439  	13.53041446
12/10/2010 	 7.4746094 	15.893813  	11.698763  	12.87510876
13/10/2010 	 8.1006813 	15.447800  	11.810921  	12.84709229
14/10/2010 	 8.7726860 	15.614725  	12.405757  	12.77544645
15/10/2010 	 9.9595366 	15.016670  	12.972860  	12.51992194
16/10/2010 	10.5783110 	17.841318  	13.249945  	11.34119678
17/10/2010 	 9.0268421 	18.005245  	14.604853  	10.83015386
18/10/2010 	 6.1857233 	18.063013  	15.710280  	11.15360437
19/10/2010 	12.9520607 	19.191687  	16.647716  	11.17274042
20/10/2010 	14.4481249 	18.138500  	16.516594  	10.31737508
21/10/2010 	11.4076500 	19.449694  	16.997202  	 9.66741469
22/10/2010 	11.5835619 	21.254055  	19.276267  	 9.55055553
23/10/2010 	 4.8773441 	22.034018  	17.819082  	 9.43099972
24/10/2010 	15.5646229 	20.794378  	18.963626  	 9.04953899
25/10/2010 	10.0612583 	18.516752  	15.748033  	 8.29291589
26/10/2010 	 4.4580827 	18.725351  	13.593898  	 8.11574188
27/10/2010 	 7.6182780 	18.969435  	16.824276  	 8.48813730
28/10/2010 	 9.0376654 	18.818365  	17.056270  	 8.98773122
29/10/2010 	 2.1819880 	18.728308  	14.766734  	 9.20997993
30/10/2010 	 6.6531849 	19.706232  	16.898660  	 9.35435275
31/10/2010 	11.4250536 	19.989256  	17.257125  	 9.40305086
01/11/2010 	 7.4208093 	20.091227  	16.092896  	 9.51794263
02/11/2010 	 3.1092682 	20.366184  	15.929116  	 9.73650120
03/11/2010 	 8.4720631 	22.061077  	20.437369  	10.33181667
04/11/2010 	15.9554577 	22.190481  	20.952964  	10.74164172
05/11/2010 	15.1071720 	22.842020  	21.200370  	11.39341613
06/11/2010 	13.6931067 	21.885473  	18.922485  	11.30842851
07/11/2010 	 9.1402760 	20.433516  	16.142792  	10.74482318
08/11/2010 	 5.9916205 	18.160717  	13.304345  	 9.52767158
09/11/2010 	 5.7095118 	20.198414  	13.687939  	 8.68597664
10/11/2010 	 7.9038196 	18.340996  	14.496784  	 8.31701415
11/11/2010 	 2.4757674 	21.327595  	14.705331  	 7.99938109
12/11/2010 	18.0292015 	21.663612  	20.040711  	 7.97399479
13/11/2010 	16.3552227 	22.568676  	20.638287  	 8.14703089
14/11/2010 	13.4949274 	22.463911  	19.937704  	 8.33888322
15/11/2010 	 9.8998775 	21.285126  	18.889506  	 8.14234749
16/11/2010 	 8.9571266 	20.334606  	16.480511  	 7.95557338
17/11/2010 	 6.5902309 	18.914539  	13.786846  	 7.47159837
18/11/2010 	 4.5831647 	18.169971  	13.481867  	 7.22582240
19/11/2010 	 5.4792061 	18.602383  	13.664867  	 7.27136842
20/11/2010 	 6.2472286 	18.444008  	13.824367  	 7.31022823
21/11/2010 	 6.2117133 	17.533953  	13.090757  	 7.19380843
22/11/2010 	 4.8963318 	16.064505  	11.622498  	 6.77112834
23/11/2010 	 6.7127762 	14.643298  	11.349612  	 6.28696982
24/11/2010 	 8.2974377 	15.508456  	12.443232  	 5.74521697
25/11/2010 	 7.3781719 	16.679071  	13.067584  	 5.56798729
26/11/2010 	 7.1919589 	16.647039  	12.604745  	 5.24918320
27/11/2010 	 4.6753025 	16.624575  	11.539852  	 4.70956950
28/11/2010 	 3.6386182 	16.806852  	10.622642  	 4.01071497
29/11/2010 	 4.8734326 	15.749342  	11.439436  	 3.18279844
30/11/2010 	 6.3443408 	16.424505  	12.010513  	 2.01249832
01/12/2010 	 7.4510961 	18.128916  	13.544359  	 0.24003522
02/12/2010 	16.6292973 	19.548090  	17.962917  	 0.21406623
03/12/2010 	14.2991590 	19.966259  	18.495941  	 0.56103816
04/12/2010 	 8.2748070 	21.112745  	18.503311  	 0.92850564
05/12/2010 	14.4992371 	21.808653  	20.002610  	 1.48539109
06/12/2010 	14.2334585 	21.855751  	19.088562  	 1.49473257
07/12/2010 	16.5273056 	21.615145  	19.111412  	 1.17956220
08/12/2010 	12.5914822 	21.463808  	18.473263  	 0.83357861
09/12/2010 	14.4527626 	20.970581  	17.854412  	 0.85572091
10/12/2010 	10.5161266 	19.760487  	16.928569  	 1.02153588
11/12/2010 	12.4905338 	19.671200  	18.016706  	 2.12726309
12/12/2010 	14.4644747 	25.216776  	20.170323  	 3.17341051
13/12/2010 	10.2243462 	22.007124  	16.990002  	 2.26940581
14/12/2010 	 9.7987146 	19.427761  	15.718494  	 1.78730754
15/12/2010 	 9.5192785 	18.201462  	15.034134  	 1.67371853
16/12/2010 	13.6320105 	19.556047  	16.276124  	 2.02942167
17/12/2010 	11.0909195 	19.393017  	16.612001  	 1.83445299
18/12/2010 	 7.2780328 	19.797699  	15.716167  	 1.38828537
19/12/2010 	11.0144033 	20.836363  	17.160485  	 0.82327181
20/12/2010 	 9.8684454 	21.432484  	18.111194  	 0.42634065
21/12/2010 	11.4439421 	21.135031  	17.338382  	 0.07113502
22/12/2010 	10.8358450 	20.276962  	16.728753  	-0.24530091
23/12/2010 	 8.7219315 	19.704248  	14.957526  	-0.45720921
24/12/2010 	10.2569122 	25.997852  	19.134048  	-0.65503000
25/12/2010 	15.4861927 	24.582611  	20.105367  	-0.86386157
26/12/2010 	14.4145737 	21.425247  	19.097535  	-0.59817580
27/12/2010 	11.8650017 	20.164890  	18.361269  	-0.25914497
28/12/2010 	 8.3730602 	20.445232  	16.564575  	-0.31009836
29/12/2010 	 9.5970230 	20.292463  	17.073601  	-0.38951283
30/12/2010 	 9.7070656 	20.927229  	16.818786  	-0.29046042
31/12/2010 	11.5431137 	19.207706  	16.165080  	-0.04201587
01/01/2011 	10.8658438 	18.882402  	15.721912  	 0.37363628
02/01/2011 	 9.8949833 	17.135468  	14.547706  	 0.57126840
03/01/2011 	 8.1454077 	17.231028  	14.000060  	 0.65847912
04/01/2011 	 8.2890158 	19.093702  	15.065076  	 0.69886038
05/01/2011 	 3.2284386 	19.831865  	15.667448  	 0.56186570
06/01/2011 	 6.6854916 	20.022413  	16.809387  	 0.65487260
07/01/2011 	 7.5672679 	19.378191  	15.572178  	 0.77932508
08/01/2011 	 6.2935491 	20.697102  	17.045183  	 1.49238088
09/01/2011 	10.8863468 	20.697420  	17.830925  	 1.62384953
10/01/2011 	 2.9809885 	20.598003  	15.337916  	 1.44471697
11/01/2011 	 2.5579977 	20.364100  	15.566697  	 1.39011788
12/01/2011 	 5.3594303 	20.430241  	15.951348  	 1.68940089
13/01/2011 	10.4173651 	19.809614  	16.878646  	 2.16791503
14/01/2011 	 8.2311859 	19.503693  	16.849484  	 2.78687513
15/01/2011 	 4.6660657 	19.623495  	16.786389  	 3.10146111
16/01/2011 	 6.3221107 	19.454018  	17.461416  	 3.59796757
17/01/2011 	 5.5174961 	18.958405  	15.941982  	 3.90239068
18/01/2011 	 5.8585038 	17.458151  	13.632159  	 3.80686775
19/01/2011 	 3.0252981 	15.101269  	10.436508  	 3.51985522
20/01/2011 	 2.4389062 	12.077878  	 8.029828  	 3.12524695
21/01/2011 	 1.3256087 	11.381325  	 6.761473  	 2.78847035
22/01/2011 	 1.4629941 	10.124539  	 5.605814  	 2.72915673
23/01/2011 	 1.1152605 	 8.702141  	 4.901157  	 2.80112868
24/01/2011 	 2.0564547 	 8.486547  	 5.175837  	 3.13641676
25/01/2011 	 1.2484372 	 8.588536  	 6.044528  	 3.27681216
26/01/2011 	 2.6439965 	 9.346334  	 6.087069  	 3.13409860
27/01/2011 	 0.8566852 	 9.965097  	 5.248207  	 2.29710654
28/01/2011 	 0.8600704 	 8.269147  	 4.746839  	 1.33942687
29/01/2011 	 1.1587604 	 9.804047  	 6.281909  	 1.12000013
30/01/2011 	 2.1259863 	 9.816764  	 6.782416  	 1.06571507
31/01/2011 	 1.4648112 	11.861085  	 7.467456  	 1.21618560
01/02/2011 	 0.8598697 	13.768784  	 8.107168  	 1.31856818
02/02/2011 	 1.5419801 	14.302193  	 9.865578  	 1.71516320
03/02/2011 	 7.0780272 	14.668077  	12.459697  	 2.26792824
04/02/2011 	 2.8583574 	16.158710  	13.050226  	 2.85421256
05/02/2011 	 9.7318182 	18.074705  	14.993211  	 3.94177739
06/02/2011 	 8.0492058 	21.346954  	17.142718  	 4.76326001
07/02/2011 	 5.5466881 	24.954338  	19.069082  	 5.28744433
08/02/2011 	 9.1406717 	24.589836  	18.893685  	 5.33013359
09/02/2011 	 6.2530589 	23.528809  	16.219703  	 5.10852132
10/02/2011 	 4.6802850 	22.731735  	16.552923  	 5.17983008
11/02/2011 	10.2957563 	22.548140  	18.253880  	 5.34182986
12/02/2011 	 2.7604251 	20.305977  	12.804603  	 4.76535630
13/02/2011 	 7.8429184 	22.289303  	17.115502  	 4.88779992
14/02/2011 	 8.3020020 	22.408552  	17.906031  	 4.86238065
15/02/2011 	 8.9405746 	22.576349  	18.200309  	 4.79652734
16/02/2011 	12.5803051 	22.842964  	19.459008  	 4.77705004
17/02/2011 	10.5767756 	21.504358  	17.868831  	 4.61392360
18/02/2011 	 6.8618603 	19.811064  	15.331237  	 4.12444254
19/02/2011 	 5.2086630 	18.571413  	12.125665  	 3.43987065
20/02/2011 	 3.1058276 	20.358662  	11.901882  	 2.56430210
21/02/2011 	 8.2145815 	21.127705  	14.913870  	 1.85808221
22/02/2011 	 6.1711617 	21.042368  	14.711511  	 1.01181497
23/02/2011 	 4.3765426 	20.999313  	14.317353  	 1.07863389
24/02/2011 	10.0985918 	21.801830  	17.576306  	 1.61166518
25/02/2011 	11.0253525 	21.565022  	17.424546  	 2.08228545
26/02/2011 	14.4546490 	22.261667  	20.108089  	 2.60605334
27/02/2011 	16.3078899 	22.224094  	20.255308  	 2.90926723
28/02/2011 	11.8223858 	20.700304  	17.878953  	 2.85141618
01/03/2011 	 5.8513517 	17.416788  	13.264006  	 2.80834968
02/03/2011 	 5.2325516 	14.693398  	10.379347  	 2.59431278
03/03/2011 	 6.0091095 	14.791006  	10.746254  	 2.26618349
04/03/2011 	 8.8976831 	15.874143  	12.653959  	 2.09958657
05/03/2011 	10.7740021 	15.719170  	13.767162  	 2.54201980
06/03/2011 	12.2056713 	18.841393  	14.675931  	 2.62792279
07/03/2011 	12.7774191 	17.671268  	15.737239  	 2.52946778
08/03/2011 	10.6163826 	18.152025  	15.265536  	 2.58091273
09/03/2011 	13.3802843 	19.373903  	17.300343  	 3.13671197
10/03/2011 	 7.0717111 	19.036322  	17.118483  	 3.63089470
11/03/2011 	 9.8452053 	19.665632  	17.334888  	 4.00028142
12/03/2011 	 9.3643303 	19.578466  	16.128849  	 4.24015571
13/03/2011 	 9.6660490 	19.087732  	16.040899  	 4.60692816
14/03/2011 	 9.0243101 	19.013706  	15.968553  	 4.85766293
15/03/2011 	 8.9473753 	18.845694  	14.965017  	 5.28619490
16/03/2011 	 8.0684586 	19.762455  	15.945999  	 5.41248705
17/03/2011 	 9.2024307 	20.625700  	16.242235  	 5.52738689
18/03/2011 	13.1039228 	20.195005  	16.956770  	 5.59220854
19/03/2011 	13.6259518 	19.852962  	16.874960  	 5.63271887
20/03/2011 	13.3393297 	19.842251  	16.717610  	 5.85453931
21/03/2011 	14.4867296 	20.013315  	17.517000  	 6.06304081
22/03/2011 	11.9244013 	19.856291  	17.076288  	 6.43713092
23/03/2011 	14.0503054 	19.540539  	17.006683  	 6.99558214
24/03/2011 	16.0588226 	20.610498  	18.043671  	 7.38274001
25/03/2011 	17.1849022 	20.015266  	18.695983  	 7.69219178
26/03/2011 	17.8124962 	21.599810  	19.094031  	 7.62296582
27/03/2011 	18.3022614 	21.788071  	19.707125  	 6.98733997
28/03/2011 	19.5193806 	21.108852  	20.258142  	 7.02761416
29/03/2011 	20.0499420 	21.620451  	20.650744  	 7.19514092
30/03/2011 	20.2588539 	22.303856  	20.961705  	 7.47729663
31/03/2011 	20.3627453 	23.605909  	21.884527  	 7.92157865
01/04/2011 	21.3541031 	23.668547  	22.605941  	 8.08098118
02/04/2011 	21.0960655 	24.199068  	22.557400  	 8.55995977
03/04/2011 	21.4473476 	24.243805  	22.789393  	 8.91493553
04/04/2011 	21.4466991 	24.372255  	22.959115  	 9.18639290
05/04/2011 	21.6048126 	24.645269  	23.777631  	 8.97636239
06/04/2011 	22.9788456 	24.601948  	24.006436  	 9.34633122
07/04/2011 	22.8606930 	24.459284  	23.879150  	 9.73650072
08/04/2011 	22.8500767 	24.630398  	23.837463  	 9.93327796
09/04/2011 	23.2439728 	24.614616  	23.869587  	10.08754625
10/04/2011 	23.0011959 	24.466295  	23.882919  	10.33845770
11/04/2011 	22.9221058 	24.565159  	23.905596  	10.90820487
12/04/2011 	23.0770302 	24.746931  	24.002090  	10.82681245
13/04/2011 	17.0068951 	24.979427  	22.855399  	10.28966067
14/04/2011 	17.9641552 	25.148661  	23.021038  	10.22960564
15/04/2011 	20.8853092 	24.901041  	23.190890  	10.35129648
16/04/2011 	20.9440422 	25.058062  	23.417985  	10.61802387
17/04/2011 	21.1137981 	25.097410  	23.422948  	11.06441518
18/04/2011 	20.8523216 	25.101896  	23.288003  	11.49977831
19/04/2011 	21.8435173 	25.299398  	23.868418  	11.93636590
20/04/2011 	22.4173851 	25.293713  	24.144734  	12.60186925
21/04/2011 	22.7532120 	26.001617  	24.353318  	13.27168113
22/04/2011 	23.4300652 	25.977388  	24.739235  	13.90327144
23/04/2011 	23.7425747 	25.892466  	24.948020  	14.51328361
24/04/2011 	24.1117382 	25.968327  	25.143507  	15.03119115
25/04/2011 	24.2803650 	26.360971  	25.278211  	15.34689633
26/04/2011 	24.5793343 	26.453245  	25.328735  	14.78049358
27/04/2011 	25.8116741 	28.358143  	27.099158  	12.91478769
28/04/2011 	26.2543774 	29.208996  	27.682628  	12.70228273
29/04/2011 	26.2810459 	29.326443  	27.818406  	12.99771525
30/04/2011 	26.5645008 	29.287437  	27.999433  	12.64687961
01/05/2011 	26.9842110 	29.507362  	28.117149  	12.15030517
02/05/2011 	27.4469452 	30.157495  	28.455102  	11.52376384
03/05/2011 	28.0837479 	30.138102  	29.058865  	10.75410056
04/05/2011 	28.4396324 	30.322716  	29.382932  	10.73401201
05/05/2011 	28.9110203 	30.410679  	29.643560  	10.84164085
06/05/2011 	28.8201942 	30.452890  	29.714826  	11.45441786
07/05/2011 	28.5901794 	30.463427  	29.684628  	12.31821088
08/05/2011 	28.7294407 	30.448366  	29.672839  	13.06530378
09/05/2011 	28.8339977 	30.362097  	29.662151  	13.62855683
10/05/2011 	29.0731544 	30.162210  	29.688267  	14.11100185
11/05/2011 	29.1936836 	30.111238  	29.701484  	14.74521599
12/05/2011 	29.3484821 	30.098837  	29.703397  	15.07342782
13/05/2011 	29.4847507 	29.999674  	29.746135  	14.97085180
14/05/2011 	29.3937035 	30.030190  	29.780149  	15.02906346
15/05/2011 	29.6241131 	30.046436  	29.842894  	14.66353462
16/05/2011 	29.7300777 	30.028887  	29.870143  	14.48527018
17/05/2011 	29.7559624 	30.303814  	29.993370  	14.37290778
18/05/2011 	29.7870617 	30.551546  	30.151016  	14.53684102
19/05/2011 	29.8182392 	30.775286  	30.221874  	14.91275108
20/05/2011 	29.8850365 	30.676817  	30.159178  	15.25436475
21/05/2011 	29.9378624 	30.760031  	30.232464  	15.90832599
22/05/2011 	29.9117298 	30.904707  	30.379496  	16.16415691
23/05/2011 	30.0221329 	31.235601  	30.684787  	16.03380617
24/05/2011 	30.4302158 	31.497356  	31.110671  	15.55704117
25/05/2011 	30.6097984 	31.818811  	31.318869  	15.32736609
26/05/2011 	30.6800098 	31.601482  	31.197313  	15.49865635
27/05/2011 	30.7907372 	31.370121  	31.112152  	15.21337817
28/05/2011 	30.6660213 	31.246986  	31.002934  	15.00262845
29/05/2011 	30.1007595 	31.076103  	30.680283  	15.11820700
30/05/2011 	30.0132580 	31.046469  	30.642100  	15.43848749
31/05/2011 	30.0277691 	31.037003  	30.701593  	15.79079487
01/06/2011 	30.4690361 	31.052332  	30.909599  	15.80749536
02/06/2011 	30.2182693 	31.082592  	30.925643  	16.58085459
03/06/2011 	30.8268089 	31.145210  	31.078916  	17.42545700
04/06/2011 	30.9398823 	31.240797  	31.145790  	17.91368047
05/06/2011 	29.6165829 	31.213549  	30.770074  	17.22397395
06/06/2011 	26.6484756 	31.196960  	30.336592  	17.30203670
07/06/2011 	19.6537971 	30.965443  	26.585543  	17.87140274
08/06/2011 	16.9292088 	29.284971  	26.223384  	18.14968363
09/06/2011 	14.8596258 	29.313452  	25.038583  	17.68554672
10/06/2011 	18.7842236 	29.523409  	25.422685  	17.53531935
11/06/2011 	11.9300194 	29.554623  	26.198725  	17.36952639
12/06/2011 	19.8193264 	29.493755  	25.768515  	17.11502107
13/06/2011 	17.9999008 	30.055021  	26.538182  	17.22787754
14/06/2011 	21.1060925 	29.676893  	26.134491  	17.49443694
15/06/2011 	19.8790569 	28.480379  	24.803762  	17.84098041
16/06/2011 	21.4982090 	28.812639  	25.944457  	18.00270840
17/06/2011 	24.2751141 	28.647076  	27.023613  	17.80691481
18/06/2011 	16.3798199 	29.482845  	27.587503  	17.38572558
19/06/2011 	22.5371666 	29.980162  	28.377745  	16.84184468
20/06/2011 	21.9110603 	29.731060  	26.684126  	16.73114661
21/06/2011 	19.3669548 	29.216616  	26.430646  	17.22214031
22/06/2011 	18.2080002 	29.382002  	27.185518  	17.13342917
23/06/2011 	25.5855827 	29.622770  	28.474731  	17.05639660
24/06/2011 	20.9490795 	29.171789  	26.584081  	17.10866443
25/06/2011 	22.9665661 	28.896608  	27.143036  	17.00325646
26/06/2011 	17.9837437 	28.815197  	26.549861  	17.69123411
27/06/2011 	21.0481167 	27.791962  	25.404858  	18.38142419
28/06/2011 	16.8229847 	27.707516  	23.990278  	19.22505403
29/06/2011 	14.0033770 	26.709949  	21.143115  	19.45804024
30/06/2011 	10.6681337 	22.671766  	17.631280  	19.23074106
01/07/2011 	 9.5913057 	22.053297  	17.357253  	18.77670364
02/07/2011 	14.7174749 	21.439190  	18.032119  	17.87159721
03/07/2011 	18.4498940 	24.047815  	21.193771  	16.58625861
04/07/2011 	18.4386463 	24.301889  	21.925924  	16.38632093
05/07/2011 	19.0592632 	25.302597  	22.320236  	17.06858899
06/07/2011 	22.0391388 	25.513603  	23.372843  	17.69258753
07/07/2011 	22.8694057 	25.175224  	23.847459  	17.86424434
08/07/2011 	23.1362686 	25.803988  	24.227901  	18.24061851
09/07/2011 	17.2129383 	26.288330  	24.343644  	18.45578456
10/07/2011 	17.1285400 	26.457575  	23.441181  	18.42709096
11/07/2011 	17.8699780 	25.877102  	22.888173  	19.04481236
12/07/2011 	18.2976303 	25.341198  	21.405325  	19.04555217
13/07/2011 	13.8663797 	25.959137  	21.347482  	17.41379986
14/07/2011 	19.0198383 	26.405319  	22.635922  	17.22756008
15/07/2011 	17.4531021 	25.884958  	22.636261  	17.21515103
16/07/2011 	 7.3002152 	24.113054  	21.404112  	17.53709491
17/07/2011 	13.1958160 	24.953176  	22.526204  	17.55294156
18/07/2011 	13.3677807 	24.646822  	23.662662  	17.41434765
19/07/2011 	11.7643127 	23.917648  	21.514427  	17.30608054
20/07/2011 	11.9522724 	22.892315  	19.717374  	17.78472328
21/07/2011 	15.6720915 	21.578627  	19.126922  	18.16001387
22/07/2011 	12.6897860 	21.056358  	17.593422  	17.58406281
23/07/2011 	17.8416348 	22.118715  	19.257689  	16.63338727
24/07/2011 	19.9203720 	26.197575  	22.949805  	15.74087564
25/07/2011 	12.2375994 	27.549778  	22.934685  	15.20997556
26/07/2011 	12.5743332 	25.022718  	22.124219  	15.54587573
27/07/2011 	10.8652067 	22.730398  	19.077695  	16.22960309
28/07/2011 	11.2584028 	20.454313  	16.868122  	16.87900154
29/07/2011 	11.9549150 	19.006874  	15.811575  	16.95403639
30/07/2011 	10.9683962 	18.228971  	14.812991  	16.65248028
31/07/2011 	10.8405876 	17.704952  	15.184401  	16.60927655
01/08/2011 	10.4171829 	18.919434  	15.066058  	17.04531066
02/08/2011 	11.9486361 	19.979233  	16.686665  	17.54189889
03/08/2011 	12.7171946 	20.840464  	17.185407  	18.19784005
04/08/2011 	10.6485462 	21.267826  	17.230242  	18.68472854
05/08/2011 	 8.8225489 	20.995070  	17.105942  	19.08199517
06/08/2011 	 8.7627592 	20.239353  	16.177864  	19.38174868
07/08/2011 	 6.4929762 	21.396662  	18.298939  	18.97805647
08/08/2011 	14.7084351 	22.312553  	20.413449  	18.59596793
09/08/2011 	17.3315601 	22.018585  	20.497159  	17.46390142
10/08/2011 	12.4112186 	22.586302  	20.168216  	16.24633362
11/08/2011 	10.0841389 	22.769732  	21.208950  	16.63869552
12/08/2011 	13.1596098 	22.419893  	19.482190  	17.08875318
13/08/2011 	 7.7095890 	20.378580  	15.858930  	17.52110791
14/08/2011 	 6.8720660 	20.130833  	15.372256  	17.80352314
15/08/2011 	10.5751562 	19.684502  	15.769185  	18.01415575
16/08/2011 	 7.5477285 	19.435226  	15.292835  	18.06917353
17/08/2011 	 7.4784241 	19.823780  	15.172376  	18.16268353
18/08/2011 	 6.7985687 	17.751528  	13.052214  	18.16060023
19/08/2011 	 7.4476867 	16.926310  	12.922253  	18.00051224
20/08/2011 	 5.5776348 	17.589375  	13.603435  	18.05018838
21/08/2011 	 8.0815134 	18.755375  	14.726703  	18.37864661
22/08/2011 	10.9059010 	18.976154  	16.152587  	18.59814115
23/08/2011 	 9.4884157 	18.247005  	15.425681  	18.73233672
24/08/2011 	10.1826944 	19.537617  	16.923166  	18.93854308
25/08/2011 	 8.4815521 	20.470715  	17.638537  	18.83389854
26/08/2011 	 7.5265927 	20.187323  	17.566216  	18.93790229
27/08/2011 	10.7598782 	20.806641  	17.816842  	18.61472718
28/08/2011 	11.4866447 	20.869726  	18.275896  	18.05664480
29/08/2011 	 9.0173683 	20.928102  	18.144398  	17.09076321
30/08/2011 	 9.4567728 	19.787394  	16.639951  	15.93466024
31/08/2011 	 8.3755207 	18.804947  	14.257799  	15.84753523
01/09/2011 	 7.2780375 	17.307978  	13.019394  	15.71604929
02/09/2011 	 6.5739279 	17.845093  	12.893214  	15.81703329
03/09/2011 	 6.8995972 	19.213926  	14.144932  	16.41842310
04/09/2011 	 7.8906012 	19.612988  	15.118421  	16.91530748
05/09/2011 	 8.0215483 	20.744303  	18.245332  	16.74595066
06/09/2011 	 9.5379181 	22.342234  	20.934780  	16.50497150
07/09/2011 	19.2878056 	22.132666  	20.611898  	16.05169831
08/09/2011 	20.6269169 	24.131922  	22.789619  	15.65595013
09/09/2011 	13.0103827 	24.559498  	21.752079  	15.85449324
10/09/2011 	 8.1037607 	23.546824  	18.046260  	16.36939124
11/09/2011 	 4.4434733 	23.211401  	18.087641  	16.67946692
12/09/2011 	 7.2962289 	23.647388  	20.737362  	16.60872976
13/09/2011 	20.0090523 	24.147911  	22.667618  	16.32023921
14/09/2011 	17.6971588 	24.267159  	22.692756  	15.50645328
15/09/2011 	14.3043518 	23.880375  	20.045006  	14.98641316
16/09/2011 	 9.6720037 	21.209249  	16.879891  	14.76779960
17/09/2011 	 7.0847631 	23.006834  	17.973607  	14.94269754
18/09/2011 	13.0903797 	23.020914  	20.364895  	14.90207555
19/09/2011 	11.4019756 	22.981936  	19.066769  	14.77810268
20/09/2011 	10.5107508 	22.642797  	20.219976  	14.97097182
21/09/2011 	17.7203064 	22.386000  	21.612674  	15.08096639
22/09/2011 	21.0085640 	22.225815  	21.801941  	14.77750017
23/09/2011 	12.3257427 	22.181019  	20.357247  	14.43657545
24/09/2011 	11.0068846 	21.766499  	18.902520  	14.54278211
25/09/2011 	12.0833883 	21.229847  	17.666202  	14.75962470
26/09/2011 	 8.2368927 	20.517532  	16.481393  	15.22033765
27/09/2011 	10.3474293 	20.667751  	16.246424  	15.41059297
28/09/2011 	 7.9084721 	19.882051  	14.676354  	15.82820304
29/09/2011 	 7.7574530 	19.730841  	14.383380  	16.18794350
30/09/2011 	 7.2937698 	19.324051  	14.114487  	16.49924246
01/10/2011 	 7.8492875 	18.792442  	13.984087  	16.79010852
02/10/2011 	 7.4872427 	18.455883  	13.810307  	17.07560639
03/10/2011 	 7.8921566 	19.089350  	14.816701  	17.17863003
04/10/2011 	12.0929317 	19.819010  	17.054737  	17.01523189
05/10/2011 	 6.8513937 	19.479353  	16.905535  	16.62078353
06/10/2011 	19.4636612 	20.813625  	20.163849  	16.18568309
07/10/2011 	19.3262177 	22.631241  	21.082207  	14.78208536
08/10/2011 	18.0179462 	22.805201  	21.198863  	12.74227645
09/10/2011 	 2.9356208 	22.735138  	18.803860  	12.17948290
10/10/2011 	 8.6814003 	22.935350  	20.300825  	13.07932238
11/10/2011 	15.7372475 	22.938763  	21.549669  	13.47904321
12/10/2011 	14.2875929 	22.295864  	19.601166  	13.39141657
13/10/2011 	 9.2580414 	21.078773  	16.533618  	13.12936765
14/10/2011 	 5.5329971 	18.507496  	13.368103  	12.64821418
15/10/2011 	 4.4457016 	18.159948  	11.629017  	11.91273204
16/10/2011 	 3.0840855 	19.950310  	13.510415  	11.76817252
17/10/2011 	 4.9758773 	21.356142  	15.420453  	12.11409179
18/10/2011 	17.9191399 	21.587950  	20.788858  	12.06368627
19/10/2011 	19.8393250 	21.461882  	20.822041  	11.08322175
20/10/2011 	18.0408211 	21.364372  	20.771656  	 9.66292282
21/10/2011 	 4.5685444 	21.838369  	17.387748  	 9.68358415
22/10/2011 	 8.9904575 	21.783203  	18.588042  	 9.59963197
23/10/2011 	 5.0141935 	21.364725  	16.946623  	 9.32165768
24/10/2011 	 4.2259116 	20.529156  	14.549189  	 8.93435134
25/10/2011 	 4.1809440 	22.990820  	18.123959  	 9.34488392
26/10/2011 	18.9634666 	23.990919  	22.823481  	10.02644487
27/10/2011 	17.6744003 	23.967960  	22.530862  	 9.98820438
28/10/2011 	19.9034557 	24.243942  	23.035910  	10.16782973
29/10/2011 	14.9398861 	24.252851  	21.582809  	10.29411395
30/10/2011 	15.0507450 	24.389952  	22.213534  	10.75422265
31/10/2011 	13.5064783 	24.369623  	21.495456  	11.14405499
01/11/2011 	10.0521078 	24.630192  	20.616074  	11.05806853
02/11/2011 	11.6208239 	24.740881  	20.349223  	11.13379578
03/11/2011 	14.8345985 	24.410173  	21.207470  	11.29045425
04/11/2011 	15.2158022 	24.966993  	23.317408  	11.56607606
05/11/2011 	19.8692894 	25.292751  	23.600352  	11.69190709
06/11/2011 	16.0626011 	25.469608  	22.168625  	11.61736778
07/11/2011 	12.6123285 	23.784109  	17.995525  	11.33959397
08/11/2011 	13.0079355 	23.601494  	19.226820  	10.88061708
09/11/2011 	13.9187288 	24.067308  	20.219031  	10.52236855
10/11/2011 	14.0496225 	24.221582  	20.307514  	10.20537653
11/11/2011 	13.8826532 	24.396925  	21.085852  	 9.64690365
12/11/2011 	14.3099060 	25.101879  	21.422893  	 8.88090708
13/11/2011 	15.1996469 	25.080427  	21.343814  	 8.74259531
14/11/2011 	13.6406403 	24.726511  	20.244039  	 7.62584830
15/11/2011 	13.5187340 	24.504358  	20.081947  	 7.16279193
16/11/2011 	12.8202429 	24.497486  	20.019848  	 6.21496396
17/11/2011 	13.7946539 	24.797703  	21.845748  	 6.65942529
18/11/2011 	20.2866783 	25.119097  	23.493201  	 7.26266487
19/11/2011 	21.9774742 	25.648569  	24.019818  	 7.19647313
20/11/2011 	22.0156727 	25.655521  	24.050726  	 6.95510269
21/11/2011 	20.8275471 	25.788372  	24.199322  	 6.66719767
22/11/2011 	18.6619530 	25.705105  	23.405130  	 6.61776667
23/11/2011 	18.8598900 	25.601603  	23.691725  	 6.84348149
24/11/2011 	16.3354759 	25.508209  	24.074529  	 7.30515639
25/11/2011 	 9.1863413 	25.719683  	24.273122  	 7.54995970
26/11/2011 	21.8294277 	25.428776  	24.616853  	 7.64830937
27/11/2011 	20.3429375 	26.195086  	25.227686  	 8.10137145
28/11/2011 	22.5391598 	26.367914  	25.549522  	 8.05964653
29/11/2011 	10.1733971 	25.867161  	23.849973  	 7.86824486
30/11/2011 	20.0565376 	25.681780  	24.833113  	 7.77362831
01/12/2011 	13.0318127 	25.814001  	24.307137  	 7.90720760
02/12/2011 	15.3977489 	24.975538  	22.669081  	 7.67316417
03/12/2011 	16.6557446 	24.359402  	23.184213  	 7.58912121
04/12/2011 	19.6380081 	24.968315  	24.058227  	 7.55234673
05/12/2011 	22.8497772 	26.053011  	24.870593  	 7.13810608
06/12/2011 	24.9728737 	26.406548  	25.746728  	 6.52899862
07/12/2011 	24.5756893 	26.469545  	25.356630  	 6.25633371
08/12/2011 	 7.1627131 	25.708054  	24.075641  	 6.07418791
09/12/2011 	21.8943195 	25.372896  	25.049163  	 6.13419746
10/12/2011 	22.6363983 	25.366749  	24.919925  	 5.75009111
11/12/2011 	 8.0097742 	25.308365  	22.261575  	 5.48789338
12/12/2011 	 8.2884254 	25.294151  	22.532306  	 5.53039110
13/12/2011 	 3.2170532 	24.970488  	21.392815  	 5.63546975
14/12/2011 	12.9096451 	24.625061  	22.247414  	 5.69115681
15/12/2011 	15.2504463 	23.808334  	22.207960  	 5.53981929
16/12/2011 	12.8106623 	23.732201  	20.335929  	 5.33345811
17/12/2011 	15.4721889 	22.200375  	18.775693  	 4.91834306
18/12/2011 	14.0344076 	19.627531  	17.088166  	 4.56088129
19/12/2011 	 1.4031982 	18.822605  	13.590550  	 4.27871391
20/12/2011 	10.5538740 	20.245258  	16.563003  	 4.46934477
21/12/2011 	 5.7051368 	17.598526  	13.314784  	 4.42840623
22/12/2011 	 2.6084499 	17.956690  	12.001880  	 4.71183315
23/12/2011 	 1.7212266 	18.549656  	12.703670  	 5.10281724
24/12/2011 	 6.2847610 	17.193722  	14.910957  	 5.36598187
25/12/2011 	 2.0611217 	17.618076  	13.267482  	 5.59419323
26/12/2011 	 3.1470659 	17.923780  	15.047296  	 6.18023483
27/12/2011 	 4.1071019 	17.394768  	13.668118  	 6.38421673
28/12/2011 	 1.4645467 	16.536499  	11.855191  	 6.19901874
29/12/2011 	12.2538128 	16.802753  	15.893583  	 6.03372341
30/12/2011 	11.5922728 	17.624048  	16.415397  	 5.48087768
