date	smin	smax	smean	tmean
01/01/2009 	15.862947  	24.03712   	19.92789   	 1.41975942
02/01/2009 	16.688782  	24.19919   	19.79155   	 1.37390379
03/01/2009 	17.015985  	24.19957   	20.30587   	 1.12433149
04/01/2009 	19.449657  	23.38910   	20.70693   	 1.66827949
05/01/2009 	16.752695  	24.67299   	20.98717   	 1.30921321
06/01/2009 	16.207815  	24.39325   	20.77606   	 0.50776055
07/01/2009 	17.651794  	23.83888   	21.76550   	 0.86949495
08/01/2009 	18.417667  	23.52803   	21.76463   	 0.64997893
09/01/2009 	19.944761  	23.59526   	21.73460   	 0.62792469
10/01/2009 	18.889811  	23.64868   	21.65017   	 0.35438737
11/01/2009 	20.121937  	24.68559   	23.04147   	 0.79261633
12/01/2009 	23.251812  	28.34284   	24.76124   	 1.53694899
13/01/2009 	21.886288  	29.41977   	25.90244   	 2.23459234
14/01/2009 	22.007360  	28.28362   	24.80718   	 2.24449522
15/01/2009 	22.060987  	27.56544   	24.25546   	 2.09574074
16/01/2009 	21.073988  	26.33870   	24.23155   	 2.09175704
17/01/2009 	23.221252  	26.01761   	24.29913   	 2.35417861
18/01/2009 	22.652641  	27.86933   	24.70805   	 2.76926266
19/01/2009 	22.994179  	28.99188   	26.32405   	 2.89834238
20/01/2009 	25.105230  	29.74944   	27.74040   	 2.96612120
21/01/2009 	25.036379  	29.58630   	27.57915   	 2.82541676
22/01/2009 	25.844961  	29.57842   	28.41621   	 2.63263145
23/01/2009 	20.934689  	29.85061   	28.15547   	 2.62394142
24/01/2009 	26.726801  	28.83376   	27.69697   	 2.83554768
25/01/2009 	26.489653  	28.19880   	27.37933   	 2.78819797
26/01/2009 	26.055296  	27.78861   	27.03587   	 2.57217312
27/01/2009 	23.280855  	27.51919   	26.38339   	 2.14935765
28/01/2009 	20.890165  	26.68468   	25.21670   	 1.84252365
29/01/2009 	18.355785  	25.77769   	23.79985   	 1.60090617
30/01/2009 	19.338163  	25.22027   	23.28813   	 1.35616572
31/01/2009 	21.452656  	25.10408   	23.53392   	 1.02898884
01/02/2009 	19.773518  	24.12490   	22.52882   	 0.26756198
02/02/2009 	20.096510  	24.21531   	22.62013   	 0.14015942
03/02/2009 	22.800714  	24.61660   	23.77827   	 0.61914394
04/02/2009 	22.887165  	24.88174   	23.89617   	 0.79961545
05/02/2009 	23.006651  	25.53160   	24.22736   	 0.96067222
06/02/2009 	23.128590  	25.84865   	24.50473   	 1.29748015
07/02/2009 	23.055117  	25.66316   	24.16491   	 1.49255175
08/02/2009 	22.831579  	25.61980   	24.01812   	 1.55995007
09/02/2009 	22.551516  	25.56788   	23.89965   	 1.56183072
10/02/2009 	20.734211  	24.94862   	23.26042   	 1.65048302
11/02/2009 	21.432005  	24.93334   	23.61257   	 1.80186730
12/02/2009 	22.789120  	25.90075   	24.26406   	 2.03325762
13/02/2009 	22.860855  	25.87108   	24.73133   	 2.22751682
14/02/2009 	19.854248  	25.79068   	23.81294   	 1.98496351
15/02/2009 	19.066877  	25.74927   	22.56412   	 2.00691410
16/02/2009 	20.615837  	24.11522   	21.80096   	 2.54286684
17/02/2009 	17.957308  	23.89473   	21.51138   	 2.90347657
18/02/2009 	17.645161  	23.57575   	20.57861   	 2.67636994
19/02/2009 	18.927418  	22.22746   	20.50794   	 2.57465860
20/02/2009 	19.128658  	21.86374   	20.53564   	 2.90849039
21/02/2009 	16.590706  	22.29199   	20.06110   	 3.11320861
22/02/2009 	16.859386  	22.21341   	19.39462   	 3.34548239
23/02/2009 	18.233618  	22.15496   	20.10601   	 3.79130602
24/02/2009 	17.024693  	22.60349   	20.21558   	 4.09672092
25/02/2009 	16.035944  	21.25725   	19.03007   	 4.13456155
26/02/2009 	17.182398  	21.19493   	18.87282   	 4.29471243
27/02/2009 	16.760683  	20.17008   	18.30197   	 4.75371268
28/02/2009 	16.529026  	21.36917   	18.71652   	 5.19745806
01/03/2009 	16.428659  	21.77701   	18.77279   	 5.21936742
02/03/2009 	15.891387  	22.07503   	19.23033   	 5.29383852
03/03/2009 	17.015718  	22.09189   	19.65815   	 5.17708441
04/03/2009 	20.014637  	22.22254   	21.16236   	 4.83722946
05/03/2009 	19.256754  	23.64642   	21.41616   	 4.78209720
06/03/2009 	17.218410  	22.09410   	20.24500   	 4.84342694
07/03/2009 	17.259459  	21.99079   	19.57840   	 4.79294818
08/03/2009 	17.416172  	23.44855   	21.28291   	 4.96598518
09/03/2009 	18.058174  	24.18585   	21.62743   	 4.88525511
10/03/2009 	18.882544  	23.85909   	20.90825   	 4.91143516
11/03/2009 	20.047709  	23.20637   	21.14963   	 4.91187098
12/03/2009 	19.570210  	23.11519   	20.89652   	 5.18119786
13/03/2009 	18.991449  	23.22905   	20.68349   	 5.49256568
14/03/2009 	17.932335  	22.40730   	20.37013   	 5.74775318
15/03/2009 	19.016092  	21.95582   	20.60065   	 5.89279972
16/03/2009 	15.507348  	21.97205   	19.74605   	 6.23846057
17/03/2009 	14.057602  	21.70183   	18.17267   	 6.54470405
18/03/2009 	13.386379  	20.48286   	17.21200   	 6.62268150
19/03/2009 	11.245121  	20.13779   	16.61335   	 6.67271207
20/03/2009 	10.764939  	20.11174   	15.79443   	 6.62716560
21/03/2009 	12.574896  	20.83761   	17.69907   	 6.60745858
22/03/2009 	15.124060  	20.03133   	17.31730   	 6.48880776
23/03/2009 	14.125351  	19.89238   	16.44801   	 6.68735617
24/03/2009 	14.658483  	19.35794   	17.12785   	 6.58653435
25/03/2009 	14.557041  	21.32364   	18.34621   	 6.53193557
26/03/2009 	14.465699  	21.05269   	17.62922   	 6.53263445
27/03/2009 	15.663574  	22.03267   	18.81892   	 6.43536807
28/03/2009 	15.373346  	23.73480   	18.36288   	 6.44131085
29/03/2009 	15.404531  	21.64859   	18.77650   	 6.38734320
30/03/2009 	16.330887  	21.67203   	18.70769   	 6.30078302
31/03/2009 	15.105524  	21.03651   	18.14090   	 6.60580300
01/04/2009 	14.853562  	20.90654   	17.80998   	 6.98844138
02/04/2009 	10.566368  	21.26095   	16.86266   	 7.42881116
03/04/2009 	11.765055  	21.33475   	17.08245   	 7.86306102
04/04/2009 	14.025087  	21.63301   	18.28215   	 8.03595196
05/04/2009 	13.528226  	22.23115   	18.71297   	 8.18240193
06/04/2009 	13.417318  	22.80477   	18.73761   	 8.36449872
07/04/2009 	13.196130  	22.90634   	19.36651   	 8.60334678
08/04/2009 	15.610639  	23.40215   	21.06937   	 8.50964995
09/04/2009 	20.268080  	23.11102   	21.52451   	 8.58227917
10/04/2009 	18.891363  	23.42094   	21.15952   	 9.06741047
11/04/2009 	18.481588  	23.40195   	21.09015   	 9.63368819
12/04/2009 	18.633062  	23.16870   	20.91039   	10.14903440
13/04/2009 	18.650091  	22.93372   	20.87275   	10.24055823
14/04/2009 	17.849829  	23.27436   	20.66307   	10.41180984
15/04/2009 	17.142096  	23.40458   	20.49551   	10.91074073
16/04/2009 	17.055096  	23.58903   	20.91005   	11.20768092
17/04/2009 	17.094610  	23.68221   	20.71896   	11.22247656
18/04/2009 	17.286890  	24.02387   	20.66172   	10.84653419
19/04/2009 	18.697075  	23.73542   	21.12131   	11.04516757
20/04/2009 	19.104036  	23.90166   	21.38552   	11.38983148
21/04/2009 	18.623903  	24.15745   	21.27619   	11.68654631
22/04/2009 	17.633579  	24.23568   	21.11379   	11.89847960
23/04/2009 	19.768806  	24.25333   	21.72570   	11.95072625
24/04/2009 	18.886829  	24.20532   	21.80237   	12.18893685
25/04/2009 	19.220646  	24.58796   	22.29888   	12.24999624
26/04/2009 	19.185577  	25.14938   	22.37144   	12.51603317
27/04/2009 	19.687273  	25.08718   	22.98537   	12.59129888
28/04/2009 	19.817175  	24.99208   	23.09346   	12.61434293
29/04/2009 	20.082848  	25.32118   	22.90147   	12.73040718
30/04/2009 	20.589630  	25.56537   	23.01240   	12.94571147
01/05/2009 	20.843582  	25.42980   	23.13520   	13.46859151
02/05/2009 	21.233183  	25.32299   	23.46182   	13.72736086
03/05/2009 	21.136320  	25.50389   	23.41821   	13.57545110
04/05/2009 	22.346138  	24.88107   	23.49917   	12.79951328
05/05/2009 	21.204216  	24.69172   	23.07774   	12.83450735
06/05/2009 	18.664394  	24.63155   	22.23967   	12.80299876
07/05/2009 	19.943630  	24.99373   	21.99690   	12.81866606
08/05/2009 	20.024014  	26.02817   	23.20922   	12.80035754
09/05/2009 	22.333347  	25.85136   	23.63749   	12.69600151
10/05/2009 	21.815140  	25.76896   	23.32723   	13.04609040
11/05/2009 	20.776691  	24.39926   	22.42397   	12.91327969
12/05/2009 	20.799353  	25.30761   	22.36331   	12.29627442
13/05/2009 	20.915522  	25.55437   	23.02070   	12.73489342
14/05/2009 	21.114180  	25.90077   	23.63679   	13.02407316
15/05/2009 	21.540779  	26.26019   	24.36785   	13.06039784
16/05/2009 	24.371630  	26.58098   	25.69462   	13.05901706
17/05/2009 	24.755840  	26.62273   	25.58954   	13.23585029
18/05/2009 	24.450180  	27.46942   	26.01263   	13.12909653
19/05/2009 	22.255062  	27.11192   	25.08789   	13.26010027
20/05/2009 	21.810043  	27.32103   	24.46799   	13.54876902
21/05/2009 	22.449541  	27.18918   	24.79923   	13.90039126
22/05/2009 	22.594101  	27.10448   	24.72174   	14.24344345
23/05/2009 	22.837786  	26.69922   	24.57195   	14.87711680
24/05/2009 	23.284626  	26.82571   	25.10677   	15.60083912
25/05/2009 	24.239847  	26.66277   	25.49708   	16.22251683
26/05/2009 	24.844296  	26.61153   	25.79061   	16.33659903
27/05/2009 	24.959414  	26.47795   	25.95502   	15.70242409
28/05/2009 	24.566706  	26.26331   	25.68984   	15.55424229
29/05/2009 	24.645531  	26.42727   	25.63116   	15.88936055
30/05/2009 	19.744629  	26.10291   	24.41604   	15.88852866
31/05/2009 	17.528379  	26.27682   	22.99966   	16.06334722
01/06/2009 	18.209280  	26.40319   	22.84573   	16.72926096
02/06/2009 	22.228271  	26.42750   	23.96524   	16.32356000
03/06/2009 	23.080765  	27.26051   	25.17628   	15.75652760
04/06/2009 	23.523130  	28.46876   	25.95345   	14.74464969
05/06/2009 	24.065500  	28.37064   	26.74224   	13.99605856
06/06/2009 	25.808838  	28.61323   	27.17690   	13.82521290
07/06/2009 	26.048815  	30.03828   	27.90965   	13.83890452
08/06/2009 	25.004501  	28.20352   	27.11358   	14.57155838
09/06/2009 	25.021994  	28.43868   	27.07744   	15.14817234
10/06/2009 	26.717508  	28.14807   	27.52863   	15.38425744
11/06/2009 	26.230150  	28.17898   	27.54963   	15.52546950
12/06/2009 	27.265684  	28.64502   	28.02846   	15.63987297
13/06/2009 	24.885025  	28.80223   	27.67621   	15.70808838
14/06/2009 	22.849468  	28.05546   	26.16696   	16.38272768
15/06/2009 	21.562578  	27.78136   	25.26977   	16.95106272
16/06/2009 	22.315998  	27.75666   	25.24151   	16.88239451
17/06/2009 	20.955105  	27.73404   	24.96309   	16.98623315
18/06/2009 	24.650576  	27.51386   	26.51681   	17.01422246
19/06/2009 	25.698290  	27.22376   	26.48751   	16.97627413
20/06/2009 	25.387901  	27.01183   	26.36353   	16.67777924
21/06/2009 	25.649269  	28.26270   	26.66551   	16.67175583
22/06/2009 	26.094017  	28.91612   	27.90172   	16.28791954
23/06/2009 	24.276741  	28.27057   	27.03459   	16.75129267
24/06/2009 	23.228512  	28.57093   	26.21173   	17.18963977
25/06/2009 	20.167677  	28.69629   	25.14830   	17.61153038
26/06/2009 	20.020754  	28.83094   	25.51834   	18.16845131
27/06/2009 	22.590742  	28.70083   	26.13373   	18.78910454
28/06/2009 	22.330196  	28.77736   	26.25749   	19.34460918
29/06/2009 	23.098120  	28.82616   	26.45387   	20.14924312
30/06/2009 	24.099380  	28.94774   	26.61974   	20.82939152
01/07/2009 	24.012575  	28.92615   	26.41461   	21.18732576
02/07/2009 	23.660492  	28.90066   	26.34187   	21.32963709
03/07/2009 	23.904549  	28.96571   	27.06908   	21.56508859
04/07/2009 	24.378138  	28.81922   	27.36913   	21.74584083
05/07/2009 	23.754854  	28.93584   	26.97887   	22.20006037
06/07/2009 	24.633696  	28.82351   	27.65937   	21.97406828
07/07/2009 	26.547472  	28.46867   	27.81279   	21.10170790
08/07/2009 	26.202579  	28.52386   	27.32710   	20.54407382
09/07/2009 	26.769667  	28.09572   	27.50706   	19.26523368
10/07/2009 	26.146296  	27.90999   	27.21116   	18.14795629
11/07/2009 	26.242001  	30.34519   	28.21180   	16.88567841
12/07/2009 	24.013857  	29.48057   	27.29379   	17.42440879
13/07/2009 	22.381964  	27.48872   	25.45948   	18.07883962
14/07/2009 	22.974874  	26.76578   	24.62314   	18.97165314
15/07/2009 	23.604982  	26.66379   	25.16640   	19.38660483
16/07/2009 	22.433678  	26.32696   	24.51900   	19.38962364
17/07/2009 	21.550240  	26.71780   	24.70219   	19.56438684
18/07/2009 	23.448639  	26.88686   	25.43017   	19.46684182
19/07/2009 	23.182590  	27.42115   	25.22860   	19.14436575
20/07/2009 	23.724722  	27.75912   	25.75975   	19.15400497
21/07/2009 	22.341858  	27.53589   	24.88145   	19.14120555
22/07/2009 	22.656853  	27.44195   	24.85326   	19.41724002
23/07/2009 	22.853689  	27.13706   	24.73192   	19.42931906
24/07/2009 	23.024912  	27.09832   	24.97954   	19.32177174
25/07/2009 	23.975821  	26.93590   	24.89434   	19.17659700
26/07/2009 	23.269035  	26.88251   	24.87538   	18.97761106
27/07/2009 	22.768829  	26.02530   	24.60973   	19.29906464
28/07/2009 	22.185759  	25.87858   	24.18270   	19.45458098
29/07/2009 	22.020819  	25.62762   	23.76700   	19.65433955
30/07/2009 	22.406324  	25.37706   	24.33588   	19.58397595
31/07/2009 	21.471497  	24.84918   	23.55225   	18.89845145
01/08/2009 	22.124018  	24.13533   	22.93395   	19.01743623
02/08/2009 	22.240086  	25.03346   	23.47890   	19.23631072
03/08/2009 	22.485121  	24.22630   	23.32646   	19.27533567
04/08/2009 	22.675716  	24.73163   	23.44915   	19.55522013
05/08/2009 	22.933529  	24.85130   	23.73288   	19.99473747
06/08/2009 	21.983130  	24.90464   	23.74234   	20.64694301
07/08/2009 	22.055740  	25.07801   	23.87818   	20.98335675
08/08/2009 	22.599113  	25.55763   	24.57507   	20.80719956
09/08/2009 	23.211128  	25.87159   	24.69187   	20.55386392
10/08/2009 	21.806095  	26.19211   	24.34353   	20.70857279
11/08/2009 	21.975622  	26.25244   	24.40956   	20.87854385
12/08/2009 	22.546326  	26.67676   	24.98023   	20.61851033
13/08/2009 	24.327396  	26.63281   	25.57907   	20.32975177
14/08/2009 	24.261240  	27.15031   	25.74174   	20.22897367
15/08/2009 	23.420988  	26.57361   	25.27164   	20.31361707
16/08/2009 	22.626579  	25.81396   	24.74459   	20.36733313
17/08/2009 	22.757280  	25.50142   	24.15092   	20.28176936
18/08/2009 	22.916681  	25.31283   	24.08247   	20.05426045
19/08/2009 	23.708267  	25.93946   	24.73624   	20.19852189
20/08/2009 	22.834126  	26.24919   	25.10590   	20.44962605
21/08/2009 	24.458458  	25.84498   	25.24818   	20.30586795
22/08/2009 	24.984577  	25.88093   	25.32624   	19.97293397
23/08/2009 	24.375549  	26.79315   	25.71856   	19.80470002
24/08/2009 	23.965914  	26.74566   	25.66703   	19.98336716
25/08/2009 	24.321043  	26.51961   	25.70797   	20.28335619
26/08/2009 	24.537128  	26.63553   	25.92483   	19.93436166
27/08/2009 	25.139772  	26.66910   	26.17389   	19.92416604
28/08/2009 	24.634369  	26.49669   	25.96915   	19.49104043
29/08/2009 	24.327980  	26.67145   	25.74535   	18.70823781
30/08/2009 	23.129086  	25.78085   	24.49435   	17.97323124
31/08/2009 	22.295826  	26.55752   	24.66868   	18.05705273
01/09/2009 	22.359749  	27.96739   	26.45399   	18.43365502
02/09/2009 	24.942270  	28.86996   	26.83022   	18.11049080
03/09/2009 	24.629501  	29.55703   	28.12385   	17.98802670
04/09/2009 	22.573610  	29.58281   	28.33332   	17.18619188
05/09/2009 	27.198233  	29.09363   	28.39086   	16.61636615
06/09/2009 	26.817642  	28.53352   	27.80642   	16.30151780
07/09/2009 	26.344011  	28.66085   	27.48948   	16.20461241
08/09/2009 	26.461010  	28.24211   	27.25348   	16.61999698
09/09/2009 	26.583708  	28.49540   	27.57376   	16.92318602
10/09/2009 	27.391470  	28.72951   	28.13394   	16.59654391
11/09/2009 	25.516733  	28.35305   	27.39609   	16.07653205
12/09/2009 	26.955332  	28.53912   	27.95304   	15.87325527
13/09/2009 	26.909002  	29.09983   	28.23446   	15.86364832
14/09/2009 	27.141741  	29.50072   	28.52246   	15.58006605
15/09/2009 	26.289341  	29.24150   	27.89408   	15.55110184
16/09/2009 	26.575994  	29.21228   	28.13498   	15.76078880
17/09/2009 	27.571514  	29.41986   	28.54940   	15.32980154
18/09/2009 	27.759285  	29.58515   	28.81853   	15.61960165
19/09/2009 	27.758677  	29.78781   	29.00750   	15.61256009
20/09/2009 	27.828939  	29.90482   	29.32430   	15.93721680
21/09/2009 	29.175964  	30.02565   	29.66418   	15.88705832
22/09/2009 	29.339680  	29.83553   	29.62121   	16.15462240
23/09/2009 	29.365200  	30.08130   	29.71589   	16.37559279
24/09/2009 	29.283804  	30.72843   	30.02578   	16.09803041
25/09/2009 	29.267262  	30.82002   	30.24493   	15.99209384
26/09/2009 	29.287773  	30.51302   	30.09636   	15.95527701
27/09/2009 	29.055296  	30.38428   	29.83697   	16.08593533
28/09/2009 	29.289072  	30.60138   	29.78228   	16.26826584
29/09/2009 	28.665615  	30.45483   	29.47060   	16.27838882
30/09/2009 	28.334244  	30.10865   	29.14484   	16.10200123
01/10/2009 	28.073622  	30.80569   	28.86324   	15.65621080
02/10/2009 	28.255547  	31.92353   	29.85694   	14.64865502
03/10/2009 	25.071939  	30.41228   	28.72319   	14.65444634
04/10/2009 	22.678474  	28.27786   	26.38043   	13.95879370
05/10/2009 	25.199617  	27.20641   	26.20878   	13.37255943
06/10/2009 	25.430996  	27.64115   	26.17652   	13.54995565
07/10/2009 	25.650084  	28.28023   	26.45543   	14.09925916
08/10/2009 	25.558964  	27.50630   	26.02636   	13.83901495
09/10/2009 	25.647030  	28.01322   	26.43912   	12.93599039
10/10/2009 	22.888750  	27.92442   	26.32145   	12.72825728
11/10/2009 	23.119400  	27.57234   	26.33699   	12.65108629
12/10/2009 	24.050835  	29.37415   	26.74821   	11.96355671
13/10/2009 	20.034552  	28.68241   	26.32159   	10.97087502
14/10/2009 	19.859510  	28.77262   	24.75926   	10.68966534
15/10/2009 	20.868204  	28.00775   	25.94146   	 9.88588353
16/10/2009 	25.261992  	32.33878   	27.54679   	10.21735565
17/10/2009 	26.097471  	32.93529   	30.26506   	10.94862125
18/10/2009 	28.324812  	33.45531   	30.32655   	10.35983503
19/10/2009 	28.122763  	30.36986   	29.28696   	10.15017955
20/10/2009 	26.704712  	29.01880   	28.22781   	 9.90649048
21/10/2009 	27.167280  	28.74723   	28.23885   	 9.50349708
22/10/2009 	27.662691  	28.45618   	28.11260   	 9.26439671
23/10/2009 	27.823332  	28.45718   	28.08906   	 9.48376669
24/10/2009 	27.838982  	28.96844   	28.14037   	 9.88405565
25/10/2009 	28.074261  	28.96241   	28.68286   	10.60960571
26/10/2009 	28.166777  	29.18523   	28.73825   	10.86027048
27/10/2009 	27.808784  	28.91511   	28.48354   	10.99352338
28/10/2009 	26.270405  	29.14241   	27.82898   	10.95657168
29/10/2009 	26.538980  	30.08053   	27.97339   	11.27793119
30/10/2009 	27.132181  	29.43339   	28.05873   	11.35388299
31/10/2009 	27.245697  	29.63265   	28.46712   	11.31887301
01/11/2009 	27.969187  	29.36415   	28.77098   	11.53553216
02/11/2009 	28.308151  	29.08370   	28.72845   	11.63054965
03/11/2009 	27.695908  	29.72725   	28.65239   	11.26728865
04/11/2009 	26.884663  	29.84653   	28.76431   	11.09706650
05/11/2009 	26.797144  	30.16130   	28.44016   	10.84819702
06/11/2009 	27.380890  	30.15992   	28.41620   	10.62917741
07/11/2009 	24.475163  	30.18022   	28.79761   	10.63953606
08/11/2009 	25.607254  	29.53167   	27.44761   	10.12312029
09/11/2009 	25.526121  	28.84873   	27.61624   	 9.05429286
10/11/2009 	24.419283  	29.26678   	27.30173   	 8.97034794
11/11/2009 	26.834349  	29.02417   	27.72009   	 9.16831785
12/11/2009 	25.786415  	29.14985   	27.56792   	 9.16956373
13/11/2009 	23.891342  	28.53262   	27.39659   	 9.69138710
14/11/2009 	24.120224  	28.97309   	27.51509   	10.20540533
15/11/2009 	24.590075  	30.29128   	27.80708   	10.42734597
16/11/2009 	23.994339  	30.22861   	27.44045   	10.41630181
17/11/2009 	25.989769  	30.31959   	28.27364   	10.49266018
18/11/2009 	26.137815  	30.52132   	28.97724   	10.50020204
19/11/2009 	22.125687  	30.05250   	28.23219   	10.52157402
20/11/2009 	27.614273  	30.10214   	29.41686   	10.56393031
21/11/2009 	26.468748  	30.01091   	28.42311   	10.60419935
22/11/2009 	27.450310  	30.10543   	28.88751   	10.70121135
23/11/2009 	25.263647  	30.19881   	29.15520   	10.54081323
24/11/2009 	25.693880  	30.13975   	28.48552   	10.32561336
25/11/2009 	29.214027  	30.57635   	30.18923   	10.31968514
26/11/2009 	30.336950  	30.58084   	30.51183   	10.25747697
27/11/2009 	29.763132  	30.51213   	30.17990   	 9.69546453
28/11/2009 	29.450762  	30.02134   	29.71613   	 9.38683593
29/11/2009 	26.790216  	29.61584   	29.20955   	 9.17412885
30/11/2009 	26.879076  	29.50303   	28.83089   	 9.01384248
01/12/2009 	26.757530  	28.77302   	27.89624   	 8.01140743
02/12/2009 	24.339029  	28.36971   	27.53874   	 7.52595973
03/12/2009 	24.412861  	27.78486   	26.53414   	 7.79540650
04/12/2009 	23.317904  	27.10077   	25.19093   	 7.79273024
05/12/2009 	24.341080  	27.02986   	25.37334   	 7.66272145
06/12/2009 	24.013998  	27.66976   	25.39586   	 7.92796752
07/12/2009 	20.622736  	28.24297   	25.61628   	 8.10049518
08/12/2009 	23.654478  	28.25370   	25.52945   	 8.09982111
09/12/2009 	23.478737  	27.10746   	24.89727   	 7.94715277
10/12/2009 	22.872501  	26.95443   	24.75724   	 8.17444783
11/12/2009 	20.442799  	25.18359   	23.74844   	 8.00540663
12/12/2009 	13.861354  	24.34137   	20.92179   	 7.24861551
13/12/2009 	14.122648  	24.10127   	19.83647   	 6.57252683
14/12/2009 	13.919540  	23.98857   	19.73653   	 5.92561826
15/12/2009 	13.303895  	22.15563   	18.88291   	 5.21685915
16/12/2009 	14.307817  	22.26154   	19.70144   	 4.95375301
17/12/2009 	17.225817  	22.30776   	19.86490   	 4.74302149
18/12/2009 	14.222354  	22.51683   	18.78503   	 3.97315585
19/12/2009 	14.272373  	23.77772   	18.96568   	 3.34469288
20/12/2009 	19.431009  	23.91304   	22.10163   	 3.61610106
21/12/2009 	19.685583  	23.67767   	21.42495   	 3.14257686
22/12/2009 	19.150204  	25.23841   	22.02578   	 3.28940481
23/12/2009 	19.967369  	26.12716   	22.83755   	 3.48498955
24/12/2009 	20.621071  	26.23419   	23.38149   	 3.49674949
25/12/2009 	20.378355  	26.14419   	23.96690   	 3.60452293
26/12/2009 	21.349665  	24.41992   	23.06760   	 3.50208269
27/12/2009 	23.478369  	27.65828   	26.00458   	 4.35662830
28/12/2009 	24.182497  	28.16132   	26.27837   	 4.34640751
29/12/2009 	18.663244  	27.22433   	24.59035   	 3.73149401
30/12/2009 	14.674945  	27.29553   	22.73900   	 3.09607869
31/12/2009 	14.320444  	26.07129   	21.09421   	 2.57314283
01/01/2010 	14.516099  	24.63371   	20.54435   	 2.25046303
02/01/2010 	16.005270  	24.27801   	20.98940   	 2.09667641
03/01/2010 	14.062574  	24.17123   	19.86132   	 1.54805684
04/01/2010 	15.816792  	23.77303   	20.28479   	 1.49471243
05/01/2010 	16.564945  	23.71996   	20.40379   	 1.62852735
06/01/2010 	17.625624  	23.74108   	20.60917   	 1.71080811
07/01/2010 	17.251371  	23.78130   	20.12548   	 1.48107798
08/01/2010 	16.098518  	23.55943   	19.61714   	 1.01367914
09/01/2010 	12.710294  	21.92070   	16.59230   	 0.08650611
10/01/2010 	11.706741  	21.96086   	15.60192   	 0.34538798
11/01/2010 	10.242445  	22.52084   	18.17340   	 0.76821824
12/01/2010 	12.369205  	22.57246   	19.27305   	 0.72583564
13/01/2010 	13.208843  	23.87594   	20.30893   	 0.33629853
14/01/2010 	20.456253  	24.52837   	22.80370   	 0.76913995
15/01/2010 	19.152433  	24.07669   	22.15721   	 0.52983310
16/01/2010 	20.567989  	23.79414   	22.14695   	 0.73287042
17/01/2010 	21.660948  	25.50932   	23.27479   	 1.34824183
18/01/2010 	21.679064  	24.70115   	22.83914   	 1.44416096
19/01/2010 	21.604925  	23.91721   	22.49328   	 1.70935798
20/01/2010 	17.929255  	23.94152   	21.36703   	 1.49055773
21/01/2010 	15.476233  	23.86186   	21.03070   	 1.31567863
22/01/2010 	16.790768  	23.53741   	20.84517   	 1.11155725
23/01/2010 	20.932329  	23.14144   	21.93817   	 1.32258753
24/01/2010 	20.515730  	23.09077   	21.89979   	 1.17109815
25/01/2010 	18.651234  	23.46646   	21.51392   	 0.74748123
26/01/2010 	16.978237  	23.68605   	20.77187   	 0.08407103
27/01/2010 	17.536465  	24.48274   	22.22498   	 0.47325930
28/01/2010 	17.778746  	23.45134   	21.35679   	 0.76446323
29/01/2010 	17.707582  	23.36995   	20.09901   	 0.85677718
30/01/2010 	19.901684  	24.78034   	22.22864   	 0.91551748
31/01/2010 	21.410269  	24.15853   	22.86342   	 1.01039943
01/02/2010 	20.366486  	24.64527   	22.66666   	 1.09108975
02/02/2010 	20.545485  	24.31213   	22.58453   	 1.17550186
03/02/2010 	21.123085  	23.78071   	22.41923   	 1.22594424
04/02/2010 	20.647667  	23.75961   	21.91774   	 1.41078118
05/02/2010 	17.038412  	23.31610   	21.14396   	 1.57216809
06/02/2010 	16.013308  	22.66308   	20.25938   	 1.73263487
07/02/2010 	13.832273  	22.37011   	19.02960   	 1.62352545
08/02/2010 	13.077017  	22.41755   	18.89065   	 1.14346885
09/02/2010 	13.283938  	22.73011   	18.78191   	 0.66368313
10/02/2010 	10.580455  	22.30130   	17.18357   	 0.23070783
11/02/2010 	11.360374  	22.20086   	16.85796   	 0.10960558
12/02/2010 	13.508097  	22.48182   	17.72950   	-0.23999018
13/02/2010 	13.687939  	23.90372   	19.54639   	-0.52681615
14/02/2010 	16.927855  	24.16124   	21.05258   	-0.62740916
15/02/2010 	16.136648  	23.41353   	20.62603   	-0.74771964
16/02/2010 	16.606262  	22.82657   	21.21234   	-0.56511041
17/02/2010 	20.879742  	23.81816   	21.74518   	-0.22785129
18/02/2010 	20.746733  	24.09801   	21.95162   	 0.01311592
19/02/2010 	21.178820  	25.20088   	22.96457   	 0.78110840
20/02/2010 	22.849083  	25.06971   	23.74011   	 1.14998166
21/02/2010 	21.230555  	25.55537   	23.16443   	 1.07997063
22/02/2010 	21.044754  	25.80700   	23.22524   	 1.39296675
23/02/2010 	19.507589  	24.84311   	22.37657   	 1.48814255
24/02/2010 	20.608662  	25.31100   	23.33035   	 1.58636791
25/02/2010 	22.315212  	25.07881   	24.11675   	 1.99915281
26/02/2010 	22.214874  	26.41577   	24.52400   	 2.31550748
27/02/2010 	20.269018  	26.49571   	24.07992   	 2.53772863
28/02/2010 	20.144640  	27.76987   	23.77571   	 2.81419302
01/03/2010 	22.254908  	26.13295   	24.73198   	 2.95570847
02/03/2010 	23.557608  	26.34176   	24.78885   	 3.04441017
03/03/2010 	22.721149  	25.59231   	24.07605   	 3.09581735
04/03/2010 	21.253786  	24.47083   	23.42298   	 3.12699543
05/03/2010 	20.439959  	24.19265   	22.53434   	 2.96902572
06/03/2010 	13.135641  	25.23026   	21.20651   	 2.57811462
07/03/2010 	12.601316  	24.77872   	18.42897   	 2.13317471
08/03/2010 	13.171485  	21.66813   	17.80238   	 1.88327429
09/03/2010 	12.119446  	21.29406   	16.90259   	 2.07454706
10/03/2010 	10.197309  	20.26142   	16.20196   	 2.15261910
11/03/2010 	11.009082  	22.49162   	17.80012   	 2.25766854
12/03/2010 	14.011930  	21.85248   	18.19686   	 2.49434671
13/03/2010 	13.534902  	22.11366   	18.10684   	 2.75889226
14/03/2010 	16.830046  	21.15603   	18.58654   	 3.16896888
15/03/2010 	16.204792  	21.60795   	19.55828   	 3.60654083
16/03/2010 	16.814377  	21.19977   	19.17718   	 4.00881731
17/03/2010 	17.067486  	21.07888   	19.09035   	 4.21737267
18/03/2010 	16.837687  	22.11383   	19.12315   	 4.54687123
19/03/2010 	17.236284  	22.70860   	20.00661   	 4.84436105
20/03/2010 	18.336340  	24.27210   	20.91993   	 5.22995249
21/03/2010 	18.377510  	23.18557   	20.53572   	 5.86261429
22/03/2010 	16.937338  	22.93174   	20.13354   	 6.18563822
23/03/2010 	17.516407  	23.71872   	20.71496   	 6.17081741
24/03/2010 	15.861259  	23.28673   	20.30897   	 6.45461658
25/03/2010 	15.733932  	24.06983   	20.69275   	 6.73880950
26/03/2010 	16.158266  	23.75374   	21.38748   	 6.92862460
27/03/2010 	16.166357  	24.97165   	22.34795   	 6.85072038
28/03/2010 	19.720657  	24.89780   	22.63692   	 6.94717800
29/03/2010 	18.962673  	24.50746   	22.28143   	 7.16866561
30/03/2010 	16.361094  	25.04954   	21.63821   	 7.43032945
31/03/2010 	21.581890  	26.36038   	24.35720   	 6.99055981
01/04/2010 	23.989100  	27.01033   	25.17681   	 6.63999808
02/04/2010 	23.949169  	27.31800   	25.24162   	 6.62482482
03/04/2010 	23.600809  	27.22993   	25.26094   	 6.85869478
04/04/2010 	20.883051  	27.03647   	24.65710   	 7.21596437
05/04/2010 	21.474003  	26.66114   	24.21540   	 7.29268672
06/04/2010 	20.025957  	26.69207   	24.17696   	 7.59315830
07/04/2010 	19.268806  	26.85168   	23.78085   	 7.94642677
08/04/2010 	20.116764  	25.76017   	23.49049   	 8.24027414
09/04/2010 	20.344845  	25.57011   	23.19907   	 8.75034124
10/04/2010 	17.521437  	25.39944   	22.19396   	 9.07975700
11/04/2010 	15.527976  	24.19558   	20.29454   	 8.97481636
12/04/2010 	15.167190  	24.25016   	19.57173   	 8.58455251
13/04/2010 	15.205577  	24.31563   	20.20325   	 8.59460002
14/04/2010 	18.141502  	24.03593   	21.41227   	 8.65634623
15/04/2010 	18.459473  	24.35336   	21.86160   	 8.71125587
16/04/2010 	21.204657  	24.98552   	23.16939   	 8.69360856
17/04/2010 	20.827805  	24.97713   	23.18066   	 9.08914810
18/04/2010 	20.232121  	24.62832   	22.78035   	 9.64041553
19/04/2010 	20.985344  	25.81306   	23.80273   	 9.71306340
20/04/2010 	20.687256  	25.72419   	24.19370   	 9.80398313
21/04/2010 	22.915594  	26.20733   	24.78225   	 9.24040488
22/04/2010 	21.416758  	26.54260   	24.36392   	 8.93656449
23/04/2010 	21.305649  	26.17822   	23.86502   	 9.28387360
24/04/2010 	20.220781  	25.91957   	23.82509   	 9.60600855
25/04/2010 	20.226372  	26.11742   	24.11347   	 9.87736338
26/04/2010 	19.886740  	26.09373   	24.18110   	10.23205062
27/04/2010 	20.660789  	26.70704   	24.30230   	10.80163364
28/04/2010 	21.936485  	26.83824   	24.84732   	11.45342920
29/04/2010 	21.300802  	27.01319   	24.86451   	11.81154317
30/04/2010 	21.936382  	27.04392   	25.14362   	12.07224228
01/05/2010 	22.712942  	27.00303   	25.52495   	12.09015354
02/05/2010 	22.873732  	27.47249   	25.42759   	11.85697516
03/05/2010 	18.577419  	27.63071   	24.20423   	10.50522749
04/05/2010 	23.463926  	28.71766   	26.30527   	 9.29814876
05/05/2010 	22.619530  	27.13640   	25.31743   	 9.98300501
06/05/2010 	18.230219  	27.44170   	24.25987   	 9.72467178
07/05/2010 	16.150009  	27.99531   	22.87726   	 9.35915001
08/05/2010 	18.743546  	27.44851   	23.97782   	 9.79633357
09/05/2010 	21.196350  	27.73773   	24.36171   	 9.95225944
10/05/2010 	21.226116  	27.82327   	24.53386   	10.09598412
11/05/2010 	22.286007  	27.85498   	24.55952   	10.01412557
12/05/2010 	21.257496  	28.37404   	25.56687   	 9.34117780
13/05/2010 	24.421148  	28.77809   	26.70360   	 8.81928586
14/05/2010 	22.520157  	27.93100   	25.73654   	 9.43813775
15/05/2010 	22.578531  	27.82158   	25.71016   	10.06418965
16/05/2010 	25.343842  	28.12107   	26.92497   	10.40205105
17/05/2010 	25.030354  	27.56414   	26.85654   	10.80673629
18/05/2010 	26.133043  	28.64155   	27.40559   	11.44190061
19/05/2010 	26.311096  	28.62543   	27.77132   	11.99770526
20/05/2010 	22.203400  	28.24305   	25.96571   	12.80367362
21/05/2010 	20.892532  	27.71994   	24.91167   	13.71496975
22/05/2010 	23.006205  	27.98966   	25.32043   	14.31921522
23/05/2010 	20.659084  	27.59361   	24.69781   	14.99109147
24/05/2010 	22.015245  	27.12414   	25.19281   	15.45050434
25/05/2010 	22.099379  	28.04136   	25.72126   	15.56357463
26/05/2010 	23.267256  	28.25970   	26.24717   	15.13867446
27/05/2010 	20.297586  	28.63040   	25.78310   	14.37907875
28/05/2010 	20.457003  	28.41207   	25.58832   	14.55471132
29/05/2010 	22.010462  	28.21920   	25.83802   	14.53586582
30/05/2010 	23.114845  	28.01969   	26.32115   	14.67088731
31/05/2010 	26.860338  	29.32964   	27.64534   	14.58778481
01/06/2010 	24.467245  	29.26882   	27.92416   	14.72619067
02/06/2010 	23.798920  	29.33024   	27.14149   	14.95512611
03/06/2010 	22.848366  	29.24617   	26.73662   	15.53039326
04/06/2010 	20.830290  	29.11219   	25.60571   	16.14972015
05/06/2010 	21.624859  	28.69090   	25.59774   	16.56836114
06/06/2010 	22.171871  	28.36846   	26.02245   	16.93648521
07/06/2010 	24.642925  	28.07072   	26.96662   	16.89586647
08/06/2010 	24.391005  	27.59012   	26.36162   	17.07618841
09/06/2010 	22.411989  	27.26413   	25.69233   	17.44294262
10/06/2010 	22.180250  	27.72187   	25.16238   	17.72246281
11/06/2010 	22.096106  	28.00142   	25.34349   	18.05127736
12/06/2010 	22.742798  	28.00160   	25.52481   	17.86396786
13/06/2010 	24.459677  	27.58678   	25.89578   	17.43881118
14/06/2010 	22.244017  	27.98805   	25.59575   	17.58673930
15/06/2010 	23.658783  	28.45051   	25.80300   	16.72652064
16/06/2010 	18.487391  	28.35023   	24.22569   	16.04274249
17/06/2010 	18.998331  	28.44842   	25.17083   	15.77958733
18/06/2010 	22.125877  	28.96419   	27.29048   	15.65005785
19/06/2010 	26.203596  	30.17039   	28.62980   	14.97617034
20/06/2010 	26.359770  	32.72449   	29.86629   	14.09341524
21/06/2010 	27.844278  	32.39866   	30.36222   	14.21041026
22/06/2010 	29.052610  	31.82686   	30.38495   	15.03306508
23/06/2010 	29.080009  	31.48794   	30.20109   	15.92764823
24/06/2010 	29.155214  	31.30361   	29.97140   	16.87887748
25/06/2010 	29.311760  	30.62792   	30.01670   	17.49282956
26/06/2010 	29.516768  	31.20472   	30.39403   	18.35090240
27/06/2010 	28.440262  	30.84345   	30.03550   	18.85850477
28/06/2010 	27.119268  	30.70986   	29.49239   	19.69359128
29/06/2010 	27.427275  	30.58518   	29.67134   	20.26827904
30/06/2010 	28.324017  	30.66950   	29.80183   	20.52254518
01/07/2010 	27.569117  	30.76024   	29.58418   	20.57974641
02/07/2010 	27.325115  	30.84976   	29.38084   	21.01215593
03/07/2010 	27.413363  	30.47094   	29.21264   	21.55876732
04/07/2010 	27.682178  	30.56027   	29.32814   	21.69672998
05/07/2010 	28.027716  	30.45340   	29.68323   	21.62787131
06/07/2010 	28.174103  	30.62611   	29.58912   	21.17746437
07/07/2010 	28.538448  	30.67572   	29.74578   	20.73016473
08/07/2010 	28.444027  	30.51679   	29.84090   	20.68642497
09/07/2010 	27.975264  	30.73489   	29.63107   	20.76340115
10/07/2010 	27.994932  	30.77534   	29.62325   	21.42468997
11/07/2010 	28.258806  	30.89829   	29.90384   	22.57411881
12/07/2010 	28.477802  	30.87177   	29.89164   	22.41115717
13/07/2010 	28.855803  	30.57586   	29.99575   	21.87384450
14/07/2010 	28.094374  	30.60374   	29.64604   	21.72360798
15/07/2010 	27.655113  	30.51234   	29.76196   	21.62256519
16/07/2010 	28.701719  	29.96117   	29.48455   	20.92347876
17/07/2010 	28.419331  	29.41295   	29.02154   	20.60413675
18/07/2010 	28.395119  	29.13863   	28.73003   	20.26475072
19/07/2010 	28.358730  	29.12058   	28.66891   	20.18157184
20/07/2010 	28.441475  	29.38262   	28.76749   	20.40792247
21/07/2010 	28.567659  	29.33789   	28.88898   	20.73979131
22/07/2010 	28.602480  	29.37407   	28.99885   	20.73738146
23/07/2010 	28.662039  	29.58097   	29.07773   	20.76000126
24/07/2010 	28.854155  	29.65171   	29.30262   	20.31817313
25/07/2010 	27.847921  	29.64552   	29.26061   	20.18652725
26/07/2010 	27.607164  	29.63865   	28.93897   	20.32007690
27/07/2010 	26.682049  	29.77859   	28.74505   	20.21569212
28/07/2010 	26.149254  	29.75514   	28.31916   	20.36101492
29/07/2010 	27.033028  	29.84072   	28.61159   	20.17051824
30/07/2010 	27.649807  	29.95430   	28.64220   	19.94784792
31/07/2010 	26.853848  	29.73979   	28.47182   	20.04574335
01/08/2010 	24.249092  	29.57032   	28.00569   	20.17284894
02/08/2010 	24.138172  	29.42381   	27.31991   	20.29187993
03/08/2010 	24.450495  	29.29033   	27.24172   	20.24208713
04/08/2010 	26.024660  	29.31726   	27.88068   	20.26005550
05/08/2010 	26.381996  	28.97590   	27.65690   	19.75446570
06/08/2010 	24.344173  	28.91650   	27.15057   	19.49597466
07/08/2010 	24.179289  	28.60195   	26.96523   	19.72090669
08/08/2010 	24.068003  	28.28843   	26.45136   	19.58825040
09/08/2010 	25.542255  	28.52853   	26.66808   	19.66354899
10/08/2010 	24.388578  	28.56505   	27.00440   	19.75967312
11/08/2010 	25.256956  	27.94476   	26.84286   	19.74081302
12/08/2010 	24.086399  	28.11029   	26.40781   	19.62272096
13/08/2010 	23.993320  	28.01708   	26.21563   	19.36498662
14/08/2010 	23.934319  	27.74675   	25.94594   	19.31400077
15/08/2010 	19.532619  	27.19055   	24.45053   	19.10484942
16/08/2010 	18.841839  	27.35493   	23.23449   	19.00064099
17/08/2010 	19.964252  	26.60973   	24.08710   	19.26388582
18/08/2010 	22.174850  	26.15055   	24.26574   	19.00533156
19/08/2010 	18.887728  	25.98698   	23.05319   	18.71707761
20/08/2010 	20.173576  	25.28890   	22.79971   	18.73585455
21/08/2010 	19.157713  	25.36842   	22.89964   	18.94332286
22/08/2010 	19.952122  	25.83813   	22.40572   	19.18924077
23/08/2010 	20.102022  	27.18105   	24.02652   	19.37232196
24/08/2010 	20.397955  	27.20066   	24.58852   	18.98690995
25/08/2010 	20.245932  	27.32608   	23.02867   	18.29056935
26/08/2010 	20.628212  	26.66761   	23.06214   	17.61312191
27/08/2010 	21.500261  	26.31873   	24.06099   	16.84232227
28/08/2010 	21.295849  	25.40916   	23.48383   	16.14499609
29/08/2010 	21.599010  	25.48127   	23.94543   	16.37170690
30/08/2010 	22.474339  	27.39269   	24.71199   	15.56905168
31/08/2010 	20.549494  	27.57153   	23.63034   	15.06664650
01/09/2010 	18.282373  	24.78959   	21.98181   	15.55042251
02/09/2010 	18.432032  	23.66248   	21.11127   	15.69653418
03/09/2010 	16.156893  	23.29529   	20.13124   	15.86096317
04/09/2010 	14.733635  	21.90844   	18.64145   	16.13383210
05/09/2010 	10.771377  	21.76292   	17.62832   	16.09632727
06/09/2010 	10.058123  	20.89172   	16.93206   	15.85852206
07/09/2010 	11.089218  	21.28846   	18.96965   	15.40025594
08/09/2010 	15.676273  	23.22784   	20.47845   	15.42926230
09/09/2010 	17.043276  	23.94736   	20.99333   	15.83143435
10/09/2010 	16.636961  	23.12801   	20.37505   	16.08198096
11/09/2010 	18.795189  	23.60651   	21.45769   	16.45725177
12/09/2010 	20.380032  	23.26124   	21.36767   	16.82923448
13/09/2010 	20.361843  	23.53128   	21.13831   	16.60734598
14/09/2010 	16.959028  	23.81949   	21.89146   	16.78463181
15/09/2010 	16.692167  	23.92395   	20.68262   	16.27038473
16/09/2010 	16.624229  	23.15430   	19.62049   	15.60582236
17/09/2010 	17.352524  	22.89322   	19.49434   	14.98809739
18/09/2010 	18.368620  	21.81643   	20.12728   	14.15529037
19/09/2010 	17.193874  	22.18434   	20.40236   	13.83893555
20/09/2010 	16.435001  	24.02535   	20.72338   	14.38939663
21/09/2010 	17.055531  	23.88917   	19.80789   	14.69012056
22/09/2010 	17.959824  	22.83108   	20.05789   	14.94302897
23/09/2010 	15.574918  	22.48819   	19.44200   	15.20497298
24/09/2010 	14.463552  	22.04158   	19.09098   	15.44865855
25/09/2010 	16.874569  	21.75966   	19.80424   	14.70342145
26/09/2010 	15.893258  	22.58564   	19.51575   	14.27980268
27/09/2010 	15.943611  	22.66200   	19.26237   	14.15781166
28/09/2010 	14.074671  	23.05743   	18.95124   	14.06599979
29/09/2010 	12.646681  	22.06627   	18.06290   	13.93931860
30/09/2010 	12.960258  	21.40337   	18.81891   	13.70114009
01/10/2010 	16.943911  	21.41399   	19.15580   	13.73258386
02/10/2010 	17.354511  	22.30951   	20.96910   	14.27467835
03/10/2010 	21.572535  	23.48412   	22.58939   	14.91456568
04/10/2010 	21.213131  	24.29174   	22.83240   	15.24632126
05/10/2010 	20.570583  	23.96445   	22.51081   	15.47699279
06/10/2010 	20.820168  	24.54640   	23.12264   	15.60635980
07/10/2010 	21.945766  	24.39503   	22.75428   	15.59825267
08/10/2010 	19.294016  	23.85029   	21.86821   	15.58690337
09/10/2010 	16.540367  	23.40447   	20.60995   	15.18835541
10/10/2010 	14.706988  	23.19365   	19.85652   	14.45499537
11/10/2010 	13.162819  	22.76365   	18.58993   	13.55034820
12/10/2010 	13.414128  	22.57414   	18.15872   	13.22289511
13/10/2010 	14.667360  	22.81119   	18.67913   	13.06614143
14/10/2010 	15.120452  	23.00891   	19.20480   	12.77738297
15/10/2010 	18.360004  	23.04002   	20.04702   	12.48251718
16/10/2010 	14.822781  	23.11312   	19.69777   	11.66515541
17/10/2010 	16.019037  	24.18725   	20.02092   	11.35242273
18/10/2010 	18.225298  	23.68993   	21.52159   	11.23958107
19/10/2010 	20.676535  	23.57131   	21.98735   	11.10369082
20/10/2010 	20.745342  	23.26739   	21.62518   	10.38845241
21/10/2010 	20.261820  	24.92277   	21.71512   	 9.57505635
22/10/2010 	19.512939  	23.74251   	21.26799   	 9.74581246
23/10/2010 	18.869646  	25.56362   	22.35219   	10.03472141
24/10/2010 	20.667059  	24.75126   	22.56780   	 9.53199269
25/10/2010 	20.704205  	24.29041   	22.11560   	 8.49802027
26/10/2010 	20.213652  	24.43993   	22.86478   	 8.30670118
27/10/2010 	18.529261  	24.46200   	22.70212   	 8.70820481
28/10/2010 	18.018377  	25.24848   	21.65137   	 9.28105674
29/10/2010 	19.328466  	25.07475   	21.61237   	 9.54269807
30/10/2010 	18.257444  	25.93915   	23.31544   	10.22319843
31/10/2010 	19.789902  	26.29517   	22.68744   	10.21677597
01/11/2010 	19.328909  	25.93255   	22.60229   	10.22494876
02/11/2010 	22.557518  	25.68554   	24.04103   	10.50442823
03/11/2010 	22.362356  	26.63717   	25.40583   	10.91916607
04/11/2010 	22.695829  	26.55783   	24.78327   	11.11992129
05/11/2010 	21.732801  	26.97370   	24.41071   	11.50738748
06/11/2010 	22.061655  	26.90773   	24.30372   	11.39764623
07/11/2010 	23.425304  	26.21808   	24.62412   	10.78661197
08/11/2010 	18.264250  	25.71737   	23.08236   	 9.78896509
09/11/2010 	14.408008  	25.07301   	21.72969   	 8.95640810
10/11/2010 	16.338404  	24.36485   	20.86082   	 8.10315324
11/11/2010 	18.897755  	24.47919   	22.48788   	 8.18876357
12/11/2010 	18.781580  	28.00959   	23.38039   	 8.50240431
13/11/2010 	19.359381  	28.07710   	23.34013   	 8.73602857
14/11/2010 	19.961090  	26.63356   	23.42938   	 8.81889033
15/11/2010 	21.204468  	27.79326   	24.25507   	 8.75852275
16/11/2010 	19.454752  	26.74817   	23.25336   	 8.35863346
17/11/2010 	16.005178  	26.37062   	22.29002   	 7.89238127
18/11/2010 	17.260710  	26.28735   	23.17132   	 7.73560278
19/11/2010 	16.858208  	24.89726   	21.89310   	 7.50816158
20/11/2010 	16.873844  	24.51349   	21.38015   	 7.42215957
21/11/2010 	15.182201  	24.14474   	20.36955   	 7.10591498
22/11/2010 	14.248682  	23.23243   	19.18856   	 6.79779247
23/11/2010 	14.253308  	23.24770   	19.46733   	 6.49314521
24/11/2010 	14.981203  	23.55628   	19.52440   	 5.82384054
25/11/2010 	16.260641  	24.00092   	20.38583   	 5.36985455
26/11/2010 	14.849064  	24.12215   	20.17176   	 4.86572812
27/11/2010 	14.807792  	23.94824   	19.76992   	 4.63945207
28/11/2010 	13.312641  	23.38232   	19.33602   	 4.20603281
29/11/2010 	11.665520  	22.63686   	18.57595   	 3.44073447
30/11/2010 	12.581719  	22.36295   	18.28488   	 2.78064862
01/12/2010 	13.074628  	22.26669   	18.28976   	 1.45245003
02/12/2010 	16.123129  	23.82392   	21.16715   	 1.87412993
03/12/2010 	17.252884  	24.13948   	21.66172   	 1.80487856
04/12/2010 	19.695465  	25.07770   	23.70934   	 2.40724169
05/12/2010 	23.606678  	26.25241   	24.66193   	 2.74510537
06/12/2010 	23.663698  	26.26145   	24.56575   	 2.74291242
07/12/2010 	23.449106  	26.11538   	24.48313   	 2.39654803
08/12/2010 	22.505577  	25.76638   	23.99473   	 1.77569614
09/12/2010 	22.815182  	26.18749   	24.40321   	 1.66049632
10/12/2010 	22.590370  	26.14144   	24.86621   	 1.82657260
11/12/2010 	22.733004  	25.85898   	24.56429   	 2.65573205
12/12/2010 	22.896605  	30.05690   	27.35866   	 3.82462277
13/12/2010 	24.927969  	28.28938   	26.57576   	 3.21917855
14/12/2010 	20.355257  	27.94567   	24.68157   	 2.08024626
15/12/2010 	19.841501  	27.61608   	24.32053   	 1.84571542
16/12/2010 	19.992386  	27.43441   	24.07559   	 2.26283477
17/12/2010 	20.649351  	25.20105   	23.53119   	 2.01566351
18/12/2010 	19.985065  	25.34618   	23.02471   	 1.77803093
19/12/2010 	18.972523  	23.69419   	22.40542   	 1.03113838
20/12/2010 	16.358360  	24.61738   	22.13134   	 0.55668575
21/12/2010 	19.930634  	24.29072   	22.45999   	 0.34674182
22/12/2010 	17.056284  	23.83849   	21.30702   	-0.28168909
23/12/2010 	15.426063  	22.24709   	19.01911   	-0.36208834
24/12/2010 	15.675717  	27.20821   	21.80286   	-0.19468416
25/12/2010 	21.039213  	26.97111   	24.60166   	-0.47799819
26/12/2010 	20.799185  	26.19852   	23.82096   	-0.44196615
27/12/2010 	20.218689  	25.22428   	23.16702   	-0.09765191
28/12/2010 	19.543468  	24.33602   	21.66162   	-0.03760604
29/12/2010 	20.536352  	22.91978   	21.81560   	-0.05210327
30/12/2010 	19.070625  	22.35060   	21.21247   	-0.02394286
31/12/2010 	18.924149  	22.22996   	20.93000   	 0.23684813
01/01/2011 	19.283144  	23.13788   	21.39579   	 0.80010050
02/01/2011 	20.626995  	24.19101   	22.19197   	 0.99139763
03/01/2011 	20.449976  	24.49384   	22.49430   	 1.21342936
04/01/2011 	19.472483  	23.85361   	21.88970   	 1.21312616
05/01/2011 	19.705929  	23.22368   	21.68546   	 1.05424157
06/01/2011 	19.691301  	24.54381   	21.95589   	 1.28395371
07/01/2011 	19.927574  	24.34043   	21.61870   	 1.41152983
08/01/2011 	20.730833  	24.44385   	22.61926   	 2.13717488
09/01/2011 	20.242868  	24.84225   	22.46792   	 2.34192815
10/01/2011 	19.649660  	24.34527   	21.41501   	 2.15498571
11/01/2011 	20.161066  	25.28237   	22.59637   	 2.18436813
12/01/2011 	20.341017  	25.41941   	22.08676   	 2.26707992
13/01/2011 	18.806219  	24.93173   	22.34198   	 2.59328627
14/01/2011 	18.390953  	24.51336   	22.34050   	 3.05698127
15/01/2011 	15.903081  	25.55240   	22.58067   	 3.40548528
16/01/2011 	15.948380  	27.33676   	23.92963   	 3.84648864
17/01/2011 	17.410633  	27.25945   	23.33942   	 4.16156570
18/01/2011 	17.673187  	25.75623   	22.20046   	 4.25974976
19/01/2011 	18.738468  	24.68742   	21.91989   	 4.26817484
20/01/2011 	17.598881  	23.43877   	20.79759   	 3.93058998
21/01/2011 	13.039606  	22.37371   	18.17719   	 3.49707103
22/01/2011 	15.394779  	21.31315   	17.88461   	 3.65405910
23/01/2011 	12.967592  	20.93495   	17.41305   	 3.84110536
24/01/2011 	14.945079  	20.70364   	17.63605   	 4.18724724
25/01/2011 	14.123775  	20.70203   	17.26377   	 4.15087617
26/01/2011 	10.549952  	19.99844   	15.69647   	 3.81115391
27/01/2011 	 7.873991  	19.12299   	13.41440   	 2.86312157
28/01/2011 	 5.883149  	18.93934   	12.96469   	 2.01012731
29/01/2011 	 8.390578  	19.23232   	14.45686   	 1.90436015
30/01/2011 	 8.533148  	19.84740   	14.99744   	 1.83498887
31/01/2011 	 9.587605  	20.00479   	15.97464   	 1.82403714
01/02/2011 	10.200156  	21.47579   	16.64112   	 1.83344101
02/02/2011 	14.355676  	21.96069   	17.85389   	 2.20629170
03/02/2011 	16.783129  	23.35586   	19.70039   	 2.77036239
04/02/2011 	15.445780  	27.86771   	21.31261   	 3.33707563
05/02/2011 	18.155397  	29.29801   	25.50969   	 4.43641431
06/02/2011 	26.211582  	29.35698   	28.58974   	 5.04402768
07/02/2011 	26.804420  	29.05157   	28.64720   	 5.05949207
08/02/2011 	25.842075  	28.76348   	27.44727   	 5.11755824
09/02/2011 	22.628971  	27.63623   	26.01835   	 4.88358303
10/02/2011 	22.563044  	27.07452   	25.62054   	 4.92200252
11/02/2011 	22.084455  	26.81329   	24.59790   	 5.09621600
12/02/2011 	17.764898  	25.52963   	23.33799   	 4.76543238
13/02/2011 	17.992371  	25.81498   	23.76854   	 4.59665066
14/02/2011 	22.390455  	24.71696   	23.68483   	 4.64965844
15/02/2011 	22.324642  	24.45523   	23.25535   	 4.64803942
16/02/2011 	22.455458  	24.44414   	23.37986   	 4.63434076
17/02/2011 	20.760811  	24.52754   	23.02566   	 4.50064338
18/02/2011 	16.793760  	24.24036   	21.53187   	 3.95800628
19/02/2011 	16.620405  	23.42930   	20.83042   	 3.45876251
20/02/2011 	15.866657  	22.90574   	20.74716   	 2.87456857
21/02/2011 	16.510868  	23.23778   	21.17041   	 2.11115132
22/02/2011 	20.382008  	23.24317   	21.74460   	 1.50593464
23/02/2011 	20.916929  	23.24473   	22.09261   	 1.48529899
24/02/2011 	21.698376  	23.64973   	22.64971   	 1.73626667
25/02/2011 	21.906387  	23.74859   	22.61932   	 2.15292708
26/02/2011 	22.052275  	25.08586   	23.32426   	 2.58149630
27/02/2011 	22.067085  	24.79795   	23.25717   	 3.16570695
28/02/2011 	19.522285  	23.27066   	21.71262   	 3.30434017
01/03/2011 	17.180811  	22.79843   	20.58751   	 3.08713047
02/03/2011 	13.709912  	22.94659   	18.84363   	 2.81097684
03/03/2011 	12.988144  	22.58440   	18.28335   	 2.55288044
04/03/2011 	13.771329  	22.40051   	18.45314   	 2.28333702
05/03/2011 	14.336809  	22.64329   	19.09935   	 2.61172177
06/03/2011 	16.610191  	23.08935   	20.31576   	 2.80237806
07/03/2011 	15.815496  	22.89219   	20.15145   	 2.83140858
08/03/2011 	15.599700  	22.84719   	20.29743   	 2.91624712
09/03/2011 	20.013052  	23.89157   	22.52017   	 3.33646566
10/03/2011 	19.949560  	24.62961   	22.20569   	 3.72550733
11/03/2011 	19.009148  	24.63787   	21.82817   	 4.00332627
12/03/2011 	18.614384  	24.25365   	20.98177   	 4.15757657
13/03/2011 	18.897856  	24.89929   	21.92808   	 4.54756633
14/03/2011 	19.409693  	24.78638   	21.94393   	 4.99202290
15/03/2011 	17.513742  	24.78382   	21.75382   	 5.35128388
16/03/2011 	16.961329  	25.11508   	22.20311   	 5.40530492
17/03/2011 	16.605230  	25.31530   	22.41529   	 5.52447419
18/03/2011 	18.306072  	24.87615   	22.18120   	 5.64977932
19/03/2011 	18.501120  	24.35298   	21.68592   	 5.81058570
20/03/2011 	18.002361  	24.21895   	21.35448   	 5.99022661
21/03/2011 	18.163536  	24.25613   	21.69715   	 6.14506007
22/03/2011 	18.554457  	25.30790   	22.38062   	 6.41770760
23/03/2011 	20.590246  	25.48314   	23.01978   	 6.91016359
24/03/2011 	20.594942  	25.50972   	23.18940   	 7.28902022
25/03/2011 	20.771078  	25.49422   	23.30681   	 7.55354817
26/03/2011 	20.798054  	25.51698   	23.33153   	 7.54618803
27/03/2011 	19.649658  	25.87792   	23.19376   	 7.04797223
28/03/2011 	20.445873  	25.78742   	23.54935   	 6.96436707
29/03/2011 	21.182354  	25.93551   	23.91815   	 7.06508032
30/03/2011 	20.934675  	26.00943   	24.19609   	 7.21580659
31/03/2011 	22.068058  	25.86398   	25.02992   	 7.47799479
01/04/2011 	25.305510  	26.00771   	25.56775   	 7.72550888
02/04/2011 	25.226755  	26.49352   	25.57082   	 8.11330481
03/04/2011 	25.057741  	26.55416   	25.65982   	 8.69255039
04/04/2011 	25.173725  	26.79213   	25.86552   	 9.17491237
05/04/2011 	25.492937  	26.81155   	26.16093   	 8.70872436
06/04/2011 	26.294712  	26.80477   	26.47754   	 8.88447837
07/04/2011 	26.361946  	27.01226   	26.50457   	 9.40649857
08/04/2011 	26.243690  	26.92429   	26.41682   	 9.64529695
09/04/2011 	25.819876  	26.66408   	26.18505   	 9.98333647
10/04/2011 	25.834501  	27.19332   	26.23659   	10.32391570
11/04/2011 	25.928228  	27.24402   	26.50450   	10.78777460
12/04/2011 	26.344595  	27.45774   	26.86852   	10.65946118
13/04/2011 	26.094387  	28.61340   	27.17872   	10.22145585
14/04/2011 	26.045851  	28.33722   	27.05260   	10.33222963
15/04/2011 	25.930779  	28.06085   	27.24087   	10.35639205
16/04/2011 	25.492188  	28.12039   	27.08995   	10.67795177
17/04/2011 	26.712021  	28.56391   	27.64687   	11.17403358
18/04/2011 	27.178305  	28.60450   	27.85356   	11.52708542
19/04/2011 	25.025972  	28.38018   	27.14341   	11.96768836
20/04/2011 	24.770763  	28.37805   	26.96038   	12.58184030
21/04/2011 	25.496618  	28.53922   	27.17985   	13.03670144
22/04/2011 	25.055206  	28.72727   	27.09708   	13.55860047
23/04/2011 	25.256880  	28.84142   	27.16949   	13.98076423
24/04/2011 	25.441074  	28.82108   	27.30192   	14.48253566
25/04/2011 	25.684692  	28.85810   	27.22787   	14.89315832
26/04/2011 	25.872744  	29.04140   	27.58169   	14.48551627
27/04/2011 	26.187691  	29.52056   	28.07945   	12.80820562
28/04/2011 	27.635445  	29.64701   	28.72811   	12.41907833
29/04/2011 	26.650240  	30.33216   	28.93336   	12.68812517
30/04/2011 	26.529716  	30.12945   	28.47283   	12.56516524
01/05/2011 	26.527948  	29.91386   	28.30331   	12.12344495
02/05/2011 	27.254078  	29.95456   	28.48316   	11.38555014
03/05/2011 	27.807718  	30.30842   	29.20138   	10.59624936
04/05/2011 	28.643412  	30.69857   	30.00501   	10.83639544
05/05/2011 	29.714207  	31.23240   	30.56288   	11.01469656
06/05/2011 	30.148987  	31.32588   	30.74039   	11.52387502
07/05/2011 	29.833168  	31.23334   	30.72154   	12.29671566
08/05/2011 	29.372793  	31.19409   	30.44913   	12.89412049
09/05/2011 	29.277630  	31.15780   	30.28286   	13.58251595
10/05/2011 	29.335445  	31.32409   	30.33430   	14.09279309
11/05/2011 	29.550955  	31.31828   	30.51764   	14.66351708
12/05/2011 	29.825342  	31.25380   	30.67742   	15.22871000
13/05/2011 	30.092003  	31.40406   	30.95446   	15.22391997
14/05/2011 	30.762497  	31.47672   	31.10684   	15.05928620
15/05/2011 	30.906746  	31.68595   	31.25574   	14.75313836
16/05/2011 	30.913607  	31.81840   	31.25463   	14.55748812
17/05/2011 	30.780598  	31.31978   	31.10675   	14.53711480
18/05/2011 	30.675039  	31.46948   	31.10482   	14.70152128
19/05/2011 	30.633646  	31.53595   	31.14313   	14.99520789
20/05/2011 	30.803555  	32.07343   	31.44381   	15.28600085
21/05/2011 	30.890375  	32.43973   	31.66707   	15.70874945
22/05/2011 	30.958216  	32.45721   	31.64663   	16.09126810
23/05/2011 	30.869560  	31.82646   	31.27303   	15.90169094
24/05/2011 	30.639338  	31.21444   	30.94989   	15.68572849
25/05/2011 	30.606159  	30.97961   	30.83782   	15.62236714
26/05/2011 	30.659222  	31.21834   	30.87669   	15.85824104
27/05/2011 	30.364136  	30.75147   	30.60765   	15.41163747
28/05/2011 	30.270287  	30.71409   	30.46590   	15.07121499
29/05/2011 	30.275259  	30.44603   	30.35892   	14.90507768
30/05/2011 	30.318367  	30.41587   	30.35066   	15.03114454
31/05/2011 	30.301874  	30.43665   	30.35138   	15.54615257
01/06/2011 	30.294422  	30.47754   	30.40890   	15.75746999
02/06/2011 	30.327442  	30.52366   	30.44852   	16.35228151
03/06/2011 	30.317120  	30.65987   	30.55615   	17.08023816
04/06/2011 	30.381716  	30.77265   	30.68540   	17.29783829
05/06/2011 	30.621128  	31.52608   	31.02376   	16.68264012
06/06/2011 	30.859667  	31.62758   	31.25093   	16.57563444
07/06/2011 	30.914938  	31.67322   	31.35382   	16.83650015
08/06/2011 	30.822899  	31.64541   	31.28812   	17.19962410
09/06/2011 	30.672325  	31.42266   	31.07937   	17.10671616
10/06/2011 	30.626774  	31.36625   	31.05910   	17.12049286
11/06/2011 	30.505770  	31.38577   	31.01587   	17.02148215
12/06/2011 	30.166424  	31.18979   	30.82550   	16.94752101
13/06/2011 	30.106264  	31.28889   	30.56626   	16.88343366
14/06/2011 	30.092182  	30.75849   	30.49497   	17.18992619
15/06/2011 	30.133991  	30.79610   	30.55135   	17.85062516
16/06/2011 	30.168606  	30.80743   	30.50328   	17.89497177
17/06/2011 	30.204882  	30.78017   	30.55605   	17.50305263
18/06/2011 	28.844257  	30.66151   	30.09482   	17.30924833
19/06/2011 	29.610632  	30.14772   	29.85845   	16.88161341
20/06/2011 	29.652887  	30.06564   	29.85333   	16.91068669
21/06/2011 	29.660473  	30.05050   	29.87583   	17.39712024
22/06/2011 	29.585661  	29.96872   	29.79306   	17.12943419
23/06/2011 	28.813065  	29.94833   	29.52245   	17.06992360
24/06/2011 	28.556818  	29.72931   	29.15156   	17.06824271
25/06/2011 	27.661261  	29.86037   	28.93214   	17.10382422
26/06/2011 	27.809418  	29.74125   	28.83486   	17.73173765
27/06/2011 	27.595512  	29.85342   	28.61880   	18.65840697
28/06/2011 	26.799824  	29.73320   	28.61570   	19.33877027
29/06/2011 	26.634064  	29.75143   	28.53005   	19.74767506
30/06/2011 	28.378557  	29.57559   	29.10837   	19.19224509
01/07/2011 	27.824194  	29.56295   	29.05695   	18.85164022
02/07/2011 	26.967295  	29.66766   	28.93230   	17.82196752
03/07/2011 	26.408697  	29.41260   	28.54180   	17.02036103
04/07/2011 	26.687210  	30.17919   	28.45242   	16.87054304
05/07/2011 	25.513409  	28.85324   	27.65051   	17.28264530
06/07/2011 	24.911180  	28.76251   	27.81457   	17.86781478
07/07/2011 	25.360762  	28.47419   	27.74806   	18.01591782
08/07/2011 	24.504581  	28.42448   	27.46107   	18.31099645
09/07/2011 	26.572039  	28.30346   	27.70704   	18.48106853
10/07/2011 	27.393677  	28.08001   	27.69233   	18.50542661
11/07/2011 	27.203041  	28.12183   	27.62502   	19.00618784
12/07/2011 	24.577559  	28.38613   	27.49142   	19.17006505
13/07/2011 	21.692957  	28.35088   	26.49332   	17.52278660
14/07/2011 	25.786230  	28.95461   	27.56907   	17.23916725
15/07/2011 	26.433460  	30.73919   	28.35522   	17.45382102
16/07/2011 	24.858723  	28.38638   	26.86055   	17.67737436
17/07/2011 	22.804880  	27.14168   	25.90236   	17.65693088
18/07/2011 	19.255072  	27.41958   	25.66484   	17.53192774
19/07/2011 	20.661568  	28.26983   	24.83393   	17.46170207
20/07/2011 	21.092316  	27.43621   	24.18564   	17.91789075
21/07/2011 	22.071314  	27.23575   	24.20910   	18.29252350
22/07/2011 	22.883860  	26.43874   	24.78174   	17.87772890
23/07/2011 	21.771551  	25.82797   	24.46489   	16.88370800
24/07/2011 	22.687630  	24.67944   	23.33279   	16.35893677
25/07/2011 	21.468702  	26.52201   	24.39031   	16.00358687
26/07/2011 	21.260057  	24.89613   	23.50917   	16.27279361
27/07/2011 	22.072603  	24.28090   	23.20038   	16.86650352
28/07/2011 	20.930834  	24.31956   	23.18150   	17.67571918
29/07/2011 	20.897409  	25.97859   	24.17249   	17.67854532
30/07/2011 	23.740873  	26.58883   	25.61471   	17.08110678
31/07/2011 	23.969223  	26.28152   	25.46430   	16.79008925
01/08/2011 	20.167992  	26.12189   	23.93582   	16.99187469
02/08/2011 	19.597351  	25.81815   	23.35168   	17.53852542
03/08/2011 	19.781517  	25.77490   	23.38251   	18.17239738
04/08/2011 	20.688501  	25.82174   	23.71093   	18.82909906
05/08/2011 	21.222483  	25.71389   	24.06542   	19.32831387
06/08/2011 	20.768826  	25.93329   	23.65269   	19.71747243
07/08/2011 	21.970520  	25.81218   	24.92783   	19.35098592
08/08/2011 	22.057362  	25.73332   	24.92598   	18.75881680
09/08/2011 	23.346569  	25.41741   	24.69259   	17.70994858
10/08/2011 	22.950386  	25.85057   	24.57241   	16.67521902
11/08/2011 	20.094269  	25.22682   	23.88019   	16.92201817
12/08/2011 	20.124184  	25.42356   	22.39000   	17.33281763
13/08/2011 	20.820606  	25.08241   	22.81769   	17.89746352
14/08/2011 	19.738167  	25.24284   	22.87960   	18.27459788
15/08/2011 	19.692623  	25.33069   	22.77849   	18.60521583
16/08/2011 	20.955612  	25.51562   	23.28629   	18.57100828
17/08/2011 	21.339090  	24.86500   	23.06227   	18.49565967
18/08/2011 	21.731770  	25.21115   	23.55271   	18.07866784
19/08/2011 	18.844727  	25.68656   	23.09983   	17.94410340
20/08/2011 	19.480297  	25.40888   	22.58387   	17.95692503
21/08/2011 	17.958534  	25.00814   	21.92626   	18.24629672
22/08/2011 	18.260956  	24.33452   	21.65677   	18.50060689
23/08/2011 	19.299194  	25.08519   	21.89687   	18.41863561
24/08/2011 	19.946644  	24.82109   	22.69167   	18.74898009
25/08/2011 	20.386972  	24.47971   	22.65588   	18.78619726
26/08/2011 	18.220301  	24.86930   	22.33645   	18.88140587
27/08/2011 	21.569532  	25.04254   	23.42479   	18.63019073
28/08/2011 	21.961611  	25.38328   	23.68171   	18.22360571
29/08/2011 	22.263523  	25.80765   	23.73248   	17.60082555
30/08/2011 	22.260168  	24.31001   	23.51867   	16.43197556
31/08/2011 	22.238064  	25.38008   	23.96017   	16.07531959
01/09/2011 	22.586330  	26.05585   	24.59127   	15.55473586
02/09/2011 	20.031635  	25.94525   	23.57655   	15.69918181
03/09/2011 	18.563452  	25.33852   	22.88484   	16.22255172
04/09/2011 	18.742895  	25.23536   	22.74800   	16.85644082
05/09/2011 	21.357580  	25.19337   	24.18475   	16.90732388
06/09/2011 	19.676931  	26.67329   	24.65078   	16.88935181
07/09/2011 	22.550879  	28.73583   	26.54887   	16.64474976
08/09/2011 	23.202984  	28.94240   	26.37985   	16.13177949
09/09/2011 	22.895010  	28.59749   	25.38029   	16.15915730
10/09/2011 	22.780567  	28.00240   	25.01469   	16.56675188
11/09/2011 	22.272230  	27.58868   	25.29801   	16.88146595
12/09/2011 	21.812532  	27.71613   	25.67571   	16.88811473
13/09/2011 	19.810173  	28.13920   	25.78458   	16.61577117
14/09/2011 	20.755011  	28.53935   	25.22624   	15.97495542
15/09/2011 	23.102293  	27.04175   	24.65062   	15.41088057
16/09/2011 	22.683025  	26.59080   	24.95166   	14.87238485
17/09/2011 	20.409834  	26.38134   	24.64430   	15.08028525
18/09/2011 	22.134506  	25.75427   	23.99247   	15.09443452
19/09/2011 	21.743509  	25.57575   	23.32412   	14.93789691
20/09/2011 	21.061502  	25.83454   	23.79622   	15.22439790
21/09/2011 	19.979919  	26.34214   	24.03417   	15.47163252
22/09/2011 	21.639929  	26.42277   	24.41835   	15.29810711
23/09/2011 	21.505827  	25.87730   	23.27135   	14.93391828
24/09/2011 	20.650370  	25.62271   	22.91698   	15.00884914
25/09/2011 	20.890879  	25.97469   	23.42476   	15.10220704
26/09/2011 	21.805147  	25.82897   	23.80989   	15.39745293
27/09/2011 	21.060608  	26.06659   	23.72101   	15.71256085
28/09/2011 	21.974953  	25.96470   	24.19274   	16.02250111
29/09/2011 	19.757139  	25.57214   	23.21136   	16.44950722
30/09/2011 	18.330084  	25.28902   	22.66400   	16.75201873
01/10/2011 	17.987051  	25.11866   	22.11478   	17.04311526
02/10/2011 	17.606005  	24.84262   	21.78729   	17.32118626
03/10/2011 	17.813040  	24.73630   	22.28978   	17.40014327
04/10/2011 	21.108068  	24.66457   	23.02046   	17.23832758
05/10/2011 	21.552887  	24.26117   	22.79934   	16.92189062
06/10/2011 	18.988979  	26.03115   	24.12947   	16.56009698
07/10/2011 	21.363749  	26.47206   	23.76576   	15.23457328
08/10/2011 	21.797985  	28.64152   	25.20503   	13.31836772
09/10/2011 	22.993538  	27.17897   	25.22372   	12.47030665
10/10/2011 	22.889133  	26.30240   	24.85280   	13.26798071
11/10/2011 	21.283443  	26.01811   	24.43431   	13.60700663
12/10/2011 	22.061148  	25.10108   	23.31870   	13.43353715
13/10/2011 	22.674009  	25.51607   	23.96880   	13.05251424
14/10/2011 	19.061354  	25.78438   	23.68589   	12.60771799
15/10/2011 	16.114429  	24.87638   	22.00419   	12.15451860
16/10/2011 	17.973242  	23.87168   	22.03728   	11.82680357
17/10/2011 	20.285128  	23.44895   	21.82678   	11.94379381
18/10/2011 	19.830822  	24.49715   	22.52239   	12.34706575
19/10/2011 	19.842438  	23.90805   	21.32911   	11.50273756
20/10/2011 	20.210018  	24.31397   	22.16764   	10.53831100
21/10/2011 	18.297520  	23.77797   	21.99912   	10.13349779
22/10/2011 	19.557373  	24.11815   	21.93130   	10.39381454
23/10/2011 	20.887775  	24.65722   	22.69849   	10.45156127
24/10/2011 	21.072245  	24.65356   	22.84519   	10.00622880
25/10/2011 	21.503439  	24.33958   	23.62717   	 9.99246393
26/10/2011 	23.482700  	24.95312   	24.40820   	10.19979346
27/10/2011 	24.278528  	25.43705   	24.78535   	10.25939812
28/10/2011 	24.409781  	26.11956   	25.04843   	10.44435362
29/10/2011 	23.969763  	25.82817   	24.76448   	10.56696632
30/10/2011 	24.094650  	26.08233   	25.03093   	10.97046000
31/10/2011 	24.276724  	25.82369   	25.04603   	11.35225475
01/11/2011 	24.193928  	26.64976   	25.14823   	11.42174770
02/11/2011 	24.134912  	26.75950   	25.07912   	11.53256756
03/11/2011 	24.159849  	26.37015   	25.31020   	11.62707889
04/11/2011 	25.565971  	26.52925   	25.98619   	11.92299165
05/11/2011 	25.303074  	26.69355   	25.96031   	12.05874350
06/11/2011 	24.732838  	26.92755   	25.73957   	12.00470155
07/11/2011 	20.540644  	26.28888   	24.79650   	11.61727343
08/11/2011 	19.586475  	26.21894   	24.15026   	11.11842577
09/11/2011 	21.610489  	26.18623   	24.62929   	10.86847285
10/11/2011 	21.266571  	26.16483   	24.45168   	10.53952521
11/11/2011 	21.700689  	26.47541   	24.74990   	10.06576476
12/11/2011 	23.923267  	26.61074   	25.38199   	 9.52456848
13/11/2011 	24.274431  	26.76230   	25.38928   	 9.10530237
14/11/2011 	23.745211  	26.70032   	25.02382   	 7.96591519
15/11/2011 	21.182299  	26.77567   	24.62558   	 7.34389877
16/11/2011 	22.815317  	26.97222   	24.90703   	 7.05001746
17/11/2011 	23.478552  	27.06825   	25.62657   	 7.10136347
18/11/2011 	25.060078  	27.31325   	26.26500   	 7.66001470
19/11/2011 	25.390144  	27.71024   	26.48220   	 7.68799049
20/11/2011 	24.683489  	27.86268   	26.34550   	 7.41982095
21/11/2011 	23.985079  	28.08443   	26.15624   	 7.12703535
22/11/2011 	23.539545  	28.30315   	26.12566   	 6.95977505
23/11/2011 	23.542099  	28.15488   	25.94455   	 7.04982658
24/11/2011 	23.795473  	28.11870   	26.43416   	 7.54056472
25/11/2011 	25.379303  	28.84632   	27.33327   	 8.02134168
26/11/2011 	26.440590  	28.07879   	27.56925   	 8.05661084
27/11/2011 	25.604404  	29.47574   	27.90346   	 8.49661152
28/11/2011 	25.958611  	28.40742   	27.32316   	 8.18071488
29/11/2011 	25.312311  	29.64066   	27.30898   	 8.16703053
30/11/2011 	25.345209  	29.59791   	27.65067   	 8.15329969
01/12/2011 	24.569921  	26.79683   	25.75444   	 8.22572526
02/12/2011 	24.654793  	26.88997   	25.62722   	 8.03463698
03/12/2011 	24.361135  	26.49634   	25.88755   	 7.95469271
04/12/2011 	23.075008  	26.76046   	24.84965   	 7.66410283
05/12/2011 	23.977608  	25.29037   	24.72423   	 7.18487321
06/12/2011 	24.692516  	25.24700   	24.93180   	 6.66771475
07/12/2011 	24.776993  	25.82086   	25.26222   	 6.40255231
08/12/2011 	25.174517  	25.97194   	25.43655   	 6.25086070
09/12/2011 	25.747200  	27.29027   	26.43729   	 6.24342238
10/12/2011 	25.876242  	27.08325   	26.42372   	 5.85731682
11/12/2011 	25.024189  	27.22194   	26.37590   	 5.70924948
12/12/2011 	24.683462  	27.66759   	26.22221   	 5.87943205
13/12/2011 	21.384527  	28.15538   	26.74544   	 6.19472563
14/12/2011 	20.810125  	28.59879   	26.33335   	 6.21321501
15/12/2011 	24.788074  	28.97241   	27.62981   	 6.30384066
16/12/2011 	24.761034  	28.85042   	27.39214   	 5.96638955
17/12/2011 	24.711500  	28.40253   	26.34249   	 5.37213414
18/12/2011 	24.071434  	27.40027   	26.09287   	 4.87884184
19/12/2011 	18.147495  	27.49553   	24.47688   	 4.53011311
20/12/2011 	20.690317  	26.49229   	24.09625   	 4.67523419
21/12/2011 	20.658640  	25.36929   	23.13323   	 4.61788559
22/12/2011 	20.382517  	25.03580   	22.50086   	 4.95619922
23/12/2011 	18.202658  	23.86478   	21.75422   	 5.36007414
24/12/2011 	19.007959  	23.78017   	21.48243   	 5.42468687
25/12/2011 	15.393505  	22.78614   	20.05705   	 5.63859018
26/12/2011 	14.456709  	23.54218   	19.21107   	 6.08005878
27/12/2011 	14.847002  	23.60236   	18.53613   	 6.31678352
28/12/2011 	15.856037  	24.35051   	19.12064   	 6.24353143
29/12/2011 	13.670294  	24.34784   	21.14639   	 6.03513929
30/12/2011 	14.862891  	23.50850   	19.74708   	 5.62582985
