date	smin	smax	smean	tmean
01/01/2009 	18.7908363 	25.70931   	21.94790   	 2.09066906
02/01/2009 	10.5098734 	25.75197   	19.66741   	 2.01324113
03/01/2009 	11.0628834 	25.77103   	19.70650   	 1.94882651
04/01/2009 	11.0052443 	25.84216   	19.16366   	 2.06451151
05/01/2009 	 8.3741474 	25.45231   	18.08973   	 1.85386799
06/01/2009 	14.2525005 	24.78247   	20.55977   	 1.51576603
07/01/2009 	16.2285385 	25.20235   	21.24423   	 1.45306660
08/01/2009 	16.4501686 	24.99024   	21.09145   	 1.27769121
09/01/2009 	10.5751648 	25.45402   	21.36278   	 1.20953003
10/01/2009 	11.8679142 	25.48464   	21.27240   	 0.84056476
11/01/2009 	15.5705223 	27.84186   	24.04051   	 1.31002768
12/01/2009 	20.2326984 	31.54472   	27.75983   	 2.31753870
13/01/2009 	19.7252293 	31.22287   	29.01076   	 3.04978995
14/01/2009 	16.4320526 	31.02322   	26.29880   	 2.94973756
15/01/2009 	 8.2971697 	29.89110   	22.32136   	 2.42781405
16/01/2009 	 3.1029150 	28.43336   	21.24253   	 2.27005000
17/01/2009 	 9.7781610 	28.89074   	23.53846   	 2.40320087
18/01/2009 	18.5100079 	30.49917   	27.70270   	 2.94023117
19/01/2009 	22.1538467 	30.49791   	29.07419   	 2.85984820
20/01/2009 	28.1606388 	30.16598   	29.59277   	 2.82321679
21/01/2009 	26.9269753 	29.81110   	29.01834   	 2.60957766
22/01/2009 	20.8259106 	29.64180   	28.59776   	 2.31465975
23/01/2009 	26.9817848 	29.18610   	28.57528   	 2.66850122
24/01/2009 	27.2455597 	28.66215   	28.35606   	 2.87832409
25/01/2009 	15.7283316 	28.49299   	26.57688   	 2.76422775
26/01/2009 	 9.4299765 	28.76961   	25.24502   	 2.56365816
27/01/2009 	12.3373384 	27.57566   	22.88962   	 2.22886897
28/01/2009 	 9.3900728 	27.42351   	21.51721   	 1.89780621
29/01/2009 	 8.7356644 	26.33236   	20.97338   	 1.70928225
30/01/2009 	 7.4616375 	25.73289   	18.95687   	 1.37670849
31/01/2009 	 4.4978189 	25.49957   	18.83795   	 0.99745943
01/02/2009 	10.8435202 	25.60661   	21.61739   	 0.65025642
02/02/2009 	14.6684885 	26.33430   	23.06334   	 0.21369974
03/02/2009 	21.2258244 	26.67715   	24.21296   	 0.86816288
04/02/2009 	21.4488716 	27.35744   	24.52857   	 1.08432606
05/02/2009 	21.5081921 	27.75324   	25.10759   	 1.30746037
06/02/2009 	15.8220205 	28.07033   	24.12753   	 1.60078295
07/02/2009 	14.0339127 	27.98839   	23.65602   	 1.71788180
08/02/2009 	13.4051123 	27.58067   	22.44995   	 1.64707818
09/02/2009 	 9.6213245 	27.47513   	22.00370   	 1.65221311
10/02/2009 	10.5824127 	27.54766   	22.02710   	 1.75003931
11/02/2009 	17.9345474 	25.52015   	21.48670   	 1.84277316
12/02/2009 	11.2014484 	24.85637   	20.11375   	 1.95435266
13/02/2009 	 9.0856657 	24.49074   	18.49537   	 2.03594545
14/02/2009 	 5.5604320 	24.61000   	16.49619   	 1.84574266
15/02/2009 	 6.8822103 	24.73199   	18.57301   	 1.92604735
16/02/2009 	 6.4951434 	24.71711   	17.83887   	 2.34207706
17/02/2009 	10.0707083 	24.90858   	19.51515   	 2.81618572
18/02/2009 	16.9232903 	24.74662   	21.64903   	 2.76707958
19/02/2009 	19.4046307 	23.50152   	21.78911   	 2.72606545
20/02/2009 	 7.2289739 	23.18725   	19.00116   	 2.91413104
21/02/2009 	12.3333569 	24.96400   	20.66532   	 3.10373701
22/02/2009 	11.2023668 	25.32138   	20.48561   	 3.33075194
23/02/2009 	 7.8336053 	23.65628   	17.32108   	 3.78416957
24/02/2009 	 3.5725238 	22.99848   	15.70265   	 3.77674057
25/02/2009 	 3.2921913 	24.70550   	16.55489   	 3.83670031
26/02/2009 	 6.6759963 	25.70621   	19.34848   	 4.08951441
27/02/2009 	 4.6266747 	24.61546   	17.63403   	 4.58274695
28/02/2009 	 4.6720424 	24.86730   	16.51712   	 4.77328391
01/03/2009 	 6.6968627 	25.10902   	16.89844   	 4.66461270
02/03/2009 	 9.2211084 	24.20694   	17.80572   	 4.82189404
03/03/2009 	 7.9578295 	24.61854   	18.28339   	 4.82768294
04/03/2009 	 5.5161834 	25.75322   	21.33100   	 4.68996213
05/03/2009 	14.3017654 	27.30708   	22.92119   	 4.64956717
06/03/2009 	17.6451454 	24.18689   	20.84422   	 4.70448550
07/03/2009 	 9.5416250 	25.45609   	19.91512   	 4.58374160
08/03/2009 	16.8637772 	26.96965   	23.47528   	 4.82447424
09/03/2009 	15.6371031 	28.14386   	25.26713   	 4.72955239
10/03/2009 	12.6133604 	27.80552   	23.65208   	 4.77327313
11/03/2009 	10.4416676 	25.98149   	20.38407   	 4.88008432
12/03/2009 	 4.7902584 	26.43038   	18.70050   	 5.16224332
13/03/2009 	 7.0649633 	25.33796   	18.57701   	 5.39707803
14/03/2009 	 5.1516290 	24.48944   	17.06412   	 5.62457913
15/03/2009 	 6.4396806 	24.46833   	18.27226   	 5.79050622
16/03/2009 	 3.7234104 	23.05504   	15.08301   	 6.10949996
17/03/2009 	 3.0645006 	23.06023   	15.58391   	 6.28670908
18/03/2009 	 2.7351425 	21.49527   	15.10715   	 6.36576741
19/03/2009 	12.2694521 	22.15362   	18.64149   	 6.30656956
20/03/2009 	17.7377453 	23.50500   	20.87212   	 6.32809567
21/03/2009 	17.7565060 	24.67345   	22.04327   	 6.28530530
22/03/2009 	 8.9855881 	23.82350   	18.09938   	 6.32820455
23/03/2009 	 9.5403671 	24.81056   	20.39362   	 6.35373619
24/03/2009 	15.8623695 	24.15484   	20.39756   	 6.24636161
25/03/2009 	12.5579739 	24.92683   	19.73495   	 6.26615144
26/03/2009 	 7.2193456 	24.62766   	18.60744   	 6.27426314
27/03/2009 	11.9301729 	26.44258   	21.92561   	 6.16249250
28/03/2009 	 9.1365681 	27.22697   	21.31135   	 6.18275686
29/03/2009 	13.6282797 	25.29622   	20.24338   	 6.24956807
30/03/2009 	 6.2861381 	24.47440   	17.77052   	 6.27617644
31/03/2009 	 8.0968466 	24.45318   	18.24303   	 6.61075494
01/04/2009 	 7.5550165 	23.71040   	17.31401   	 7.06979258
02/04/2009 	11.8297806 	23.24012   	18.10166   	 7.38939566
03/04/2009 	14.8766718 	23.62521   	19.42021   	 7.76952503
04/04/2009 	16.0948849 	24.54947   	20.47881   	 8.00866540
05/04/2009 	14.2492514 	25.28843   	20.83319   	 8.09971151
06/04/2009 	10.4437037 	26.06433   	20.42829   	 8.34999053
07/04/2009 	 8.8618565 	25.96380   	20.14671   	 8.65786740
08/04/2009 	10.2858953 	26.58716   	21.51826   	 8.48937509
09/04/2009 	 9.2149410 	26.14666   	21.02336   	 8.46603877
10/04/2009 	 7.1377473 	27.17323   	19.86205   	 8.97520220
11/04/2009 	14.7919588 	25.92165   	21.20342   	 9.40864384
12/04/2009 	14.3263874 	25.51682   	21.16063   	 9.83282914
13/04/2009 	13.7515316 	24.86946   	20.61125   	10.16317995
14/04/2009 	12.4079323 	24.93634   	19.73147   	10.39441355
15/04/2009 	 9.6512156 	24.84785   	18.80333   	10.78966866
16/04/2009 	10.6688147 	25.28416   	19.55421   	11.07352201
17/04/2009 	11.3060083 	25.54312   	20.39868   	10.98280213
18/04/2009 	12.4218349 	25.59228   	21.14176   	10.61476062
19/04/2009 	17.9286175 	25.58898   	22.42048   	10.75833015
20/04/2009 	13.6103601 	25.93321   	22.46043   	11.00177689
21/04/2009 	12.3822041 	25.70168   	21.20485   	11.39710035
22/04/2009 	14.2211456 	26.51139   	21.44445   	11.46338636
23/04/2009 	12.0155458 	26.17717   	20.62023   	11.60790390
24/04/2009 	11.4372339 	26.03550   	20.65359   	11.83042083
25/04/2009 	10.5136271 	26.84530   	21.10241   	12.00432473
26/04/2009 	13.5614738 	25.85431   	21.32331   	12.26135570
27/04/2009 	13.3954210 	26.48962   	21.52444   	12.33177491
28/04/2009 	12.3205109 	26.66903   	21.35560   	12.18999525
29/04/2009 	12.1987772 	26.54209   	20.92867   	12.26900627
30/04/2009 	11.3206396 	26.31724   	20.11892   	12.63617863
01/05/2009 	 9.7307959 	26.30783   	19.72496   	13.18764089
02/05/2009 	12.4811707 	26.94158   	21.31039   	13.34979957
03/05/2009 	13.2731266 	26.54053   	21.64024   	13.25720882
04/05/2009 	10.4681063 	26.19588   	20.36240   	12.71818856
05/05/2009 	14.0346832 	27.15366   	23.40088   	12.33383010
06/05/2009 	16.9801712 	27.80213   	24.67176   	12.26200940
07/05/2009 	16.9913559 	28.05568   	24.87159   	12.33191941
08/05/2009 	16.0741005 	28.53824   	25.82867   	12.40993049
09/05/2009 	16.6926556 	28.67448   	26.03786   	12.30401611
10/05/2009 	14.6181679 	28.53789   	23.90985   	12.72149611
11/05/2009 	12.8829670 	26.70932   	21.56036   	12.85086586
12/05/2009 	19.8164368 	25.38057   	22.39052   	12.44341526
13/05/2009 	 7.6775122 	25.98064   	21.28560   	12.63311370
14/05/2009 	 9.3140316 	26.87358   	21.78391   	12.74430575
15/05/2009 	10.7464161 	27.85925   	22.41814   	12.78762499
16/05/2009 	16.4157772 	28.01021   	24.23575   	12.92354612
17/05/2009 	19.4291668 	29.17663   	25.48691   	13.13166916
18/05/2009 	20.4629974 	30.00625   	26.99959   	13.07896819
19/05/2009 	17.6081257 	29.75339   	27.13204   	13.20305469
20/05/2009 	18.1902332 	29.56835   	26.55492   	13.48274992
21/05/2009 	14.9430799 	29.08780   	25.35940   	13.90997050
22/05/2009 	14.5894651 	28.74164   	24.65294   	14.20470450
23/05/2009 	14.3614092 	28.10607   	23.63764   	14.73062418
24/05/2009 	13.2870646 	27.80919   	23.13364   	15.28984306
25/05/2009 	17.1259632 	27.25580   	22.98667   	15.82164546
26/05/2009 	16.4201527 	27.26431   	23.56366   	16.03451208
27/05/2009 	17.0173168 	27.97787   	24.38638   	15.40876257
28/05/2009 	13.3870754 	28.65193   	24.29918   	15.12967006
29/05/2009 	10.1183958 	27.81375   	20.41839   	15.67382147
30/05/2009 	 4.8922300 	26.82415   	19.18927   	15.94783503
31/05/2009 	10.8678761 	26.67994   	20.41624   	16.28452414
01/06/2009 	12.2561903 	26.31560   	21.08304   	16.79825350
02/06/2009 	16.4361591 	25.74743   	21.63602   	16.55272873
03/06/2009 	18.5894661 	25.14449   	21.88483   	15.58819550
04/06/2009 	19.5263977 	24.55230   	22.26628   	14.43818208
05/06/2009 	18.4475498 	25.30795   	22.21706   	13.93542121
06/06/2009 	15.5598612 	25.09462   	21.95272   	13.97626599
07/06/2009 	14.4358883 	26.52769   	22.57852   	14.35080967
08/06/2009 	14.1223955 	26.79099   	22.28482   	14.81687293
09/06/2009 	18.2346497 	27.80291   	23.91935   	15.24515873
10/06/2009 	19.4601116 	28.25730   	24.46741   	15.47627689
11/06/2009 	20.4102745 	28.06863   	24.50678   	15.67432719
12/06/2009 	20.4195709 	27.70937   	24.05048   	15.74707671
13/06/2009 	15.6544895 	27.53119   	23.16573   	15.89561329
14/06/2009 	13.0432472 	27.75462   	22.87530   	16.54166838
15/06/2009 	12.7632303 	27.57880   	22.54417   	17.07535915
16/06/2009 	17.5125256 	27.61136   	23.06788   	16.98009459
17/06/2009 	19.0714836 	27.21882   	23.18301   	17.07280036
18/06/2009 	21.2096844 	28.25172   	25.40989   	17.15149466
19/06/2009 	21.9163399 	28.40274   	25.85279   	17.06245987
20/06/2009 	22.0569859 	27.88945   	25.72121   	16.74589133
21/06/2009 	15.2927580 	27.37523   	24.63163   	16.47465404
22/06/2009 	17.4561291 	26.85715   	23.71857   	16.56898805
23/06/2009 	20.3583984 	26.86075   	23.72002   	17.05258548
24/06/2009 	22.2340374 	26.54411   	24.18111   	17.67313957
25/06/2009 	22.8960190 	27.50006   	24.65484   	17.89187992
26/06/2009 	23.4732456 	28.11360   	25.09954   	18.42589593
27/06/2009 	18.1088943 	28.54732   	24.16403   	19.03290149
28/06/2009 	15.6242828 	28.92033   	23.77022   	19.34340890
29/06/2009 	15.4386034 	28.76281   	23.56683   	19.94736012
30/06/2009 	19.9218121 	28.42093   	24.40710   	20.55802604
01/07/2009 	16.4502296 	28.22800   	23.63683   	20.82503521
02/07/2009 	19.5679379 	28.14221   	24.61792   	20.91398076
03/07/2009 	22.9677734 	28.31257   	25.70058   	21.07453008
04/07/2009 	22.8087006 	28.08481   	25.91977   	21.17718526
05/07/2009 	19.5662766 	28.55923   	25.35956   	21.54563320
06/07/2009 	18.7567844 	29.11153   	26.18399   	21.20846426
07/07/2009 	21.5636539 	29.76144   	27.62182   	20.27496791
08/07/2009 	20.5127811 	29.91484   	27.41937   	19.88560577
09/07/2009 	20.6017742 	29.53612   	26.47379   	18.76419234
10/07/2009 	20.1658783 	29.41723   	26.35307   	17.72645915
11/07/2009 	17.4805412 	28.47488   	25.07079   	17.34551670
12/07/2009 	13.0172729 	28.46203   	23.61134   	18.10377113
13/07/2009 	10.6425886 	28.64959   	24.11267   	18.86895148
14/07/2009 	12.8040876 	28.38278   	23.43629   	19.55008451
15/07/2009 	16.5009995 	28.20807   	24.33203   	20.04093719
16/07/2009 	14.6616201 	28.77488   	24.79900   	20.04382515
17/07/2009 	20.8270779 	28.71975   	26.03717   	20.20103955
18/07/2009 	25.0429058 	29.47559   	27.67599   	19.67160451
19/07/2009 	18.8555031 	29.44873   	27.16983   	19.28638454
20/07/2009 	18.9190636 	29.69344   	28.26608   	19.21216798
21/07/2009 	15.5484247 	29.70306   	26.43233   	19.12666043
22/07/2009 	14.6939564 	29.70200   	25.51330   	19.50942926
23/07/2009 	12.8139477 	29.53720   	24.70986   	19.54253217
24/07/2009 	13.2262516 	29.21474   	24.56586   	19.40665400
25/07/2009 	13.1423502 	29.05890   	24.40344   	19.32338556
26/07/2009 	10.7316723 	28.39529   	21.69859   	19.26075280
27/07/2009 	 8.7977161 	27.91234   	21.90720   	19.70546361
28/07/2009 	11.5218372 	27.69867   	21.89471   	19.80285887
29/07/2009 	 9.1816359 	26.94587   	21.45998   	19.95316446
30/07/2009 	18.8418293 	27.59664   	24.45551   	19.88702750
31/07/2009 	14.2642841 	27.16595   	22.90697   	19.04688907
01/08/2009 	20.0219860 	26.73619   	24.45969   	19.18877677
02/08/2009 	16.0980492 	27.29329   	23.32326   	19.35459526
03/08/2009 	13.3239040 	26.88165   	21.91367   	19.36843812
04/08/2009 	12.8167973 	26.35762   	21.63784   	19.58858232
05/08/2009 	11.7254944 	26.16639   	21.48855   	19.94731367
06/08/2009 	15.1294193 	26.39963   	21.87419   	20.54224416
07/08/2009 	16.9501915 	26.34350   	22.31390   	20.93666991
08/08/2009 	19.2020855 	26.13234   	22.50719   	20.93086704
09/08/2009 	17.2289772 	26.11648   	22.31672   	20.75904338
10/08/2009 	14.5307722 	25.97954   	21.51650   	20.73471498
11/08/2009 	14.2294493 	26.64000   	21.64855   	20.82456056
12/08/2009 	15.0736265 	26.85446   	21.60925   	20.67837155
13/08/2009 	12.8890018 	26.69974   	21.30626   	20.52493115
14/08/2009 	12.1501818 	26.52919   	21.07085   	20.50443089
15/08/2009 	16.9382534 	27.12331   	23.71059   	20.52695922
16/08/2009 	18.8641682 	27.85028   	24.83288   	20.52244655
17/08/2009 	16.9727230 	27.74834   	23.97681   	20.46958065
18/08/2009 	15.6405363 	27.67119   	23.37117   	20.19866419
19/08/2009 	13.9373388 	27.36861   	22.83034   	20.30524929
20/08/2009 	14.2934532 	27.59828   	23.33192   	20.57703050
21/08/2009 	17.2006416 	28.05085   	24.62069   	20.37957764
22/08/2009 	17.6913643 	28.00306   	24.20965   	20.05774899
23/08/2009 	19.2120323 	27.43725   	23.85108   	19.98557989
24/08/2009 	13.4202261 	27.31799   	22.53217   	20.14960074
25/08/2009 	16.9715347 	27.62350   	23.41324   	20.53819919
26/08/2009 	16.8082676 	27.64970   	23.71807   	20.09729258
27/08/2009 	16.2957764 	28.11023   	24.58343   	19.90205145
28/08/2009 	22.0916977 	29.07067   	27.03242   	19.64305154
29/08/2009 	25.4387608 	29.30386   	28.08376   	18.71387736
30/08/2009 	23.8837757 	29.28972   	28.04815   	17.61066866
31/08/2009 	24.8974323 	29.44626   	28.50681   	17.82136305
01/09/2009 	25.6961842 	29.97322   	29.11705   	18.58803089
02/09/2009 	20.5753231 	30.09568   	29.05384   	18.42364117
03/09/2009 	17.4246368 	30.06264   	28.80192   	18.32625175
04/09/2009 	28.2379494 	29.66228   	28.66528   	17.55371511
05/09/2009 	28.2572441 	28.55350   	28.40977   	16.78994544
06/09/2009 	23.9952793 	28.70154   	27.89809   	16.24621530
07/09/2009 	17.6279507 	28.82463   	25.97973   	16.33802205
08/09/2009 	17.0959358 	28.83232   	24.98574   	16.75724544
09/09/2009 	14.4527836 	28.80582   	24.75807   	17.14056500
10/09/2009 	16.3661861 	26.81678   	24.28887   	16.68825817
11/09/2009 	21.3307476 	26.21377   	24.69696   	16.08158418
12/09/2009 	20.4522629 	26.10915   	24.32213   	16.04120845
13/09/2009 	20.6340408 	26.24588   	24.62176   	15.91998829
14/09/2009 	24.0732479 	26.69272   	25.58424   	15.67385618
15/09/2009 	19.1084213 	26.23240   	24.68571   	15.70543712
16/09/2009 	21.3491516 	26.69734   	25.04883   	15.93075846
17/09/2009 	19.2599125 	27.13223   	25.31798   	15.64185633
18/09/2009 	20.9789181 	28.07898   	25.34438   	15.56072688
19/09/2009 	20.5808468 	28.18959   	25.37760   	15.78426896
20/09/2009 	22.5586929 	28.76452   	25.80572   	16.19386530
21/09/2009 	21.9616261 	28.63893   	25.93838   	16.20398180
22/09/2009 	22.3497639 	29.31853   	26.35288   	16.27432293
23/09/2009 	21.0694046 	29.36517   	26.29235   	16.37095698
24/09/2009 	20.9387608 	28.67665   	25.64970   	16.20351845
25/09/2009 	19.3392372 	28.70775   	25.06413   	16.07047218
26/09/2009 	20.1459751 	28.66062   	25.25909   	16.19641819
27/09/2009 	20.1696949 	28.70288   	25.80521   	16.36918722
28/09/2009 	21.8773651 	28.81156   	26.19988   	16.55752309
29/09/2009 	20.7587910 	29.00907   	26.09908   	16.48547741
30/09/2009 	17.9414253 	28.82450   	25.45378   	16.29759494
01/10/2009 	16.8053455 	29.55664   	24.47473   	15.88924785
02/10/2009 	13.9690218 	28.72281   	23.54016   	14.87703329
03/10/2009 	14.4949026 	29.97815   	26.23077   	15.09145739
04/10/2009 	26.8157063 	31.34815   	29.58799   	14.70858361
05/10/2009 	24.4939613 	29.60238   	28.39996   	13.48177767
06/10/2009 	16.8628349 	29.91107   	26.81803   	13.52483682
07/10/2009 	19.1527233 	30.81184   	27.61794   	14.41286484
08/10/2009 	16.8910141 	29.27829   	24.70769   	14.08529713
09/10/2009 	11.9450836 	28.10829   	22.28386   	13.40237463
10/10/2009 	 5.3025031 	28.26128   	23.06178   	13.41129853
11/10/2009 	12.4806309 	28.55887   	23.00392   	13.34566973
12/10/2009 	16.8465881 	28.63439   	22.87417   	12.37488008
13/10/2009 	18.1729240 	24.96499   	22.84369   	11.32793854
14/10/2009 	13.5672388 	27.25295   	21.76633   	11.40996981
15/10/2009 	10.0585775 	26.74925   	21.14854   	10.76909840
16/10/2009 	18.3061695 	27.79794   	23.99360   	10.85891652
17/10/2009 	20.7903461 	26.42109   	24.42565   	10.24547029
18/10/2009 	18.8225517 	28.54561   	24.51769   	10.12961286
19/10/2009 	15.8163939 	28.10650   	24.10978   	10.05634860
20/10/2009 	17.9842644 	27.81461   	24.57013   	 9.67562791
21/10/2009 	22.4174995 	28.07178   	26.02303   	 9.54611520
22/10/2009 	25.3990860 	29.27152   	27.30874   	 9.70889481
23/10/2009 	26.1295872 	30.09185   	27.87981   	10.09117230
24/10/2009 	26.3072033 	30.56685   	28.20500   	10.44844347
25/10/2009 	26.7681942 	31.60929   	29.44398   	11.47688786
26/10/2009 	28.9619331 	31.67858   	30.69567   	12.04999218
27/10/2009 	28.3275890 	31.61900   	30.14332   	11.99399461
28/10/2009 	26.6278381 	31.57116   	30.10490   	12.06514907
29/10/2009 	22.8761253 	31.90648   	28.81497   	12.04375535
30/10/2009 	16.6974220 	31.48817   	27.03286   	11.92863288
31/10/2009 	14.8275375 	30.78402   	26.99964   	11.69614253
01/11/2009 	19.6939716 	31.17265   	28.31668   	11.80850017
02/11/2009 	20.7286129 	31.22104   	28.87802   	11.87563622
03/11/2009 	18.3851776 	31.06123   	27.63817   	11.28591834
04/11/2009 	22.3409367 	31.47354   	29.51776   	11.22832829
05/11/2009 	21.2492485 	31.54933   	28.83286   	10.83836468
06/11/2009 	19.3745708 	31.54400   	28.00076   	10.58201677
07/11/2009 	21.1887283 	31.67504   	29.60984   	10.81843543
08/11/2009 	19.0577507 	31.57895   	27.48508   	10.21232110
09/11/2009 	16.6275654 	30.75062   	24.39981   	 9.64148154
10/11/2009 	17.1567020 	29.76056   	24.73741   	 9.74443859
11/11/2009 	18.0530682 	29.32964   	24.11341   	 9.59188932
12/11/2009 	15.2500458 	29.42450   	25.21335   	 9.46548094
13/11/2009 	14.6813707 	29.63020   	26.80457   	 9.91012766
14/11/2009 	20.5193043 	30.94138   	29.42994   	10.75701586
15/11/2009 	25.5401707 	31.25208   	30.06787   	10.90601313
16/11/2009 	20.6287365 	31.13405   	28.44219   	10.63924050
17/11/2009 	20.2984161 	30.43101   	28.74830   	10.54974256
18/11/2009 	24.1551418 	30.43885   	29.49985   	10.56092997
19/11/2009 	26.4772434 	30.43548   	29.79490   	10.99865746
20/11/2009 	21.7049675 	30.51611   	29.68451   	10.63697282
21/11/2009 	18.6091080 	30.49095   	27.96296   	10.59734172
22/11/2009 	16.5498047 	30.54728   	28.65713   	10.68379356
23/11/2009 	29.8241596 	30.80371   	30.40436   	10.54117697
24/11/2009 	29.4796066 	30.69210   	30.32405   	10.21680291
25/11/2009 	29.5696449 	30.52793   	30.26416   	10.46199254
26/11/2009 	29.0198154 	29.99361   	29.48950   	 9.88975032
27/11/2009 	28.8643513 	29.91473   	29.56270   	 9.52011969
28/11/2009 	28.6726456 	29.78154   	29.31045   	 9.24215111
29/11/2009 	27.0166912 	29.40770   	28.94199   	 9.21197619
30/11/2009 	20.5535259 	29.64590   	28.18769   	 8.98200623
01/12/2009 	13.9809504 	29.38719   	25.49384   	 8.10323224
02/12/2009 	 6.9836569 	28.71772   	23.11203   	 7.72977679
03/12/2009 	 8.9358931 	29.14293   	25.47164   	 7.98635197
04/12/2009 	14.1859598 	29.34756   	25.14766   	 8.03714982
05/12/2009 	16.6131897 	29.39414   	25.47348   	 7.90144980
06/12/2009 	14.6836729 	29.74446   	25.70054   	 8.27848240
07/12/2009 	17.7520084 	29.73190   	26.94348   	 8.59700029
08/12/2009 	16.6024895 	29.52110   	25.76704   	 8.46269464
09/12/2009 	14.7937841 	28.87915   	24.66971   	 8.07886135
10/12/2009 	17.9223576 	28.80310   	25.09097   	 8.32996688
11/12/2009 	13.0220118 	27.46352   	22.46965   	 8.16993377
12/12/2009 	 5.1278677 	26.07154   	18.53812   	 7.47967113
13/12/2009 	11.0027962 	25.07159   	20.06189   	 7.14492552
14/12/2009 	10.2697992 	25.03075   	19.76662   	 6.67474405
15/12/2009 	 7.1858344 	24.38432   	18.64185   	 5.93448631
16/12/2009 	 9.1447239 	25.43790   	19.85003   	 5.62293139
17/12/2009 	 7.4211593 	25.85641   	18.75283   	 5.27962151
18/12/2009 	 6.2157993 	24.53688   	18.52099   	 4.76763211
19/12/2009 	 5.4861708 	26.64485   	18.77368   	 4.14434742
20/12/2009 	14.5881577 	28.15241   	23.80379   	 4.43889046
21/12/2009 	 9.1611805 	27.79088   	22.18856   	 3.75271538
22/12/2009 	17.9767818 	29.16130   	24.75482   	 4.26303645
23/12/2009 	18.6391602 	29.65186   	25.03686   	 4.16275107
24/12/2009 	18.3507729 	29.67797   	26.67674   	 4.27608792
25/12/2009 	17.7099056 	29.05359   	23.97995   	 3.69188302
26/12/2009 	18.9310646 	28.60635   	25.02176   	 3.98634799
27/12/2009 	24.8519230 	29.61696   	28.61112   	 4.94581832
28/12/2009 	18.9775734 	30.14810   	27.45838   	 4.67346946
29/12/2009 	15.3873005 	29.18727   	25.75384   	 4.21912404
30/12/2009 	12.2725544 	28.51347   	23.76026   	 3.61896527
31/12/2009 	 9.3665190 	26.65344   	21.81401   	 2.82351425
01/01/2010 	 9.9315357 	25.60152   	21.57456   	 2.55949371
02/01/2010 	 9.5440378 	25.37020   	19.61521   	 2.21786124
03/01/2010 	 5.7554550 	26.57803   	18.79015   	 2.02991164
04/01/2010 	 8.7423954 	27.03847   	19.44271   	 2.00896190
05/01/2010 	 9.1806517 	26.47439   	19.44038   	 2.11349724
06/01/2010 	 8.4372921 	26.51638   	19.07286   	 2.09973346
07/01/2010 	 6.2562408 	27.12075   	18.56776   	 1.94288992
08/01/2010 	 9.7090311 	26.01901   	19.51018   	 1.88507733
09/01/2010 	 5.8779459 	24.61764   	19.11412   	 0.85339322
10/01/2010 	 9.3747950 	24.85469   	18.88137   	 1.07606473
11/01/2010 	12.0306978 	25.50061   	21.05481   	 1.68009813
12/01/2010 	10.3537674 	25.70788   	20.52411   	 1.58599886
13/01/2010 	 7.6774020 	26.58228   	21.97871   	 1.63070554
14/01/2010 	13.4787102 	27.15426   	22.43611   	 1.66047380
15/01/2010 	12.6323395 	26.23214   	21.30775   	 1.25949403
16/01/2010 	10.1998911 	25.78671   	20.40607   	 1.22814308
17/01/2010 	 9.0329962 	29.27229   	23.67261   	 1.92912041
18/01/2010 	15.4626856 	27.80613   	22.27668   	 1.77303337
19/01/2010 	11.8936901 	26.05285   	21.15442   	 1.89629385
20/01/2010 	 3.8382776 	26.12913   	18.02700   	 1.65194638
21/01/2010 	 7.0192680 	25.90359   	20.06323   	 1.68165552
22/01/2010 	 1.6700205 	24.73952   	17.20014   	 1.33571211
23/01/2010 	 8.1523533 	25.00280   	20.69923   	 1.66750588
24/01/2010 	12.8303547 	25.57703   	20.82074   	 1.49690758
25/01/2010 	13.9326763 	25.33046   	21.35980   	 1.29068788
26/01/2010 	15.8030729 	25.62794   	22.47633   	 0.56876651
27/01/2010 	20.6224766 	26.00137   	23.78876   	 0.96035158
28/01/2010 	18.2935810 	26.14440   	22.75503   	 1.16362853
29/01/2010 	12.9842386 	26.30162   	21.38369   	 1.13042805
30/01/2010 	16.0022717 	25.73867   	20.67177   	 0.94924759
31/01/2010 	12.7823639 	26.06306   	20.07816   	 0.89487749
01/02/2010 	10.5909271 	25.78822   	19.45541   	 1.00023494
02/02/2010 	 9.1074371 	27.14282   	19.87614   	 1.20546266
03/02/2010 	 9.8645287 	25.81767   	19.79594   	 1.41661860
04/02/2010 	 6.5375872 	25.45194   	17.50309   	 1.37462849
05/02/2010 	 3.8242640 	24.45710   	17.38005   	 1.57104315
06/02/2010 	 8.9932394 	24.94522   	18.80291   	 1.78661164
07/02/2010 	 5.7889485 	23.71418   	19.02852   	 1.80943234
08/02/2010 	16.8287601 	25.40387   	21.97883   	 1.88657978
09/02/2010 	18.2650185 	25.94828   	23.36934   	 1.71351317
10/02/2010 	10.3623762 	25.57349   	20.19455   	 0.82769205
11/02/2010 	11.8811893 	25.44739   	20.03029   	 0.48077511
12/02/2010 	 5.4875321 	23.98355   	17.92139   	 0.37473245
13/02/2010 	 3.9366159 	24.58290   	17.05559   	 0.35640225
14/02/2010 	 4.7575068 	25.19027   	17.25809   	 0.38454406
15/02/2010 	 5.2765498 	24.70387   	17.49307   	 0.33835129
16/02/2010 	 3.1817050 	27.16188   	18.24639   	 0.41574263
17/02/2010 	 6.4734907 	27.49969   	20.27950   	 0.73866617
18/02/2010 	 9.8040133 	27.97661   	20.68716   	 0.88026389
19/02/2010 	13.2172604 	28.73465   	23.28078   	 1.49198281
20/02/2010 	15.7095985 	28.47934   	24.55454   	 1.61847837
21/02/2010 	 9.7884703 	28.31392   	22.72712   	 1.42251840
22/02/2010 	15.7915945 	28.29084   	24.76644   	 1.70474556
23/02/2010 	16.0799198 	27.33711   	22.58881   	 1.64866413
24/02/2010 	21.3785439 	27.20943   	24.66452   	 1.76627887
25/02/2010 	15.4977274 	26.84916   	23.79971   	 2.07907844
26/02/2010 	16.8754482 	29.36041   	24.80230   	 2.43182861
27/02/2010 	21.4503498 	30.50486   	27.71022   	 2.74498185
28/02/2010 	16.1359444 	29.95091   	25.55658   	 2.95633171
01/03/2010 	15.0959406 	28.16612   	23.61442   	 3.13586025
02/03/2010 	11.8216696 	27.63965   	21.58005   	 3.05329000
03/03/2010 	 9.3760014 	26.03392   	19.31827   	 2.93351237
04/03/2010 	 5.8674550 	24.88051   	18.00305   	 2.95230282
05/03/2010 	 4.3633556 	24.12422   	16.59521   	 2.83898388
06/03/2010 	 4.7288566 	23.90843   	16.10026   	 2.67719854
07/03/2010 	 2.1419182 	23.34947   	15.44591   	 2.25118548
08/03/2010 	12.2252417 	22.42649   	18.20440   	 2.53088065
09/03/2010 	17.6468773 	23.66439   	20.98627   	 2.71186870
10/03/2010 	16.3418236 	24.32354   	21.40172   	 2.71750258
11/03/2010 	14.6802511 	26.13255   	22.50090   	 2.74979671
12/03/2010 	 9.0799999 	25.34499   	19.88590   	 2.72899345
13/03/2010 	 5.9336033 	24.66131   	17.46432   	 2.89850709
14/03/2010 	 5.1605382 	24.80948   	16.95528   	 3.23455824
15/03/2010 	 2.5429933 	24.14047   	15.73475   	 3.66684129
16/03/2010 	 3.4456062 	23.91525   	16.26466   	 3.87593220
17/03/2010 	 5.4253316 	24.84293   	16.99241   	 4.01532115
18/03/2010 	 7.5157104 	26.41117   	18.48904   	 4.31479354
19/03/2010 	10.1098375 	28.01499   	20.34620   	 4.83462544
20/03/2010 	12.7976971 	28.40257   	22.85120   	 5.28142295
21/03/2010 	12.0966759 	27.06040   	21.40202   	 6.05496194
22/03/2010 	 9.2648335 	26.26934   	19.70257   	 6.19487390
23/03/2010 	13.1472025 	26.89608   	21.85549   	 6.20871816
24/03/2010 	13.3096685 	26.43911   	21.69130   	 6.39354979
25/03/2010 	16.5948963 	26.63768   	22.63178   	 6.72656575
26/03/2010 	18.2110920 	26.57065   	23.23340   	 7.04050833
27/03/2010 	16.5675640 	27.59511   	24.03028   	 6.95404910
28/03/2010 	11.5322027 	27.43777   	23.25462   	 6.98861670
29/03/2010 	11.7211437 	27.06019   	22.26221   	 7.14553187
30/03/2010 	14.3632431 	27.75961   	22.36677   	 7.36723330
31/03/2010 	17.6335583 	29.75174   	25.84386   	 6.78274358
01/04/2010 	22.9098740 	30.15533   	27.66834   	 6.23404919
02/04/2010 	22.5076656 	30.12669   	27.87187   	 6.14465970
03/04/2010 	17.7950001 	29.98451   	26.82393   	 6.57335184
04/04/2010 	16.0733776 	29.84054   	25.59104   	 7.03492063
05/04/2010 	20.4265289 	29.13663   	25.36903   	 7.15702818
06/04/2010 	21.0236969 	28.71343   	25.94909   	 7.45606621
07/04/2010 	22.1252289 	28.50357   	26.30503   	 7.93779835
08/04/2010 	23.0839386 	28.07747   	25.80690   	 8.44811372
09/04/2010 	23.2916050 	27.74701   	25.62248   	 8.98469386
10/04/2010 	23.3457928 	27.33727   	25.20960   	 9.29205938
11/04/2010 	10.3694420 	26.19878   	22.56228   	 9.19269822
12/04/2010 	19.8775845 	25.60482   	22.72832   	 8.90982451
13/04/2010 	20.5515079 	25.43189   	22.35438   	 8.88659344
14/04/2010 	20.1202984 	25.45897   	22.25703   	 8.85018120
15/04/2010 	19.4105034 	25.47584   	22.05528   	 8.99250664
16/04/2010 	19.0095272 	25.36595   	21.64137   	 9.07397397
17/04/2010 	14.2550507 	25.74752   	21.74370   	 9.27242943
18/04/2010 	11.4262705 	25.98176   	20.80590   	 9.66154605
19/04/2010 	14.5831547 	26.20555   	21.03886   	 9.80306458
20/04/2010 	17.5034447 	26.91593   	22.84205   	 9.63303814
21/04/2010 	18.9745598 	26.55553   	22.37716   	 9.26233830
22/04/2010 	18.8916969 	26.38506   	22.13481   	 8.80308977
23/04/2010 	19.5600014 	26.86680   	22.99766   	 9.02286715
24/04/2010 	14.2236624 	26.82611   	22.38550   	 9.52100515
25/04/2010 	11.9158630 	27.43400   	22.20063   	 9.84332194
26/04/2010 	16.5707741 	27.62013   	22.91633   	10.14142835
27/04/2010 	18.1678352 	27.07011   	23.23261   	10.68748625
28/04/2010 	19.3449707 	27.33386   	23.73358   	11.15000196
29/04/2010 	20.2773094 	27.84329   	24.46000   	11.46234930
30/04/2010 	20.4880314 	27.99269   	24.81148   	11.79874478
01/05/2010 	19.8366108 	28.23222   	24.70576   	11.82317603
02/05/2010 	20.8511124 	27.71276   	24.03442   	11.88173749
03/05/2010 	23.7881641 	26.09309   	24.93106   	10.22286634
04/05/2010 	23.4874573 	26.18080   	24.73781   	 9.86654741
05/05/2010 	23.5420895 	26.47800   	24.73018   	10.35211875
06/05/2010 	19.2973404 	26.34969   	23.28356   	10.28101071
07/05/2010 	19.5738182 	26.65979   	22.82682   	 9.92649305
08/05/2010 	13.8770094 	27.50091   	23.15041   	10.14777203
09/05/2010 	10.8014975 	27.78411   	21.76505   	10.30599479
10/05/2010 	14.5120564 	27.91673   	22.50197   	10.37590756
11/05/2010 	17.9912148 	27.22211   	23.08351   	10.31445229
12/05/2010 	17.2355461 	25.23546   	23.50577   	 9.62998225
13/05/2010 	 7.6166034 	26.38574   	21.50168   	 9.44117963
14/05/2010 	 9.5620880 	26.65973   	20.50764   	 9.71951681
15/05/2010 	11.7841873 	26.68505   	21.26925   	10.19007343
16/05/2010 	12.4339876 	26.94542   	21.50386   	10.45243774
17/05/2010 	13.7511654 	27.20048   	21.90127   	10.72890755
18/05/2010 	17.1825027 	27.20902   	22.30881   	11.29914238
19/05/2010 	19.2996578 	27.12480   	22.98057   	11.88896996
20/05/2010 	19.8690968 	27.54748   	23.62184   	12.50329302
21/05/2010 	20.6354008 	27.73521   	24.17710   	13.28416224
22/05/2010 	22.0579014 	27.71148   	24.31584   	13.87362291
23/05/2010 	15.4809685 	27.91536   	22.84735   	14.42467682
24/05/2010 	15.2039156 	28.38224   	23.70314   	14.75999687
25/05/2010 	16.1527233 	27.68859   	23.29015   	14.93893067
26/05/2010 	19.1288681 	27.50734   	23.63308   	14.65626778
27/05/2010 	21.2336864 	27.37930   	24.40928   	14.17425066
28/05/2010 	21.4531822 	27.58354   	24.76895   	14.33604248
29/05/2010 	21.5586090 	28.23973   	25.07238   	14.33566721
30/05/2010 	17.8674183 	28.93849   	25.26367   	14.32432363
31/05/2010 	21.5693321 	29.40657   	24.95155   	14.32549862
01/06/2010 	15.7959814 	28.34923   	23.96727   	14.66968624
02/06/2010 	14.4946671 	28.04076   	23.38941   	15.23145010
03/06/2010 	14.3618879 	28.19958   	23.17133   	15.71024132
04/06/2010 	13.0148592 	28.10002   	22.65533   	16.19492962
05/06/2010 	16.6687641 	27.88629   	23.49208   	16.70242945
06/06/2010 	17.0035973 	28.25252   	24.48202   	16.98131754
07/06/2010 	17.2882748 	28.65278   	24.68064   	16.78876265
08/06/2010 	16.5374508 	28.98251   	24.77217   	16.73102341
09/06/2010 	16.8915558 	28.89426   	24.66017   	16.86351089
10/06/2010 	16.3591366 	28.38993   	23.84342   	17.16640381
11/06/2010 	18.2747231 	28.13266   	24.05789   	17.38077855
12/06/2010 	17.6615486 	28.28663   	24.26411   	17.27476013
13/06/2010 	19.6800938 	27.35285   	23.78971   	17.17253395
14/06/2010 	15.6524448 	27.75220   	22.74018   	17.41731938
15/06/2010 	16.4828434 	26.91410   	22.56178   	17.06261106
16/06/2010 	19.4630623 	26.64859   	22.90849   	16.45386026
17/06/2010 	21.5024281 	27.08058   	23.56929   	16.46152012
18/06/2010 	21.9144115 	27.20716   	23.68488   	16.20196525
19/06/2010 	22.4887981 	27.04600   	24.64785   	15.02253673
20/06/2010 	22.9627285 	27.03813   	25.58337   	13.99817377
21/06/2010 	19.1447487 	27.99043   	24.59567   	14.35671937
22/06/2010 	14.8748856 	28.19881   	23.63411   	15.09731231
23/06/2010 	13.8777971 	28.15508   	24.23367   	15.83994120
24/06/2010 	16.5149174 	27.87392   	24.83738   	16.64510701
25/06/2010 	17.2189350 	28.16502   	24.72639   	17.11170403
26/06/2010 	16.7753906 	28.31944   	23.88839   	17.83975518
27/06/2010 	12.4330654 	28.58220   	23.63116   	18.22548489
28/06/2010 	19.6941948 	28.78539   	25.05612   	19.10652892
29/06/2010 	21.7289658 	28.86969   	25.82160   	19.59778929
30/06/2010 	18.9998970 	28.86169   	25.26863   	19.80880821
01/07/2010 	22.4063644 	28.94140   	26.11542   	20.07678533
02/07/2010 	20.4143353 	29.23217   	26.20271   	20.59831436
03/07/2010 	22.2764091 	29.28024   	26.43041   	21.13604772
04/07/2010 	23.8416386 	28.94513   	26.78255   	21.39195693
05/07/2010 	24.0646343 	29.56116   	27.28138   	21.41705195
06/07/2010 	24.9356976 	28.80113   	27.18584   	21.26718243
07/07/2010 	24.9016933 	28.97841   	27.44896   	20.65662992
08/07/2010 	25.2385693 	29.35532   	27.92761   	20.25166790
09/07/2010 	25.8823566 	28.97339   	27.97052   	20.43591102
10/07/2010 	26.5982189 	29.01995   	28.03838   	21.21726096
11/07/2010 	27.0487976 	28.96655   	28.15319   	22.14316122
12/07/2010 	27.1727028 	29.34124   	28.39699   	22.29526786
13/07/2010 	27.1947594 	29.51752   	28.46378   	21.83811367
14/07/2010 	22.1993542 	29.42936   	26.93671   	22.07943277
15/07/2010 	15.8886480 	29.92778   	26.81930   	21.52749495
16/07/2010 	11.6576185 	30.33231   	26.57860   	20.49594168
17/07/2010 	13.3805962 	30.70406   	27.76513   	20.25107725
18/07/2010 	21.4503632 	30.57633   	28.14168   	20.04195948
19/07/2010 	21.8509483 	30.35289   	27.73862   	20.10741381
20/07/2010 	23.5145855 	30.33500   	27.67999   	20.60394657
21/07/2010 	24.8905735 	30.06367   	28.02722   	20.82575838
22/07/2010 	25.1765308 	29.86766   	28.36757   	20.73438783
23/07/2010 	25.8323860 	29.77612   	28.34488   	20.76430130
24/07/2010 	26.8817883 	29.70540   	28.26495   	20.58822862
25/07/2010 	27.3432884 	29.39208   	28.39708   	20.46001299
26/07/2010 	27.4805088 	29.42013   	28.31105   	20.43389090
27/07/2010 	27.7076702 	29.20223   	28.26328   	20.46329919
28/07/2010 	24.0620937 	29.23175   	27.54359   	20.67090261
29/07/2010 	21.9814796 	29.09076   	26.93085   	20.52938243
30/07/2010 	21.4796906 	29.14866   	26.25064   	20.21676819
31/07/2010 	21.6165161 	29.33148   	26.56239   	20.13332069
01/08/2010 	17.4599247 	29.19720   	26.11815   	20.32681251
02/08/2010 	17.1096344 	29.06204   	25.61719   	20.60980376
03/08/2010 	17.8383827 	29.02157   	25.43922   	20.70481586
04/08/2010 	22.3619156 	29.40311   	26.90914   	20.68198415
05/08/2010 	19.3963604 	29.11600   	26.53715   	20.28302578
06/08/2010 	19.3870411 	28.79272   	25.98707   	19.98391418
07/08/2010 	18.2614689 	28.71732   	26.03199   	19.82412656
08/08/2010 	18.3160152 	28.97490   	25.68255   	19.80725400
09/08/2010 	17.6437035 	28.15786   	24.57361   	19.71802394
10/08/2010 	15.6960678 	28.85499   	24.89261   	19.91554749
11/08/2010 	17.8794060 	28.95311   	25.45809   	19.90575147
12/08/2010 	15.3709888 	28.73386   	23.90984   	19.91460216
13/08/2010 	13.1465111 	28.80568   	23.67334   	19.65365561
14/08/2010 	17.8630581 	28.28183   	23.56981   	19.90022902
15/08/2010 	19.8993073 	26.77315   	23.65601   	19.52166227
16/08/2010 	18.2070999 	27.12826   	23.48416   	19.18343472
17/08/2010 	16.1997185 	26.53877   	22.76608   	19.49182228
18/08/2010 	14.9167747 	27.17340   	23.28029   	19.31553165
19/08/2010 	18.7107239 	27.44578   	24.21791   	19.12889202
20/08/2010 	21.2497425 	27.68836   	25.47923   	19.16369311
21/08/2010 	22.6591682 	28.57544   	26.42321   	19.27935954
22/08/2010 	13.8837500 	29.43842   	25.68493   	19.51351980
23/08/2010 	13.1983604 	28.79645   	26.29122   	19.63769662
24/08/2010 	23.9931793 	29.53059   	27.86016   	19.08991865
25/08/2010 	22.4369488 	29.45687   	27.94293   	18.06768477
26/08/2010 	16.2752972 	29.07494   	24.05433   	17.44358031
27/08/2010 	12.5058594 	26.75472   	20.80472   	17.18686744
28/08/2010 	13.5793095 	25.93183   	21.08245   	17.01086044
29/08/2010 	10.9765577 	25.72357   	20.80354   	16.80359179
30/08/2010 	15.1523523 	23.99889   	20.34224   	15.91995925
31/08/2010 	 4.9409208 	24.96218   	18.22866   	15.95879485
01/09/2010 	 3.3471110 	24.54495   	17.85321   	16.05869607
02/09/2010 	12.1609840 	23.61917   	18.64438   	16.15335069
03/09/2010 	14.2434778 	22.65930   	19.09378   	16.36336243
04/09/2010 	13.1807957 	22.85404   	19.25932   	16.61164602
05/09/2010 	 2.3813708 	22.99936   	18.27396   	16.59530199
06/09/2010 	 3.2165084 	22.80942   	17.53686   	16.40244965
07/09/2010 	 7.6234426 	25.10281   	19.40564   	15.93681802
08/09/2010 	 7.9193869 	26.43856   	20.57610   	15.77266274
09/09/2010 	15.7363605 	27.77212   	21.58167   	16.22041551
10/09/2010 	12.5393162 	26.84943   	20.23055   	16.41294038
11/09/2010 	 9.8873739 	26.92132   	21.17017   	16.80007054
12/09/2010 	10.2257462 	27.11203   	21.12650   	17.15223499
13/09/2010 	 9.1620436 	25.69621   	19.65124   	16.84405096
14/09/2010 	16.1118965 	27.71742   	24.05442   	17.15534190
15/09/2010 	22.7018738 	28.48758   	26.50779   	16.67918048
16/09/2010 	25.5191879 	28.52360   	27.44476   	15.60747399
17/09/2010 	24.7057877 	28.17038   	27.01900   	14.63929290
18/09/2010 	18.1620312 	27.33598   	24.48199   	13.57323883
19/09/2010 	20.0674324 	25.75061   	23.99830   	13.51319657
20/09/2010 	15.2409544 	26.83370   	24.30721   	14.19669016
21/09/2010 	11.0620451 	27.30795   	22.34838   	14.63429004
22/09/2010 	 6.2188559 	25.73295   	19.75430   	15.05985983
23/09/2010 	 6.0042768 	25.54489   	19.19099   	15.37995994
24/09/2010 	 8.1950607 	25.49661   	19.46947   	15.61634570
25/09/2010 	15.2992439 	24.24709   	19.49916   	14.94578207
26/09/2010 	12.8520327 	24.03916   	18.94262   	14.41649578
27/09/2010 	 8.4835005 	23.35452   	17.27724   	14.52031708
28/09/2010 	 6.5739145 	23.67219   	16.45404   	14.74238525
29/09/2010 	 4.3398938 	23.37208   	15.83199   	14.50055679
30/09/2010 	 2.5510962 	23.83407   	17.85731   	14.29052164
01/10/2010 	 9.3731241 	23.81591   	19.28458   	14.47421662
02/10/2010 	16.8860226 	25.95716   	22.65463   	14.84384060
03/10/2010 	20.0161057 	27.14139   	24.55518   	15.35116098
04/10/2010 	18.6306381 	27.26781   	23.95006   	15.63716014
05/10/2010 	12.8819885 	26.74380   	22.21202   	15.71374575
06/10/2010 	12.5993023 	27.21478   	23.03025   	15.78526505
07/10/2010 	13.0978880 	27.07334   	21.37932   	15.67207603
08/10/2010 	10.9306669 	25.96253   	20.25448   	15.67351439
09/10/2010 	10.2034397 	24.68911   	19.37873   	15.35699930
10/10/2010 	 8.0581150 	25.47060   	19.70837   	14.77018776
11/10/2010 	10.7634783 	24.11320   	19.46798   	14.00281799
12/10/2010 	11.2353849 	23.53266   	18.87487   	13.59225247
13/10/2010 	10.9890785 	24.06055   	18.15828   	13.39409679
14/10/2010 	11.4056435 	24.01139   	18.75174   	13.29623107
15/10/2010 	14.9743547 	23.89574   	18.95979   	13.12756590
16/10/2010 	17.3024693 	23.64915   	19.39523   	12.18302884
17/10/2010 	18.3814087 	23.40714   	21.46076   	12.22822873
18/10/2010 	18.7700024 	25.12164   	22.40784   	12.25105681
19/10/2010 	14.8810472 	27.52519   	22.95314   	12.13587197
20/10/2010 	18.7074242 	27.24161   	21.85946   	10.88927170
21/10/2010 	16.8220825 	25.28966   	21.76054   	10.23579923
22/10/2010 	18.7280903 	26.42830   	23.49441   	10.56744858
23/10/2010 	14.7145090 	28.37250   	24.76896   	10.92412748
24/10/2010 	16.5445232 	28.19597   	24.78097   	10.24163018
25/10/2010 	14.6625404 	25.17317   	20.76519   	 8.91030027
26/10/2010 	 7.8211308 	24.96875   	19.21918   	 8.71507609
27/10/2010 	14.0032663 	27.98298   	23.53289   	 9.59253895
28/10/2010 	15.4383211 	28.76443   	24.90282   	10.46285413
29/10/2010 	 5.3109560 	28.77824   	23.36769   	10.58861774
30/10/2010 	24.4864407 	29.35962   	27.44566   	10.99849965
31/10/2010 	18.4577045 	29.39134   	26.54268   	10.86345299
01/11/2010 	16.9738197 	28.48703   	23.84998   	10.63518935
02/11/2010 	12.7796507 	27.16814   	24.21163   	10.69441541
03/11/2010 	24.5174828 	28.58006   	27.12121   	11.21809431
04/11/2010 	23.4295902 	28.72070   	27.57008   	11.56543241
05/11/2010 	24.5200481 	29.40019   	28.57540   	12.17588145
06/11/2010 	21.7817307 	29.03862   	27.10664   	11.91914050
07/11/2010 	14.3453579 	28.33519   	23.42515   	11.15000387
08/11/2010 	 5.1477938 	26.60285   	19.91219   	10.14257948
09/11/2010 	 8.5818052 	26.08947   	20.64182   	 9.33319376
10/11/2010 	11.9216166 	25.81320   	20.15569   	 8.57161120
11/11/2010 	13.7218733 	28.03173   	21.55179   	 8.49279003
12/11/2010 	26.1707859 	31.50358   	30.18047   	10.11472551
13/11/2010 	26.8385029 	31.12776   	30.15956   	 9.69219859
14/11/2010 	23.1733131 	30.87694   	29.04454   	 9.56641708
15/11/2010 	20.8917770 	30.61741   	28.37031   	 9.33024488
16/11/2010 	17.7611809 	30.31537   	26.86293   	 8.82714666
17/11/2010 	11.7043381 	29.32201   	24.41701   	 8.36649594
18/11/2010 	 9.1332788 	27.32161   	22.94479   	 8.16811750
19/11/2010 	 9.6609125 	26.62151   	21.21298   	 7.83427994
20/11/2010 	11.0525675 	26.27857   	20.80648   	 7.82850295
21/11/2010 	 9.8644505 	25.47454   	19.48023   	 7.70060376
22/11/2010 	 8.6748333 	24.89983   	19.48975   	 7.43005694
23/11/2010 	 9.8126354 	24.06157   	19.48042   	 6.91959190
24/11/2010 	13.0488663 	24.00804   	19.41296   	 6.39520105
25/11/2010 	 8.5726967 	24.41396   	18.55989   	 6.10568388
26/11/2010 	 8.1430759 	24.29025   	17.45415   	 5.79898565
27/11/2010 	 4.6474686 	24.67995   	16.97609   	 5.56825327
28/11/2010 	 3.5001323 	24.71332   	16.67322   	 5.07947479
29/11/2010 	 9.6680746 	25.00552   	19.70017   	 4.90650853
30/11/2010 	16.2438545 	25.21333   	21.36211   	 3.71271036
01/12/2010 	15.7379951 	24.76062   	20.47814   	 1.93643660
02/12/2010 	14.5955153 	24.94317   	21.48869   	 1.58924746
03/12/2010 	16.3843555 	26.58432   	22.28018   	 1.94981713
04/12/2010 	16.5003281 	28.08541   	24.92778   	 3.00640222
05/12/2010 	20.6311760 	29.63236   	26.87321   	 3.89098366
06/12/2010 	17.3597584 	28.44039   	24.20765   	 2.96440499
07/12/2010 	16.6525059 	27.59727   	23.08884   	 2.44745526
08/12/2010 	14.4483776 	27.10758   	21.93592   	 2.09815579
09/12/2010 	16.8269329 	25.41657   	21.90398   	 1.99373831
10/12/2010 	16.5009956 	25.60127   	21.75210   	 2.37833886
11/12/2010 	18.1109200 	25.30894   	22.04982   	 3.05818330
12/12/2010 	17.6078224 	24.58030   	21.64348   	 3.51971460
13/12/2010 	12.0251999 	24.63254   	19.92317   	 2.59484409
14/12/2010 	 9.9171705 	24.75385   	18.66069   	 2.15779490
15/12/2010 	 8.7738237 	24.72428   	19.80934   	 2.01038866
16/12/2010 	16.6850624 	25.39832   	22.05217   	 2.56346059
17/12/2010 	12.5904531 	24.74475   	20.45529   	 2.29740852
18/12/2010 	 7.6072478 	25.50580   	20.72418   	 2.13397605
19/12/2010 	 8.7407179 	25.64692   	20.46946   	 1.79819822
20/12/2010 	10.2547665 	25.90045   	20.91765   	 1.57309939
21/12/2010 	10.3665733 	25.55035   	20.11516   	 1.16135387
22/12/2010 	 6.7025428 	25.01155   	19.47806   	 0.83229003
23/12/2010 	10.1517267 	22.10734   	18.71787   	 0.22352770
24/12/2010 	17.5339851 	22.21239   	20.34435   	 0.03377936
25/12/2010 	 6.2990479 	23.84781   	17.79824   	-0.36886261
26/12/2010 	 6.2229958 	24.14769   	17.23387   	-0.24416602
27/12/2010 	 5.7830610 	24.71568   	17.55753   	 0.10956111
28/12/2010 	 4.9284897 	25.00843   	17.64194   	 0.27244063
29/12/2010 	 5.6504622 	24.19800   	18.23491   	 0.42374609
30/12/2010 	 8.8650007 	25.82548   	19.27580   	 0.69833700
31/12/2010 	10.3691616 	24.76711   	19.05512   	 0.97824528
01/01/2011 	10.6127329 	25.21585   	20.12056   	 1.44173776
02/01/2011 	 7.1270757 	24.21586   	18.28515   	 1.39587824
03/01/2011 	 6.0477552 	23.83998   	17.57014   	 1.30488296
04/01/2011 	 6.8568358 	25.28681   	18.74778   	 1.38383261
05/01/2011 	 7.3591032 	27.58744   	21.06984   	 1.57658632
06/01/2011 	11.8502426 	28.76999   	23.42873   	 1.83131271
07/01/2011 	11.6561489 	27.02920   	21.15607   	 1.71311641
08/01/2011 	10.6783161 	28.23155   	23.03162   	 2.52430017
09/01/2011 	13.7990265 	28.01478   	23.92291   	 2.74206703
10/01/2011 	 5.9250684 	27.70128   	21.53358   	 2.33194151
11/01/2011 	 7.4436522 	28.80031   	24.28361   	 2.24952305
12/01/2011 	 9.5619955 	28.80486   	24.05661   	 2.40282765
13/01/2011 	18.4067822 	27.13928   	24.78218   	 2.76436321
14/01/2011 	21.8997498 	27.46072   	25.51585   	 3.40964945
15/01/2011 	22.4766808 	27.77236   	26.42440   	 3.79309624
16/01/2011 	23.4968948 	28.24617   	27.52624   	 3.82041225
17/01/2011 	19.3210735 	28.11238   	26.43039   	 4.01131376
18/01/2011 	12.0592966 	27.57384   	23.90148   	 4.01797011
19/01/2011 	 7.8461270 	26.36631   	20.38160   	 3.82168888
20/01/2011 	 0.6421632 	24.29536   	15.71746   	 3.41570395
21/01/2011 	 1.1988882 	23.42234   	14.92110   	 3.16647088
22/01/2011 	 0.3189313 	22.47616   	12.71909   	 3.08202067
23/01/2011 	 0.1972620 	21.64669   	11.17601   	 3.17826272
24/01/2011 	 0.1635598 	22.18716   	10.90046   	 3.48523256
25/01/2011 	 2.7910440 	22.17648   	13.26471   	 3.73193341
26/01/2011 	 0.8837677 	21.77333   	12.55639   	 3.52931482
27/01/2011 	 0.1648677 	22.06404   	13.04019   	 3.08947812
28/01/2011 	 0.5814948 	24.45548   	16.21089   	 2.98129346
29/01/2011 	 8.3463097 	23.12391   	18.55091   	 2.98533439
30/01/2011 	10.5711889 	23.57277   	19.55534   	 2.85696260
31/01/2011 	 6.9095035 	23.12054   	18.45783   	 2.57143269
01/02/2011 	 4.7980552 	26.08300   	18.25604   	 2.30801905
02/02/2011 	 5.7414732 	25.48983   	18.98102   	 2.58684253
03/02/2011 	10.3645906 	27.95959   	22.69476   	 3.30966823
04/02/2011 	13.4706974 	30.03516   	26.27598   	 3.75827656
05/02/2011 	28.6377773 	29.93778   	29.19838   	 4.34150722
06/02/2011 	27.8005199 	29.09796   	28.69385   	 4.59815622
07/02/2011 	27.3061371 	28.71746   	27.92194   	 4.60262790
08/02/2011 	21.4153118 	27.59670   	26.72622   	 4.45714241
09/02/2011 	10.9863482 	27.65226   	23.46339   	 4.48257644
10/02/2011 	17.7329483 	27.75109   	25.36192   	 4.35656080
11/02/2011 	14.7798338 	27.72409   	23.84389   	 4.65584649
12/02/2011 	 7.3926659 	26.67120   	21.83137   	 4.49763705
13/02/2011 	20.9430294 	26.33234   	24.34284   	 4.36062802
14/02/2011 	15.5339813 	26.13635   	23.93903   	 4.47025886
15/02/2011 	13.3306961 	26.68878   	23.66322   	 4.51567128
16/02/2011 	11.5432167 	26.76248   	22.75250   	 4.55066603
17/02/2011 	12.2036400 	26.10551   	21.37691   	 4.45540625
18/02/2011 	10.3395271 	25.01606   	20.31740   	 4.07277634
19/02/2011 	 3.4284420 	23.88632   	17.90268   	 3.51856487
20/02/2011 	 5.9618411 	25.69126   	20.74656   	 2.98113211
21/02/2011 	20.6317406 	25.93762   	22.86688   	 2.08860390
22/02/2011 	21.8684578 	25.74699   	23.28563   	 1.30981949
23/02/2011 	14.9265947 	25.64015   	21.91536   	 1.20746638
24/02/2011 	14.7136316 	26.41672   	23.11621   	 1.80540245
25/02/2011 	14.6263952 	26.40748   	22.38921   	 2.29485539
26/02/2011 	21.6906605 	27.55106   	25.11743   	 3.15487171
27/02/2011 	18.3220730 	27.39859   	23.52025   	 3.72899728
28/02/2011 	 5.1612949 	24.72513   	20.33983   	 3.32575078
01/03/2011 	 5.3296361 	24.51977   	18.79668   	 3.10154785
02/03/2011 	 2.7415578 	24.55283   	18.15197   	 2.97520841
03/03/2011 	 5.6028142 	24.24634   	18.08186   	 2.78888078
04/03/2011 	13.4201193 	24.84675   	20.45277   	 2.75930297
05/03/2011 	12.1977749 	24.52594   	19.63898   	 2.91827128
06/03/2011 	11.0890989 	24.13812   	18.87510   	 3.15273570
07/03/2011 	10.1237411 	24.22477   	18.83937   	 3.10756563
08/03/2011 	 9.9829340 	25.96260   	19.45527   	 3.11761479
09/03/2011 	13.7972374 	27.99679   	23.34152   	 3.59232866
10/03/2011 	15.8618574 	29.34838   	24.86951   	 4.20369933
11/03/2011 	18.3053150 	29.52336   	26.74894   	 4.67790107
12/03/2011 	13.9537954 	29.26221   	25.26054   	 4.73075528
13/03/2011 	14.3782911 	29.21727   	24.87756   	 4.99518486
14/03/2011 	12.7229700 	28.47864   	23.80591   	 5.35856567
15/03/2011 	14.7405605 	27.19299   	23.54391   	 5.61430339
16/03/2011 	 8.6808805 	26.72372   	22.01530   	 5.61110545
17/03/2011 	13.3382940 	26.69605   	22.00012   	 5.64797607
18/03/2011 	15.5053654 	26.69316   	22.17793   	 5.66555520
19/03/2011 	18.3353043 	26.00613   	22.53144   	 5.71589771
20/03/2011 	16.0484467 	26.52171   	22.23288   	 5.80387743
21/03/2011 	19.0369453 	27.05775   	22.90999   	 5.89244723
22/03/2011 	19.8744431 	26.69684   	23.09074   	 6.21036747
23/03/2011 	17.1642456 	26.03559   	21.79811   	 6.71364410
24/03/2011 	14.9929724 	25.57682   	21.38159   	 7.07135158
25/03/2011 	13.5662565 	25.95231   	21.17952   	 7.36741911
26/03/2011 	13.1677275 	26.43442   	20.97483   	 7.38064246
27/03/2011 	12.3488178 	26.64092   	21.15591   	 6.94459259
28/03/2011 	15.5254211 	26.89678   	22.16364   	 6.96712620
29/03/2011 	17.5896435 	27.09696   	22.66374   	 6.92149031
30/03/2011 	18.6904373 	27.02548   	23.41217   	 7.08924151
31/03/2011 	18.9457684 	28.31696   	25.00907   	 7.27576506
01/04/2011 	21.7224293 	28.70295   	26.49475   	 7.50685247
02/04/2011 	21.0921421 	28.96656   	26.38289   	 7.97641276
03/04/2011 	20.8771076 	28.35172   	26.04910   	 8.66485705
04/04/2011 	21.4584179 	28.18432   	25.80657   	 9.05367321
05/04/2011 	21.7773762 	28.79563   	26.58887   	 8.73683793
06/04/2011 	24.1210022 	28.79615   	27.52342   	 8.80147970
07/04/2011 	22.8742619 	28.77439   	27.15739   	 9.48921156
08/04/2011 	20.1234264 	28.56502   	25.86328   	10.11752911
09/04/2011 	17.6068344 	28.20561   	24.59846   	10.53496883
10/04/2011 	18.6857319 	27.37627   	23.91945   	10.62955397
11/04/2011 	16.3738556 	27.24686   	24.04807   	10.96120594
12/04/2011 	19.2765522 	27.17609   	23.96518   	11.03596044
13/04/2011 	20.3267841 	26.57151   	23.67106   	10.61925449
14/04/2011 	20.6162739 	27.30740   	24.46405   	10.44891552
15/04/2011 	16.2364426 	26.84047   	23.51475   	10.55291166
16/04/2011 	14.1001930 	27.43955   	23.24266   	10.73233442
17/04/2011 	18.6368656 	27.17550   	23.71488   	11.09716674
18/04/2011 	20.2518520 	26.91191   	24.16090   	11.54422059
19/04/2011 	22.1678581 	27.03510   	24.62547   	11.92143744
20/04/2011 	18.0352879 	26.70111   	23.34764   	12.52174356
21/04/2011 	16.1745605 	27.04679   	23.00045   	12.95871687
22/04/2011 	15.1584549 	27.30220   	23.09465   	13.34356997
23/04/2011 	20.0799866 	27.45881   	24.58090   	13.68486071
24/04/2011 	20.6645756 	27.81497   	24.85745   	14.06713947
25/04/2011 	17.9399185 	27.67581   	23.74690   	14.54311303
26/04/2011 	20.8996964 	27.36481   	24.78421   	14.18210848
27/04/2011 	25.4189987 	27.70875   	26.54830   	12.47936722
28/04/2011 	26.5868626 	27.60585   	27.08256   	12.49547881
29/04/2011 	26.6238155 	27.58123   	27.02768   	12.80513002
30/04/2011 	26.2650509 	28.08633   	27.00789   	12.74014111
01/05/2011 	26.7395630 	28.12777   	27.31640   	12.39950693
02/05/2011 	27.0064125 	28.96596   	28.00241   	12.01157379
03/05/2011 	27.9732628 	29.16021   	28.51454   	11.33937484
04/05/2011 	28.4394779 	29.08181   	28.76056   	11.26793277
05/05/2011 	28.4296150 	29.16843   	28.77918   	11.49675002
06/05/2011 	28.4558144 	29.11481   	28.80583   	12.02706291
07/05/2011 	28.2388382 	29.41122   	28.79106   	12.70553039
08/05/2011 	28.2843285 	29.58703   	28.84224   	13.24263138
09/05/2011 	28.3932686 	29.82755   	28.92817   	13.74417380
10/05/2011 	28.4855461 	29.88139   	29.00438   	14.22056808
11/05/2011 	28.6135254 	30.13020   	29.13044   	14.74706870
12/05/2011 	28.7386723 	29.93664   	29.21815   	15.31672416
13/05/2011 	28.7286263 	29.78145   	29.32484   	15.33706621
14/05/2011 	28.9594936 	30.06513   	29.38192   	15.28827365
15/05/2011 	28.8322067 	30.10365   	29.43989   	14.87795548
16/05/2011 	28.1633930 	30.19440   	29.38293   	14.57997562
17/05/2011 	28.1266289 	30.19671   	29.50293   	14.54401116
18/05/2011 	27.9427261 	30.46243   	29.43042   	14.68477166
19/05/2011 	28.0441151 	30.41803   	29.58411   	14.96608490
20/05/2011 	27.8587456 	30.27983   	29.28721   	15.32445774
21/05/2011 	27.8971729 	30.37292   	29.41245   	15.85452582
22/05/2011 	27.8895664 	30.38172   	29.55111   	16.33685974
23/05/2011 	28.1674194 	30.49892   	29.83232   	16.14883159
24/05/2011 	28.8455296 	30.52030   	30.16556   	15.71886192
25/05/2011 	28.9940929 	30.49410   	30.12819   	15.64315901
26/05/2011 	28.0347404 	30.47975   	30.13004   	15.71829182
27/05/2011 	29.2446442 	30.43627   	30.18989   	14.90030555
28/05/2011 	28.5285072 	30.38121   	30.11389   	14.59616119
29/05/2011 	29.2611942 	30.28176   	29.93085   	14.58348278
30/05/2011 	29.0265007 	30.03333   	29.55904   	14.93500429
31/05/2011 	28.9893532 	30.03020   	29.65037   	15.34395438
01/06/2011 	29.5957298 	30.09039   	29.84380   	15.71607339
02/06/2011 	26.0363674 	30.01996   	29.18527   	16.38704199
03/06/2011 	26.5692768 	29.83833   	28.57896   	17.20049385
04/06/2011 	27.6197205 	29.84151   	29.03269   	17.42045613
05/06/2011 	28.9837322 	30.01238   	29.67260   	16.80015568
06/06/2011 	25.6923943 	30.06245   	29.12273   	16.59316689
07/06/2011 	23.9768524 	29.88534   	28.08031   	16.99456322
08/06/2011 	24.5569859 	29.90443   	28.17272   	17.39732734
09/06/2011 	25.9655018 	30.09573   	28.98026   	17.27522425
10/06/2011 	25.4943333 	30.28031   	28.66634   	17.28822990
11/06/2011 	26.7860317 	30.50218   	29.19600   	17.26276251
12/06/2011 	21.7131748 	30.16149   	28.18687   	16.98232766
13/06/2011 	25.5972195 	30.68790   	29.53551   	16.84174458
14/06/2011 	25.6986771 	30.60129   	29.27180   	16.94898550
15/06/2011 	25.6271915 	30.12957   	28.82541   	17.40540302
16/06/2011 	26.2784977 	30.30402   	28.86873   	17.60687566
17/06/2011 	26.4451180 	30.32419   	29.20269   	17.40382552
18/06/2011 	17.1960430 	30.43962   	28.28589   	17.09093106
19/06/2011 	28.2067776 	30.48135   	29.94580   	16.65406201
20/06/2011 	28.0262394 	30.26084   	29.70449   	16.60882161
21/06/2011 	27.7468472 	30.17784   	29.45731   	17.23796229
22/06/2011 	27.0725784 	30.24770   	29.56148   	17.24292032
23/06/2011 	27.1095238 	30.31578   	29.82650   	17.19744809
24/06/2011 	24.0291977 	30.29110   	29.00155   	17.31881535
25/06/2011 	21.2106457 	30.25794   	28.80031   	17.45475709
26/06/2011 	23.8098316 	30.26417   	28.98628   	18.00064925
27/06/2011 	23.1309319 	30.26496   	28.46447   	18.87822616
28/06/2011 	23.9471951 	30.23142   	28.61056   	19.49634135
29/06/2011 	24.9734745 	30.14764   	28.48944   	19.82241269
30/06/2011 	18.5737247 	29.95498   	26.91146   	19.55950034
01/07/2011 	19.1105976 	29.62172   	25.89337   	18.87056752
02/07/2011 	18.2142048 	29.11338   	25.12073   	18.08393955
03/07/2011 	20.3784370 	28.56767   	24.70599   	17.36042098
04/07/2011 	19.8735886 	28.40810   	24.51994   	17.47201741
05/07/2011 	17.8824272 	28.30385   	23.98939   	17.95712062
06/07/2011 	19.1380138 	28.46349   	24.86051   	18.46984561
07/07/2011 	19.5210304 	28.70431   	25.38080   	18.47953153
08/07/2011 	15.0153265 	29.06532   	25.33529   	18.77195406
09/07/2011 	19.4715424 	29.47985   	26.62148   	18.87493078
10/07/2011 	18.2680111 	29.48149   	26.46737   	18.87122492
11/07/2011 	19.2801075 	28.92564   	25.72020   	19.22463318
12/07/2011 	22.0594578 	28.66119   	25.90569   	19.45182228
13/07/2011 	22.0353050 	27.04543   	25.42169   	17.48344127
14/07/2011 	20.6055813 	26.48514   	24.49396   	17.27321204
15/07/2011 	19.2059593 	26.91417   	24.36924   	17.37029600
16/07/2011 	 9.6225882 	27.90482   	21.99512   	17.54393633
17/07/2011 	15.0366449 	28.08701   	24.83212   	17.69794289
18/07/2011 	16.9675236 	30.22335   	27.40443   	17.67678503
19/07/2011 	15.8724327 	30.94674   	27.23006   	17.59784853
20/07/2011 	14.8741064 	30.02694   	25.16552   	18.10520236
21/07/2011 	17.8878078 	28.97038   	24.28010   	18.70427914
22/07/2011 	20.9095764 	27.56121   	24.15388   	18.23488736
23/07/2011 	21.8784447 	27.09827   	24.41678   	17.08798536
24/07/2011 	22.1625957 	27.11212   	24.60224   	16.10945398
25/07/2011 	18.7585049 	26.43379   	24.19860   	15.70730813
26/07/2011 	16.6488247 	25.70200   	23.03350   	16.01215935
27/07/2011 	14.2837420 	25.43818   	21.68673   	16.61407443
28/07/2011 	 7.6930256 	25.43323   	19.92514   	17.37823073
29/07/2011 	 6.8215327 	25.23167   	18.53326   	17.54130427
30/07/2011 	10.1463623 	24.86432   	19.12419   	17.07072000
31/07/2011 	14.2114525 	24.78485   	19.73173   	16.91326272
01/08/2011 	10.3732767 	25.19616   	19.17575   	17.32186103
02/08/2011 	 9.7402258 	25.82743   	19.32598   	17.82574165
03/08/2011 	13.8236027 	26.55715   	20.70123   	18.37755267
04/08/2011 	13.6924276 	26.94980   	21.37124   	18.86634751
05/08/2011 	14.3733406 	27.14622   	21.89297   	19.31034184
06/08/2011 	12.9555283 	26.52305   	21.52142   	19.51073722
07/08/2011 	16.6783772 	27.72231   	23.98747   	19.27208384
08/08/2011 	16.3130074 	28.31340   	25.35848   	18.78748314
09/08/2011 	22.2066898 	28.26686   	25.70727   	17.62504029
10/08/2011 	18.5782490 	26.01660   	23.98696   	16.39259475
11/08/2011 	23.6251869 	27.75429   	26.46883   	17.11353370
12/08/2011 	16.5564728 	28.59145   	24.94145   	17.38974277
13/08/2011 	11.3064089 	27.82247   	22.41551   	17.82023036
14/08/2011 	10.1168785 	27.71860   	22.34851   	18.18740133
15/08/2011 	13.2570028 	27.46397   	21.63755   	18.38927937
16/08/2011 	11.8073158 	26.70949   	20.88044   	18.42817652
17/08/2011 	 9.3667116 	26.75583   	21.00616   	18.46783197
18/08/2011 	 9.8566132 	25.57257   	19.20759   	18.28639170
19/08/2011 	13.9583082 	25.17303   	19.98325   	18.30015715
20/08/2011 	11.6096916 	25.42521   	19.86878   	18.31410933
21/08/2011 	10.3763409 	26.06995   	20.62225   	18.65700042
22/08/2011 	14.1066465 	26.26607   	20.98399   	18.92028546
23/08/2011 	15.8746901 	26.09733   	22.38603   	18.89783470
24/08/2011 	19.5832825 	26.14443   	23.58799   	19.12321309
25/08/2011 	21.9400978 	26.28751   	24.47207   	19.08916100
26/08/2011 	16.2342701 	26.94650   	23.67157   	19.03983219
27/08/2011 	15.9849586 	27.76535   	23.87782   	18.72437934
28/08/2011 	13.3183050 	27.77122   	23.70589   	18.18339030
29/08/2011 	16.3503132 	28.78885   	24.84708   	17.38060749
30/08/2011 	11.9451427 	27.32074   	21.42904   	16.03376695
31/08/2011 	 8.6306477 	26.74748   	19.31073   	16.20618101
01/09/2011 	 9.7103691 	25.87690   	18.83543   	16.33638533
02/09/2011 	 9.0352764 	25.55357   	19.29855   	16.48850030
03/09/2011 	11.2355623 	26.50805   	20.52564   	16.98159122
04/09/2011 	13.0803022 	26.43387   	21.00843   	17.51684805
05/09/2011 	15.1212816 	28.53463   	23.80473   	17.52901280
06/09/2011 	21.8616886 	30.90015   	28.37555   	17.33428717
07/09/2011 	28.9550514 	30.91140   	29.67760   	16.97166467
08/09/2011 	26.2848797 	29.05297   	28.53365   	16.19497583
09/09/2011 	16.8893776 	28.63632   	26.57677   	16.13230950
10/09/2011 	14.8960972 	28.80692   	25.12382   	16.59368785
11/09/2011 	10.6562395 	28.56748   	25.16745   	17.15270706
12/09/2011 	17.0496960 	29.20187   	27.39216   	17.16704146
13/09/2011 	26.8739929 	29.67698   	28.93328   	16.85535713
14/09/2011 	27.0396061 	29.62072   	29.13332   	15.93399147
15/09/2011 	18.6314163 	29.50999   	27.30279   	15.20348344
16/09/2011 	10.8063850 	28.59748   	22.49089   	14.99068308
17/09/2011 	16.4877472 	28.12217   	24.29742   	15.37026018
18/09/2011 	14.9507532 	28.34734   	24.82600   	15.40796977
19/09/2011 	14.4364843 	27.87696   	23.97522   	15.23728055
20/09/2011 	19.1102428 	28.59865   	25.55013   	15.46676530
21/09/2011 	24.3217716 	28.99642   	27.61126   	15.91504000
22/09/2011 	26.4350166 	29.17924   	28.33132   	15.83190517
23/09/2011 	22.2912331 	29.14391   	27.02563   	15.09495316
24/09/2011 	18.1710358 	29.17676   	26.63177   	15.16529866
25/09/2011 	14.7487230 	29.09002   	24.72226   	15.25514352
26/09/2011 	13.7542772 	28.31468   	23.77722   	15.52522045
27/09/2011 	14.5572281 	27.91704   	22.54793   	15.82381662
28/09/2011 	13.6903811 	27.12075   	21.85120   	16.10369529
29/09/2011 	13.2229872 	26.68890   	21.28197   	16.43015436
30/09/2011 	13.3627510 	26.31365   	21.04361   	16.74068320
01/10/2011 	13.7902718 	26.06796   	20.71571   	17.01181507
02/10/2011 	11.4276218 	25.69719   	20.04555   	17.27838135
03/10/2011 	11.3164816 	27.04066   	20.87428   	17.42101832
04/10/2011 	15.4836588 	27.92676   	23.69801   	17.36948291
05/10/2011 	15.1211081 	27.99855   	23.63478   	17.01184813
06/10/2011 	27.2039471 	29.74648   	28.69667   	16.69638602
07/10/2011 	28.7331829 	30.00399   	29.50404   	15.01139917
08/10/2011 	23.5192528 	28.90669   	27.01706   	13.19771087
09/10/2011 	12.8502493 	26.65545   	23.50477   	12.52163873
10/10/2011 	18.3330784 	27.37452   	26.10015   	13.62884521
11/10/2011 	24.5185394 	28.38166   	27.01177   	14.15925785
12/10/2011 	17.7978649 	27.63449   	25.17422   	13.99872575
13/10/2011 	10.7635555 	26.90893   	20.89031   	13.52102693
14/10/2011 	 5.4191856 	25.49544   	18.28536   	13.06221769
15/10/2011 	 3.5263915 	24.56933   	17.43327   	12.52052277
16/10/2011 	 4.7028871 	25.02011   	18.92466   	12.28920607
17/10/2011 	10.0084190 	26.95788   	20.33701   	12.55582196
18/10/2011 	22.0024357 	29.49553   	26.52536   	13.45338970
19/10/2011 	21.6403122 	29.05464   	26.58153   	12.19658309
20/10/2011 	22.2796497 	28.10371   	24.80979   	10.03341287
21/10/2011 	14.7037497 	26.59628   	23.34705   	 9.68898892
22/10/2011 	20.7063160 	27.66323   	25.16183   	10.07449476
23/10/2011 	19.5051689 	27.67474   	25.39835   	10.43106099
24/10/2011 	 6.7063956 	27.85879   	22.60933   	 9.97570773
25/10/2011 	12.4420538 	26.51822   	22.60096   	10.00112041
26/10/2011 	19.1715965 	28.39111   	25.13242   	10.52287751
27/10/2011 	19.2666092 	28.79309   	25.34314   	10.56761209
28/10/2011 	16.0027733 	28.76756   	24.47690   	10.71014017
29/10/2011 	16.5023003 	27.78681   	23.36516   	10.71640283
30/10/2011 	18.4487705 	28.39471   	24.71018   	11.25922557
31/10/2011 	15.7559252 	27.80520   	24.20349   	11.74273217
01/11/2011 	15.2758398 	28.84656   	23.70681   	11.71289601
02/11/2011 	18.3132877 	28.86186   	23.96404   	11.72193185
03/11/2011 	11.3392315 	27.77231   	23.23355   	11.76726840
04/11/2011 	17.2555904 	28.59603   	25.25168   	12.15144543
05/11/2011 	21.1315651 	28.99520   	25.40050   	12.23018444
06/11/2011 	21.6828136 	28.56108   	25.28252   	12.11396849
07/11/2011 	12.2534962 	27.07774   	23.32966   	11.68604048
08/11/2011 	15.4602413 	26.95300   	23.53322   	11.15192473
09/11/2011 	21.1446419 	27.44125   	24.95068   	10.87713995
10/11/2011 	22.5596962 	28.00852   	25.68782   	10.65204231
11/11/2011 	24.1087608 	28.00349   	26.07245   	10.04823579
12/11/2011 	24.8708820 	28.85956   	26.51315   	 9.56188856
13/11/2011 	25.0357742 	29.48182   	26.65291   	 9.25953112
14/11/2011 	19.3134422 	28.52212   	25.53942   	 8.45600748
15/11/2011 	22.1237335 	28.41406   	25.97045   	 7.82439568
16/11/2011 	15.3455706 	28.39252   	25.25600   	 6.97037812
17/11/2011 	19.0141582 	29.29561   	25.34661   	 6.96689072
18/11/2011 	19.5901585 	29.75510   	25.74100   	 7.37899388
19/11/2011 	21.9829350 	30.04529   	26.59483   	 7.61373634
20/11/2011 	22.9895802 	29.86394   	26.62526   	 7.47181326
21/11/2011 	24.1844807 	29.95629   	26.96059   	 7.37597627
22/11/2011 	25.0281124 	29.98989   	27.33330   	 7.45425599
23/11/2011 	22.5903378 	29.67945   	26.78864   	 7.55434315
24/11/2011 	20.0298538 	29.74389   	27.14938   	 7.93122168
25/11/2011 	18.5842342 	31.03503   	27.73447   	 8.53719596
26/11/2011 	23.8631401 	30.11123   	28.40254   	 8.43832492
27/11/2011 	25.3062153 	31.72017   	29.60918   	 9.18152229
28/11/2011 	24.3019676 	30.62962   	29.00227   	 8.67343072
29/11/2011 	15.7957630 	31.30331   	26.96177   	 8.42618317
30/11/2011 	22.7000904 	31.27472   	29.34541   	 8.64592404
01/12/2011 	23.4190826 	28.64539   	26.69347   	 8.32871288
02/12/2011 	22.6937561 	28.64852   	26.05481   	 8.26915129
03/12/2011 	26.4833183 	28.49269   	27.51468   	 8.40631924
04/12/2011 	25.7371845 	28.64713   	27.71667   	 8.13259153
05/12/2011 	27.7981815 	28.38499   	28.19277   	 7.27516183
06/12/2011 	27.7776489 	28.32717   	28.15913   	 6.46199367
07/12/2011 	27.6401730 	28.40411   	28.13396   	 6.24565476
08/12/2011 	27.4289494 	28.79504   	28.18182   	 6.40284961
09/12/2011 	27.7432137 	28.74406   	28.42652   	 7.08616755
10/12/2011 	28.1120987 	28.69084   	28.45326   	 6.35193072
11/12/2011 	18.4410133 	28.57212   	27.18231   	 5.79403492
12/12/2011 	21.2316456 	28.52683   	27.11053   	 6.00299816
13/12/2011 	26.9209728 	29.16543   	28.33958   	 6.44186427
14/12/2011 	26.7886848 	28.99864   	28.59518   	 6.84495734
15/12/2011 	26.8491535 	28.96144   	28.52479   	 6.60435929
16/12/2011 	20.1174335 	28.66453   	26.77131   	 6.01762720
17/12/2011 	19.1788273 	28.57503   	24.99750   	 5.28445883
18/12/2011 	18.4697075 	27.93026   	23.42641   	 4.79205616
19/12/2011 	 8.8814526 	27.19446   	20.58969   	 4.51217878
20/12/2011 	14.7429819 	27.32662   	23.36697   	 4.83383895
21/12/2011 	 5.1465631 	25.72235   	18.89118   	 4.57877985
22/12/2011 	 6.2188039 	25.34451   	19.92173   	 4.87801163
23/12/2011 	 5.9160604 	26.20551   	20.41371   	 5.29093500
24/12/2011 	14.1857872 	26.29906   	22.28312   	 5.50926469
25/12/2011 	 7.4418354 	26.23732   	21.09605   	 5.66491038
26/12/2011 	12.7100344 	27.57929   	23.10633   	 6.30454607
27/12/2011 	14.3373575 	27.81035   	23.90536   	 6.68039800
28/12/2011 	 6.3307004 	28.09258   	21.67579   	 6.50744508
29/12/2011 	24.5886173 	28.47463   	27.27613   	 6.20628800
30/12/2011 	24.2739258 	28.08878   	26.90152   	 5.59864548
