date	smin	smax	smean	tmean
01/01/2009  	19.50296    	23.25701    	21.12747    	 2.226585741
02/01/2009  	19.20028    	23.25377    	20.93271    	 2.183306674
03/01/2009  	18.77582    	23.39270    	21.06541    	 1.966190204
04/01/2009  	18.50004    	23.04598    	19.78546    	 1.921283724
05/01/2009  	17.26625    	23.01361    	19.86790    	 1.626445266
06/01/2009  	20.68033    	23.87929    	22.47531    	 1.290181745
07/01/2009  	20.01962    	23.58070    	22.23697    	 1.202620544
08/01/2009  	20.16749    	23.30929    	22.06416    	 1.093791439
09/01/2009  	20.25956    	23.40745    	22.25895    	 1.086742392
10/01/2009  	20.28400    	23.72361    	22.25007    	 0.930959449
11/01/2009  	20.56090    	23.56045    	22.63651    	 0.821516646
12/01/2009  	21.61799    	27.05559    	23.70871    	 1.141296269
13/01/2009  	23.11342    	29.37506    	26.21148    	 2.215170301
14/01/2009  	23.33467    	28.79581    	25.82993    	 2.355484498
15/01/2009  	23.04199    	28.03901    	25.09095    	 2.230399745
16/01/2009  	23.15062    	27.25785    	25.10391    	 2.286102667
17/01/2009  	22.78069    	25.99399    	24.46451    	 2.378823817
18/01/2009  	22.27013    	26.69879    	24.33360    	 2.706333036
19/01/2009  	25.22454    	27.96724    	27.04063    	 2.976675113
20/01/2009  	26.18200    	29.49592    	27.94456    	 2.982123266
21/01/2009  	26.28894    	29.76035    	28.42256    	 2.868030339
22/01/2009  	26.39342    	29.61601    	28.51997    	 2.638398404
23/01/2009  	27.51106    	29.33118    	28.54674    	 2.580475365
24/01/2009  	26.04221    	28.45462    	27.49552    	 2.789723426
25/01/2009  	25.13107    	28.00285    	26.99620    	 2.775350635
26/01/2009  	25.95817    	27.92248    	27.28145    	 2.656447753
27/01/2009  	26.21337    	27.80201    	27.08948    	 2.454421202
28/01/2009  	25.53130    	27.04089    	26.45854    	 2.258547053
29/01/2009  	24.92051    	26.62340    	25.79378    	 2.047924735
30/01/2009  	24.42941    	25.97669    	25.26907    	 1.748857414
31/01/2009  	24.03333    	25.39014    	24.76421    	 1.400399655
01/02/2009  	23.16155    	24.89583    	24.16673    	 0.929147928
02/02/2009  	23.32275    	24.79930    	23.78705    	 0.565845951
03/02/2009  	23.65113    	24.96970    	24.44267    	 0.794528278
04/02/2009  	24.00635    	25.29070    	24.67549    	 0.913636345
05/02/2009  	24.03708    	25.91656    	24.95211    	 1.026421707
06/02/2009  	23.79214    	26.21508    	25.12601    	 1.292134988
07/02/2009  	23.63755    	25.73150    	24.66194    	 1.410448874
08/02/2009  	22.85367    	25.75468    	24.39891    	 1.451210568
09/02/2009  	21.27673    	25.63153    	23.84800    	 1.494640492
10/02/2009  	21.54450    	25.32863    	23.81173    	 1.604677680
11/02/2009  	21.07304    	24.34753    	22.79663    	 1.684960661
12/02/2009  	19.57218    	24.98369    	22.61493    	 1.836265946
13/02/2009  	19.22456    	25.24310    	22.36416    	 1.986604415
14/02/2009  	20.11761    	25.28629    	22.76988    	 1.988714159
15/02/2009  	19.02437    	24.97809    	22.66313    	 2.005569547
16/02/2009  	18.37364    	23.66097    	21.29930    	 2.226902679
17/02/2009  	18.36186    	23.29330    	21.18244    	 2.514917379
18/02/2009  	19.85187    	23.41736    	21.83681    	 2.584929337
19/02/2009  	18.71531    	22.30555    	21.13408    	 2.554761345
20/02/2009  	17.65359    	21.83842    	19.95605    	 2.728289177
21/02/2009  	17.48200    	21.99806    	19.77036    	 2.841331770
22/02/2009  	16.46499    	21.88402    	19.50295    	 3.067062408
23/02/2009  	15.60555    	20.44081    	17.71687    	 3.466561049
24/02/2009  	15.18301    	21.11649    	18.75134    	 3.788270841
25/02/2009  	16.34112    	20.85559    	19.09489    	 3.943914562
26/02/2009  	14.99601    	20.43085    	18.32771    	 4.166297411
27/02/2009  	14.50813    	19.92913    	16.79758    	 4.492648959
28/02/2009  	15.02829    	20.85066    	17.80754    	 4.705236187
01/03/2009  	16.53558    	21.15299    	18.94850    	 4.747824619
02/03/2009  	17.38455    	21.17782    	19.60498    	 4.823771685
03/03/2009  	17.43132    	21.71861    	20.07854    	 4.887932877
04/03/2009  	19.29714    	22.01470    	20.95627    	 4.773080101
05/03/2009  	19.83625    	23.09734    	21.50563    	 4.750423143
06/03/2009  	19.10637    	21.18449    	20.06641    	 4.842141340
07/03/2009  	17.92709    	21.89199    	19.65108    	 4.798047374
08/03/2009  	17.58296    	21.86681    	20.61884    	 4.959470173
09/03/2009  	16.32206    	23.06760    	20.61311    	 4.962160915
10/03/2009  	15.73990    	23.59579    	19.81896    	 4.972448458
11/03/2009  	17.12824    	21.75110    	19.49304    	 4.996026625
12/03/2009  	17.02658    	22.20416    	19.71605    	 5.169890960
13/03/2009  	17.05665    	22.03771    	19.88672    	 5.341083328
14/03/2009  	17.26463    	22.30004    	19.95269    	 5.515236974
15/03/2009  	16.39066    	22.18364    	19.35380    	 5.726451804
16/03/2009  	15.46394    	21.19864    	18.91944    	 6.007631600
17/03/2009  	16.55243    	21.18999    	19.06604    	 6.230403185
18/03/2009  	15.56592    	20.38052    	18.11480    	 6.376802156
19/03/2009  	16.11438    	20.10260    	18.37739    	 6.492224216
20/03/2009  	16.06260    	19.84154    	18.05500    	 6.650922736
21/03/2009  	16.28612    	20.93406    	18.90682    	 6.658766995
22/03/2009  	13.86109    	19.82009    	16.85612    	 6.652274340
23/03/2009  	10.42593    	18.51772    	14.33164    	 6.834493160
24/03/2009  	10.98998    	18.40720    	14.66105    	 6.717505932
25/03/2009  	11.88721    	20.04265    	17.18985    	 6.575705022
26/03/2009  	13.73340    	19.35833    	17.25108    	 6.580794911
27/03/2009  	13.35531    	20.27161    	17.91684    	 6.510230660
28/03/2009  	14.38243    	22.95154    	18.79292    	 6.437318534
29/03/2009  	16.39836    	21.64855    	18.40555    	 6.434923122
30/03/2009  	16.09788    	21.35082    	18.29396    	 6.423564593
31/03/2009  	16.07847    	21.19691    	18.93436    	 6.539026012
01/04/2009  	16.08403    	21.12111    	18.66381    	 6.840458483
02/04/2009  	16.09550    	21.09946    	18.53496    	 7.214289139
03/04/2009  	16.65699    	21.19503    	19.08444    	 7.593658437
04/04/2009  	16.77166    	21.34131    	19.43848    	 7.810981284
05/04/2009  	17.64693    	22.19535    	19.94415    	 7.925430199
06/04/2009  	17.51856    	23.01541    	20.11254    	 8.149555345
07/04/2009  	18.20907    	23.00086    	20.81096    	 8.382132828
08/04/2009  	19.13235    	22.83189    	21.48082    	 8.429026643
09/04/2009  	19.75735    	23.48286    	21.67118    	 8.547819773
10/04/2009  	19.49290    	24.03679    	21.76961    	 8.835875491
11/04/2009  	20.04251    	23.83539    	22.22443    	 9.115725438
12/04/2009  	20.21589    	23.63442    	22.00029    	 9.480335712
13/04/2009  	20.38567    	23.32233    	21.73030    	 9.792398175
14/04/2009  	20.38881    	23.48183    	21.79748    	10.004538596
15/04/2009  	20.35874    	23.59872    	21.83917    	10.344753365
16/04/2009  	20.43438    	23.54193    	22.14018    	10.676248233
17/04/2009  	20.95013    	23.71581    	22.41895    	10.809106092
18/04/2009  	20.66055    	23.42917    	21.93956    	10.971374730
19/04/2009  	20.91609    	23.57518    	21.96643    	11.171672106
20/04/2009  	20.77557    	23.56051    	22.17414    	11.452495833
21/04/2009  	20.74350    	23.86077    	22.05506    	11.741883914
22/04/2009  	20.74303    	23.88122    	22.14613    	11.878014803
23/04/2009  	20.53014    	24.12943    	21.93033    	11.949385186
24/04/2009  	20.45122    	24.48157    	22.52680    	12.118654350
25/04/2009  	20.90408    	24.55930    	23.24675    	12.139971197
26/04/2009  	21.48669    	24.48125    	23.40560    	12.235018472
27/04/2009  	21.58430    	24.76029    	23.59634    	12.309670707
28/04/2009  	22.53275    	24.82383    	23.87461    	12.294335067
29/04/2009  	22.21772    	25.11743    	23.83972    	12.396811664
30/04/2009  	22.21759    	25.33620    	23.79358    	12.648967624
01/05/2009  	22.33539    	25.22014    	23.88140    	13.014880041
02/05/2009  	22.41804    	25.31699    	24.05694    	13.217738489
03/05/2009  	21.37110    	25.04304    	23.51500    	13.241763393
04/05/2009  	19.17035    	24.55155    	22.51201    	13.073741734
05/05/2009  	18.84806    	23.81710    	22.27229    	12.869968315
06/05/2009  	17.28217    	23.76053    	21.43601    	12.785883089
07/05/2009  	19.17480    	24.47886    	21.95336    	12.801251551
08/05/2009  	20.08902    	24.67653    	22.76819    	12.813278894
09/05/2009  	19.78948    	25.77962    	23.11155    	12.749654492
10/05/2009  	20.64465    	26.06568    	23.31992    	12.956492484
11/05/2009  	21.10901    	24.86054    	22.82437    	13.023156146
12/05/2009  	20.93005    	24.75571    	22.79718    	12.944520593
13/05/2009  	21.30109    	25.40274    	23.77298    	13.002874732
14/05/2009  	22.32837    	25.49573    	24.43656    	13.017912785
15/05/2009  	23.77564    	25.79060    	24.99472    	13.028620541
16/05/2009  	24.45308    	26.28535    	25.56464    	13.006628315
17/05/2009  	24.47256    	26.56241    	25.69602    	13.105888148
18/05/2009  	24.30056    	26.68640    	25.85457    	13.083393315
19/05/2009  	23.53907    	26.85548    	25.50477    	13.230568310
20/05/2009  	23.23773    	27.29703    	25.44491    	13.430507481
21/05/2009  	23.60099    	27.36575    	25.62677    	13.735602041
22/05/2009  	23.60274    	27.38740    	25.55870    	14.007839878
23/05/2009  	23.23477    	27.20935    	25.26947    	14.446060638
24/05/2009  	23.46163    	27.08831    	25.35628    	14.921828290
25/05/2009  	23.76665    	26.90109    	25.42812    	15.392072976
26/05/2009  	24.06531    	26.82340    	25.70692    	15.699788709
27/05/2009  	21.85443    	26.52576    	24.89211    	15.623186668
28/05/2009  	21.40063    	25.31135    	23.74911    	15.646774868
29/05/2009  	22.17821    	25.23094    	23.76736    	15.943366786
30/05/2009  	22.78312    	25.70921    	24.31013    	16.166987995
31/05/2009  	22.69008    	25.99078    	24.47351    	16.437393785
01/06/2009  	21.85386    	25.95289    	23.97352    	16.821149151
02/06/2009  	21.54821    	25.59353    	23.29522    	16.938813527
03/06/2009  	20.49496    	25.68708    	22.83241    	16.472642104
04/06/2009  	20.08146    	25.97952    	22.98087    	15.639876068
05/06/2009  	19.62111    	26.84584    	24.20389    	14.883456031
06/06/2009  	22.39058    	27.61554    	25.53797    	14.436570783
07/06/2009  	24.04810    	28.08827    	26.65922    	14.309482316
08/06/2009  	25.81623    	27.71220    	26.86193    	14.630534331
09/06/2009  	25.41148    	27.48487    	26.83296    	14.937611540
10/06/2009  	26.19192    	27.51564    	27.09323    	15.196979602
11/06/2009  	26.37317    	27.37795    	26.94818    	15.401598036
12/06/2009  	26.06881    	27.68667    	26.83166    	15.622397959
13/06/2009  	24.56239    	28.24889    	26.56343    	15.809087257
14/06/2009  	24.48993    	28.06117    	26.59653    	16.202276250
15/06/2009  	24.12840    	27.54482    	25.98709    	16.622934858
16/06/2009  	23.91145    	27.41167    	25.76025    	16.707584461
17/06/2009  	23.51919    	27.34867    	25.79656    	16.922071576
18/06/2009  	24.61739    	27.37131    	26.39195    	16.947494944
19/06/2009  	24.80579    	27.02580    	26.05822    	17.017736634
20/06/2009  	24.46277    	26.59488    	25.42582    	16.988666654
21/06/2009  	23.80241    	27.00167    	25.35710    	16.951522827
22/06/2009  	22.80946    	27.65021    	25.47987    	16.853092074
23/06/2009  	23.57934    	27.90736    	25.88596    	17.080084761
24/06/2009  	23.36283    	28.08116    	25.86318    	17.443192720
25/06/2009  	23.54254    	28.31785    	26.20777    	17.692274809
26/06/2009  	24.58943    	28.36086    	26.71597    	18.069872737
27/06/2009  	24.89339    	28.33446    	26.98198    	18.453326027
28/06/2009  	25.32419    	28.36226    	27.17620    	18.770813306
29/06/2009  	25.40059    	28.29557    	27.04257    	19.329026302
30/06/2009  	25.69522    	28.38822    	27.02275    	19.938057144
01/07/2009  	25.58055    	28.40907    	26.85650    	20.383869131
02/07/2009  	25.56708    	28.47323    	26.99597    	20.736621499
03/07/2009  	25.84793    	28.68524    	27.48296    	21.005400658
04/07/2009  	26.09067    	28.57061    	27.69196    	21.383342624
05/07/2009  	26.28058    	28.57451    	27.69130    	21.747652372
06/07/2009  	25.70045    	28.62964    	27.59383    	21.819200118
07/07/2009  	25.72752    	28.31745    	27.29087    	21.333312194
08/07/2009  	25.47216    	28.21767    	27.07224    	20.915874759
09/07/2009  	25.06891    	27.89609    	26.32794    	19.953837196
10/07/2009  	24.04898    	26.71499    	25.65253    	18.604686499
11/07/2009  	24.15699    	27.47221    	26.04827    	17.841005007
12/07/2009  	24.88997    	27.78072    	26.44841    	17.575503985
13/07/2009  	23.70464    	27.20839    	25.73110    	17.837864319
14/07/2009  	23.14771    	26.82751    	25.04169    	18.466905713
15/07/2009  	22.69169    	26.50805    	25.04323    	19.129900058
16/07/2009  	22.69021    	25.96967    	24.59681    	19.399606029
17/07/2009  	23.03145    	26.27956    	24.96225    	19.648056348
18/07/2009  	22.69867    	25.82352    	24.87692    	19.502216498
19/07/2009  	22.11103    	26.64311    	24.77754    	19.332578937
20/07/2009  	22.33335    	26.90099    	25.20977    	19.227575779
21/07/2009  	21.65129    	27.47148    	25.05010    	19.291668495
22/07/2009  	23.04733    	27.45265    	25.40665    	19.486451825
23/07/2009  	22.83820    	27.10457    	25.24271    	19.526958704
24/07/2009  	22.80064    	26.90072    	25.20249    	19.396485726
25/07/2009  	22.02865    	26.60641    	24.52509    	19.283310692
26/07/2009  	22.06138    	26.19695    	24.04952    	19.261589805
27/07/2009  	22.13051    	26.12599    	24.21277    	19.421597163
28/07/2009  	21.31437    	25.88863    	23.87414    	19.513133009
29/07/2009  	21.20432    	25.50561    	23.69160    	19.712735256
30/07/2009  	20.11141    	25.08301    	23.34916    	19.618451993
31/07/2009  	19.76029    	24.50154    	22.43405    	19.326747855
01/08/2009  	21.35447    	24.54361    	23.03292    	19.373043219
02/08/2009  	22.14906    	24.90363    	23.61662    	19.489578088
03/08/2009  	21.84888    	24.63763    	23.24598    	19.481989940
04/08/2009  	21.55981    	24.91803    	23.38868    	19.689493457
05/08/2009  	21.68165    	25.02122    	23.64262    	20.006110589
06/08/2009  	22.29529    	24.98231    	24.01066    	20.333191593
07/08/2009  	22.38737    	24.92790    	24.16282    	20.524967353
08/08/2009  	22.44333    	24.99322    	24.13101    	20.610540867
09/08/2009  	23.31233    	25.16236    	24.24652    	20.682272514
10/08/2009  	22.94661    	25.58163    	24.44618    	20.788400690
11/08/2009  	23.04971    	25.60354    	24.61885    	20.903371096
12/08/2009  	22.59808    	25.93992    	24.53929    	20.823864539
13/08/2009  	22.54420    	26.00972    	24.53173    	20.683536808
14/08/2009  	22.72297    	26.51118    	24.81337    	20.673243324
15/08/2009  	22.82499    	26.45316    	25.33799    	20.479803602
16/08/2009  	22.74507    	25.56518    	24.64181    	20.426001390
17/08/2009  	22.56655    	25.60267    	24.42482    	20.486508767
18/08/2009  	22.33259    	25.78331    	24.11346    	20.407310446
19/08/2009  	22.45607    	26.04286    	24.51863    	20.556097388
20/08/2009  	22.90178    	26.10244    	25.02216    	20.707560539
21/08/2009  	23.92543    	25.59700    	25.02048    	20.595772823
22/08/2009  	23.63604    	25.62490    	24.94273    	20.464876731
23/08/2009  	23.75561    	26.28782    	25.28648    	20.454829733
24/08/2009  	24.38039    	26.63620    	25.76246    	20.387198011
25/08/2009  	24.90264    	26.20259    	25.80024    	20.478168845
26/08/2009  	24.55943    	26.36850    	25.61830    	20.180928866
27/08/2009  	24.02313    	26.33732    	25.46473    	19.928166946
28/08/2009  	21.91569    	26.10694    	24.62131    	19.339844306
29/08/2009  	20.68160    	25.87593    	23.85375    	18.431911508
30/08/2009  	22.46082    	26.16068    	24.33542    	17.926372449
31/08/2009  	23.49472    	26.87958    	25.42868    	17.679806868
01/09/2009  	24.25978    	27.79630    	26.33888    	17.975626230
02/09/2009  	24.16260    	28.61439    	26.67251    	18.208608826
03/09/2009  	20.67064    	30.01153    	27.12523    	17.711231311
04/09/2009  	24.26056    	30.01957    	28.00996    	16.733228405
05/09/2009  	23.47465    	28.84583    	26.97229    	16.192379157
06/09/2009  	23.53957    	27.53882    	26.08947    	16.136627913
07/09/2009  	24.77158    	28.14300    	26.50443    	16.222313186
08/09/2009  	24.95268    	28.34883    	26.70945    	16.423398415
09/09/2009  	25.29244    	28.27048    	26.93356    	16.648117145
10/09/2009  	26.11423    	27.68779    	26.78606    	16.641422987
11/09/2009  	25.65109    	27.81629    	26.70680    	16.565005581
12/09/2009  	25.33013    	27.92946    	26.46130    	16.504232009
13/09/2009  	25.12411    	28.01666    	26.05729    	16.337010781
14/09/2009  	24.53123    	27.59545    	26.24705    	16.058415989
15/09/2009  	26.06407    	28.79618    	27.73869    	15.983519912
16/09/2009  	26.50500    	28.99952    	28.22368    	16.023644308
17/09/2009  	27.23625    	29.16556    	28.34708    	15.881939272
18/09/2009  	27.09971    	29.21463    	28.41156    	15.938285828
19/09/2009  	27.37183    	29.07238    	28.50793    	16.088561475
20/09/2009  	27.43572    	29.09185    	28.63216    	16.227538069
21/09/2009  	27.98095    	29.29599    	28.73751    	16.187104265
22/09/2009  	27.67379    	29.32174    	28.70327    	16.196792622
23/09/2009  	27.41437    	29.22404    	28.43240    	16.256400307
24/09/2009  	27.67081    	29.55013    	28.61404    	16.221931080
25/09/2009  	27.86897    	29.93264    	28.85473    	16.113393784
26/09/2009  	27.78123    	29.93708    	28.99974    	16.100560248
27/09/2009  	28.02446    	29.91887    	29.03169    	16.209371527
28/09/2009  	27.22764    	29.90205    	28.79549    	16.317751487
29/09/2009  	25.90616    	29.51694    	27.79963    	16.321526527
30/09/2009  	26.13145    	29.66421    	28.16134    	16.257992347
01/10/2009  	26.27600    	28.87640    	27.51625    	16.020708879
02/10/2009  	25.84915    	28.90338    	27.81897    	15.288629254
03/10/2009  	19.79042    	29.23908    	26.09890    	14.684999466
04/10/2009  	18.03124    	27.35581    	23.49894    	13.944400529
05/10/2009  	21.44469    	26.50958    	24.89071    	13.592542549
06/10/2009  	24.41578    	27.31812    	25.78381    	13.686918636
07/10/2009  	23.55305    	27.06365    	25.71524    	14.044704994
08/10/2009  	24.34495    	27.42121    	25.75661    	13.969993194
09/10/2009  	24.72748    	27.77621    	25.90289    	13.592609843
10/10/2009  	25.03100    	27.86000    	26.78610    	13.316349804
11/10/2009  	23.01384    	27.52381    	25.99726    	13.188381056
12/10/2009  	23.56960    	27.16165    	24.94987    	12.660123726
13/10/2009  	21.14237    	26.46909    	24.22598    	11.926026483
14/10/2009  	23.55429    	28.24383    	26.63980    	11.357596755
15/10/2009  	22.85358    	27.68764    	25.47177    	10.908009171
16/10/2009  	21.51542    	27.96970    	24.25185    	10.691689928
17/10/2009  	19.84118    	28.52124    	25.04583    	10.542780399
18/10/2009  	23.34055    	29.79525    	27.86675    	10.564297756
19/10/2009  	26.18474    	29.50387    	28.24376    	10.496216277
20/10/2009  	26.36127    	28.93982    	28.00389    	10.145882150
21/10/2009  	27.31355    	28.84281    	28.18502    	 9.768823842
22/10/2009  	27.80439    	28.24301    	28.03552    	 9.451506376
23/10/2009  	27.78901    	28.14325    	27.94909    	 9.483456711
24/10/2009  	27.80335    	28.58046    	28.04533    	 9.705645164
25/10/2009  	25.95537    	28.63284    	27.93805    	10.245191594
26/10/2009  	26.33314    	28.90066    	27.93863    	10.753023009
27/10/2009  	26.08939    	28.76056    	27.36549    	10.867197454
28/10/2009  	26.55828    	29.06539    	27.93773    	11.063496053
29/10/2009  	26.72237    	30.15681    	28.41452    	11.344395260
30/10/2009  	26.62007    	29.63452    	28.10523    	11.348763744
31/10/2009  	26.92157    	29.60017    	28.68166    	11.470070541
01/11/2009  	27.72897    	29.47138    	28.76812    	11.626186510
02/11/2009  	26.55729    	29.07454    	28.24061    	11.708763480
03/11/2009  	26.46218    	29.30502    	27.92767    	11.368955632
04/11/2009  	26.51556    	29.53172    	28.43198    	11.179044823
05/11/2009  	26.22265    	30.01477    	28.50473    	10.959113578
06/11/2009  	26.51177    	29.99452    	28.51924    	10.806906660
07/11/2009  	26.35567    	30.04109    	28.57846    	10.627849619
08/11/2009  	25.95291    	30.02810    	27.99790    	10.427764455
09/11/2009  	26.27007    	29.26768    	27.41825    	10.107851346
10/11/2009  	25.93125    	29.23874    	27.52424    	10.018491785
11/11/2009  	25.19996    	29.19947    	27.20120    	 9.835790773
12/11/2009  	23.74385    	28.79782    	27.24093    	 9.649575114
13/11/2009  	25.14097    	28.11547    	26.89055    	 9.659131229
14/11/2009  	24.17210    	28.42253    	26.91998    	10.085488657
15/11/2009  	23.61900    	30.59118    	27.87252    	10.466661930
16/11/2009  	25.64466    	30.58321    	28.25419    	10.523813983
17/11/2009  	24.99570    	29.85312    	28.12921    	10.518471579
18/11/2009  	20.13036    	29.66523    	27.19097    	10.355111738
19/11/2009  	25.17650    	29.96896    	28.70857    	10.752483229
20/11/2009  	26.61472    	30.05877    	28.89056    	10.472345134
21/11/2009  	26.75761    	29.77359    	28.50355    	10.444443882
22/11/2009  	27.00900    	29.81996    	28.49594    	10.573912740
23/11/2009  	26.41025    	30.27542    	29.04017    	10.339717567
24/11/2009  	26.97340    	30.53690    	29.06523    	10.076878587
25/11/2009  	29.71442    	30.64357    	30.44592    	10.434219221
26/11/2009  	29.25569    	30.49253    	30.25294    	 9.875930329
27/11/2009  	29.58305    	30.11532    	29.88445    	 9.400088509
28/11/2009  	27.54293    	29.90072    	29.24734    	 8.878396948
29/11/2009  	27.37498    	29.70319    	29.01749    	 8.588974317
30/11/2009  	27.28390    	29.36357    	28.66405    	 8.754932980
01/12/2009  	26.92795    	28.77659    	27.93751    	 8.456935207
02/12/2009  	26.30680    	28.39632    	27.62267    	 8.130127966
03/12/2009  	24.52025    	27.27220    	26.27398    	 8.061973770
04/12/2009  	23.83427    	27.07536    	25.44708    	 7.927115162
05/12/2009  	23.64202    	26.75336    	25.57415    	 7.764523764
06/12/2009  	23.04112    	26.79491    	25.28506    	 7.934257756
07/12/2009  	23.13599    	27.38151    	25.41879    	 8.162913889
08/12/2009  	23.49852    	27.62857    	25.71923    	 8.178687016
09/12/2009  	23.41345    	27.25356    	25.18148    	 8.082358023
10/12/2009  	21.57866    	27.03614    	24.54776    	 8.187287132
11/12/2009  	20.58150    	24.47649    	22.87150    	 8.048171143
12/12/2009  	19.84116    	23.91424    	22.17443    	 7.744157314
13/12/2009  	19.66622    	24.06151    	21.81300    	 7.312393268
14/12/2009  	19.35583    	23.44355    	21.71140    	 6.885637720
15/12/2009  	19.63009    	22.80687    	21.31367    	 6.228962560
16/12/2009  	18.98235    	22.40415    	20.91022    	 5.591871838
17/12/2009  	18.96424    	22.90175    	20.71103    	 5.233314971
18/12/2009  	18.88491    	22.88516    	20.79780    	 4.620399048
19/12/2009  	18.76330    	23.00488    	20.75459    	 4.018444488
20/12/2009  	18.75840    	23.11226    	21.31583    	 3.498891597
21/12/2009  	17.83169    	23.70406    	20.73115    	 3.190577045
22/12/2009  	19.70361    	24.57851    	22.36119    	 3.534092898
23/12/2009  	20.21504    	25.16804    	22.97852    	 3.723385662
24/12/2009  	21.75332    	25.79937    	24.33733    	 3.893586144
25/12/2009  	22.18546    	26.52018    	23.86533    	 3.627884413
26/12/2009  	22.34489    	24.66480    	23.31922    	 3.607295349
27/12/2009  	23.97727    	26.85115    	25.56638    	 4.298532426
28/12/2009  	23.66711    	28.06789    	25.90937    	 4.373145948
29/12/2009  	23.28911    	27.61584    	25.62233    	 4.121776159
30/12/2009  	23.62427    	28.11644    	26.10433    	 3.816615577
31/12/2009  	22.29221    	26.70644    	24.49662    	 3.197487642
01/01/2010  	20.85806    	24.85631    	22.94359    	 2.700085814
02/01/2010  	20.70127    	24.37362    	22.71999    	 2.473517855
03/01/2010  	20.65643    	24.14312    	22.38813    	 2.147438084
04/01/2010  	19.05418    	23.97795    	21.74394    	 1.898525668
05/01/2010  	18.96582    	23.82270    	21.68284    	 1.967343909
06/01/2010  	19.13254    	23.53321    	21.30834    	 1.925767235
07/01/2010  	19.10669    	23.40544    	21.08020    	 1.797229499
08/01/2010  	18.91874    	23.27275    	21.06845    	 1.590071118
09/01/2010  	16.08992    	22.38269    	19.43029    	 0.908862223
10/01/2010  	15.04307    	20.59457    	18.56369    	 0.649147598
11/01/2010  	16.68023    	22.73273    	20.30014    	 0.953233078
12/01/2010  	18.19826    	23.47959    	21.07838    	 1.064368214
13/01/2010  	18.63381    	23.96986    	22.13984    	 0.832626725
14/01/2010  	21.37297    	24.80928    	23.42727    	 1.095596918
15/01/2010  	21.92149    	24.60201    	23.22966    	 1.016390318
16/01/2010  	21.81917    	24.51999    	23.06889    	 1.073284265
17/01/2010  	22.28409    	24.87885    	23.71582    	 1.450199635
18/01/2010  	21.83855    	25.07941    	23.24906    	 1.530795758
19/01/2010  	21.57095    	24.93128    	22.88411    	 1.640739463
20/01/2010  	21.29697    	24.33113    	22.52748    	 1.527137630
21/01/2010  	21.70049    	24.30401    	22.95010    	 1.552421838
22/01/2010  	21.41587    	23.92078    	22.57011    	 1.333094630
23/01/2010  	21.96675    	23.32497    	22.50277    	 1.450528398
24/01/2010  	21.87454    	22.99280    	22.35339    	 1.384722546
25/01/2010  	21.83923    	23.65508    	22.61415    	 1.279648559
26/01/2010  	21.12387    	23.71049    	22.31488    	 0.671316938
27/01/2010  	19.67322    	23.55863    	22.18437    	 0.471363379
28/01/2010  	19.57401    	22.91330    	20.64579    	 0.450791106
29/01/2010  	18.18848    	22.88423    	20.08361    	 0.593836760
30/01/2010  	17.57927    	23.32175    	20.68586    	 0.703256649
31/01/2010  	17.86074    	23.52461    	21.22686    	 0.811475040
01/02/2010  	17.68705    	23.36957    	21.37542    	 0.912281806
02/02/2010  	18.32927    	23.47961    	21.52073    	 1.072535696
03/02/2010  	18.57377    	22.84254    	20.88497    	 1.163691709
04/02/2010  	18.46173    	22.91917    	21.17742    	 1.285885215
05/02/2010  	19.85815    	23.00026    	21.55014    	 1.456195508
06/02/2010  	20.04914    	22.56215    	21.51274    	 1.580215365
07/02/2010  	19.24481    	22.29811    	20.75963    	 1.549679719
08/02/2010  	19.40959    	22.53390    	21.00473    	 1.390431948
09/02/2010  	19.27637    	22.48826    	21.02727    	 1.102546275
10/02/2010  	17.85350    	22.12768    	20.05138    	 0.709898513
11/02/2010  	16.60150    	20.67085    	18.57683    	 0.432400450
12/02/2010  	16.50898    	21.84478    	19.19150    	 0.330215477
13/02/2010  	16.59046    	23.21080    	19.74046    	 0.068681595
14/02/2010  	17.81435    	23.68850    	20.85394    	-0.122259992
15/02/2010  	19.51687    	23.09523    	21.70449    	-0.262764485
16/02/2010  	19.71027    	22.82210    	21.77728    	-0.248963821
17/02/2010  	20.71239    	23.54750    	21.67901    	-0.009087988
18/02/2010  	20.87825    	24.64025    	22.25462    	 0.292365548
19/02/2010  	20.95894    	24.78916    	23.20985    	 0.894480307
20/02/2010  	21.04661    	24.61555    	22.89931    	 1.053793643
21/02/2010  	20.59893    	24.87798    	22.80156    	 1.094368392
22/02/2010  	21.53090    	25.37258    	23.71163    	 1.372058940
23/02/2010  	21.72227    	24.46303    	23.13644    	 1.430369422
24/02/2010  	22.44471    	25.45899    	24.25936    	 1.587137709
25/02/2010  	23.90257    	25.30809    	24.75318    	 1.888460594
26/02/2010  	19.88746    	25.22473    	24.23880    	 2.245778720
27/02/2010  	17.79577    	27.06624    	23.81161    	 2.557067697
28/02/2010  	22.02822    	27.20884    	24.42511    	 2.732977817
01/03/2010  	22.42170    	25.76954    	24.02039    	 2.869422669
02/03/2010  	21.56535    	25.93552    	23.62866    	 2.925419430
03/03/2010  	21.05890    	25.13490    	22.91458    	 2.976976757
04/03/2010  	19.25811    	24.89225    	21.98205    	 3.058053652
05/03/2010  	17.71905    	23.61129    	20.88057    	 3.034265493
06/03/2010  	15.85982    	23.65853    	19.95281    	 2.866131882
07/03/2010  	17.75223    	24.08035    	21.00271    	 2.645627121
08/03/2010  	16.17586    	21.58127    	19.28416    	 2.515212511
09/03/2010  	18.09342    	21.40074    	19.77637    	 2.412648842
10/03/2010  	17.16414    	20.52282    	19.59034    	 2.360023156
11/03/2010  	16.79506    	21.59368    	19.43534    	 2.441734205
12/03/2010  	14.92824    	21.32341    	18.82426    	 2.553429604
13/03/2010  	15.41606    	20.26213    	17.91408    	 2.720260069
14/03/2010  	14.51142    	20.41705    	17.51031    	 3.017958576
15/03/2010  	13.67684    	20.89946    	17.73984    	 3.351834575
16/03/2010  	14.99075    	20.84403    	18.50684    	 3.665808866
17/03/2010  	16.41174    	20.94071    	19.20681    	 3.880111257
18/03/2010  	17.27354    	21.84533    	19.53032    	 4.082963705
19/03/2010  	17.89347    	22.54919    	20.36513    	 4.433005601
20/03/2010  	19.32124    	23.22868    	21.56243    	 4.877254208
21/03/2010  	18.97643    	23.33241    	21.29294    	 5.400876403
22/03/2010  	18.93541    	23.38346    	21.15569    	 5.608892659
23/03/2010  	19.48816    	23.64503    	21.72266    	 5.738164832
24/03/2010  	19.62167    	23.66062    	21.85238    	 5.927414149
25/03/2010  	20.59331    	24.15051    	22.49789    	 6.200055232
26/03/2010  	20.75261    	23.99611    	22.87617    	 6.482908020
27/03/2010  	20.68415    	24.30974    	22.95141    	 6.632031033
28/03/2010  	20.23506    	24.30053    	22.78484    	 6.843250175
29/03/2010  	19.78346    	24.78244    	22.54057    	 7.071565648
30/03/2010  	20.19217    	24.67809    	22.78377    	 7.232004841
31/03/2010  	21.76505    	25.05289    	23.81277    	 7.071719120
01/04/2010  	22.09036    	26.34640    	23.98757    	 6.781437914
02/04/2010  	21.96620    	27.63445    	24.62709    	 6.587239722
03/04/2010  	23.21828    	27.70497    	25.72225    	 6.629928698
04/04/2010  	23.87135    	27.48013    	25.68250    	 6.858511577
05/04/2010  	22.81400    	26.92675    	24.95794    	 7.037837823
06/04/2010  	22.80857    	26.95149    	25.16855    	 7.258077512
07/04/2010  	23.91229    	26.84944    	25.63971    	 7.485206743
08/04/2010  	22.03420    	26.21311    	24.35904    	 7.904090613
09/04/2010  	21.93512    	25.60749    	23.76070    	 8.284406602
10/04/2010  	20.94978    	25.13327    	23.07342    	 8.660633326
11/04/2010  	20.20855    	24.14374    	22.04175    	 8.862808506
12/04/2010  	18.93127    	24.01294    	21.48258    	 8.864947319
13/04/2010  	18.53257    	23.92317    	21.21720    	 8.903113981
14/04/2010  	18.72902    	24.05136    	21.41714    	 8.959515989
15/04/2010  	19.05436    	24.32502    	21.92271    	 9.018428365
16/04/2010  	19.61311    	24.40535    	21.99107    	 9.107905547
17/04/2010  	19.38807    	24.61001    	22.51854    	 9.264515320
18/04/2010  	20.45380    	24.60356    	22.85731    	 9.530129711
19/04/2010  	20.59291    	25.35258    	22.98120    	 9.743250648
20/04/2010  	21.60013    	25.50605    	23.77531    	 9.859590729
21/04/2010  	20.98517    	25.24906    	22.51323    	 9.509324074
22/04/2010  	20.17234    	25.59580    	23.09050    	 9.323295891
23/04/2010  	22.28143    	25.80247    	24.64626    	 9.357524554
24/04/2010  	23.17692    	25.75554    	24.65076    	 9.623010278
25/04/2010  	23.30144    	25.88243    	24.90230    	 9.890127699
26/04/2010  	23.37043    	25.77809    	24.95339    	10.154435237
27/04/2010  	23.08202    	26.19835    	24.95782    	10.499524832
28/04/2010  	23.39292    	26.53521    	25.14114    	10.855352441
29/04/2010  	23.74609    	26.50023    	25.57495    	11.054313163
30/04/2010  	24.13472    	26.66402    	25.76586    	11.276572585
01/05/2010  	24.08924    	26.64678    	25.72217    	11.461216251
02/05/2010  	23.99857    	26.94383    	25.67128    	11.554480592
03/05/2010  	21.10181    	26.74792    	23.94853    	11.079387863
04/05/2010  	18.51036    	26.51533    	22.87439    	10.518008689
05/05/2010  	19.87645    	26.82773    	23.92789    	10.452002247
06/05/2010  	21.40085    	26.98374    	24.27070    	10.311717391
07/05/2010  	21.50646    	27.15148    	24.36968    	10.064743638
08/05/2010  	23.53325    	27.48565    	25.82767    	10.106428782
09/05/2010  	23.11113    	26.95396    	25.08706    	10.227201521
10/05/2010  	23.12408    	27.28187    	25.21152    	10.326385677
11/05/2010  	23.19907    	27.29422    	25.10199    	10.302859863
12/05/2010  	22.19375    	27.14363    	24.75781    	 9.921620011
13/05/2010  	20.22424    	27.76725    	24.83139    	 9.651120087
14/05/2010  	22.75975    	27.36859    	25.78522    	 9.659780264
15/05/2010  	23.57361    	27.44696    	25.83699    	 9.984568973
16/05/2010  	22.74259    	27.44043    	25.65779    	10.280210714
17/05/2010  	23.63927    	27.46413    	25.81942    	10.640402277
18/05/2010  	23.41314    	27.62936    	25.62605    	11.091606975
19/05/2010  	22.80164    	28.03825    	25.54031    	11.672212223
20/05/2010  	22.60706    	27.89302    	25.70212    	12.304566522
21/05/2010  	22.71374    	27.45352    	25.38036    	12.963738302
22/05/2010  	21.26872    	27.41534    	24.54570    	13.613660177
23/05/2010  	22.66808    	27.27818    	25.16597    	14.264195442
24/05/2010  	22.64896    	27.06879    	25.48352    	14.721530537
25/05/2010  	22.80940    	27.05654    	25.04379    	14.962440511
26/05/2010  	22.66091    	27.84709    	25.52785    	15.018573642
27/05/2010  	23.02139    	28.08727    	26.11993    	14.819183449
28/05/2010  	24.17845    	28.12102    	26.52431    	14.898156881
29/05/2010  	23.83453    	27.94566    	26.51210    	14.876670976
30/05/2010  	25.02811    	27.76016    	26.97827    	14.891201099
31/05/2010  	24.66738    	27.73412    	26.66447    	14.894813001
01/06/2010  	24.95907    	28.89952    	26.85663    	14.982335071
02/06/2010  	24.55131    	28.93080    	26.82759    	15.262335380
03/06/2010  	24.50008    	28.83972    	26.67232    	15.654843171
04/06/2010  	24.19651    	28.58311    	26.45958    	16.035144289
05/06/2010  	24.53831    	28.36762    	26.66432    	16.383370916
06/06/2010  	25.19505    	28.15283    	26.95252    	16.629206618
07/06/2010  	25.46596    	28.08028    	27.05504    	16.640516639
08/06/2010  	25.29741    	27.74023    	26.70748    	16.844949285
09/06/2010  	25.08835    	27.57810    	26.52733    	17.132721424
10/06/2010  	24.44304    	27.56379    	26.16465    	17.382459283
11/06/2010  	24.37096    	27.73257    	26.14220    	17.601139148
12/06/2010  	23.93884    	27.52693    	25.95146    	17.626544237
13/06/2010  	23.17238    	27.28831    	25.41003    	17.638412158
14/06/2010  	23.17838    	27.63888    	25.56147    	17.775339325
15/06/2010  	21.97215    	27.55470    	24.64795    	17.554662148
16/06/2010  	20.88323    	27.52967    	24.11818    	17.144808729
17/06/2010  	21.48608    	27.99135    	24.94141    	16.818765640
18/06/2010  	22.60539    	28.46878    	25.61434    	16.527329803
19/06/2010  	22.44350    	28.57399    	25.40078    	15.824119767
20/06/2010  	22.87145    	28.87298    	25.82451    	14.983506819
21/06/2010  	25.30386    	29.77515    	27.61529    	14.616676172
22/06/2010  	26.28398    	30.16163    	28.62132    	14.864896556
23/06/2010  	27.35344    	29.84705    	28.98180    	15.395567060
24/06/2010  	27.70238    	29.57793    	28.91331    	15.941060026
25/06/2010  	27.51738    	29.39875    	28.78195    	16.410600026
26/06/2010  	27.55816    	29.72687    	28.87334    	17.136167725
27/06/2010  	27.75687    	29.83413    	29.07750    	17.604125659
28/06/2010  	28.14465    	29.71413    	29.12495    	18.257877390
29/06/2010  	28.34178    	29.68569    	29.17387    	18.786582192
30/06/2010  	28.20016    	29.87918    	29.21589    	19.183946490
01/07/2010  	28.41227    	30.02832    	29.34413    	19.549372395
02/07/2010  	28.59083    	30.11359    	29.44545    	19.966592709
03/07/2010  	28.12763    	30.09513    	29.26105    	20.449998418
04/07/2010  	28.24702    	29.79224    	29.24053    	20.761899193
05/07/2010  	28.41376    	29.76355    	29.41449    	20.919921041
06/07/2010  	28.47924    	29.83784    	29.28986    	21.012190183
07/07/2010  	28.51460    	30.14931    	29.43587    	20.797219714
08/07/2010  	28.98893    	30.20459    	29.71702    	20.657547911
09/07/2010  	28.94284    	30.09517    	29.69249    	20.974881053
10/07/2010  	28.88566    	30.23621    	29.74476    	21.496328910
11/07/2010  	28.59392    	30.17376    	29.63793    	21.921677152
12/07/2010  	28.70018    	30.15739    	29.67328    	22.046032468
13/07/2010  	28.89122    	30.11218    	29.74328    	21.905183713
14/07/2010  	28.81416    	30.11115    	29.65135    	22.155826728
15/07/2010  	27.69829    	30.08183    	29.35084    	21.764497876
16/07/2010  	27.39349    	29.38843    	28.71678    	21.017510891
17/07/2010  	27.09028    	29.02170    	28.40099    	20.667574485
18/07/2010  	27.38965    	28.84426    	28.22250    	20.437787851
19/07/2010  	27.58743    	28.94921    	28.29703    	20.556852063
20/07/2010  	27.83528    	29.16909    	28.47757    	20.830001712
21/07/2010  	28.08080    	29.34069    	28.83937    	20.946257194
22/07/2010  	28.20213    	29.34671    	28.98570    	20.932169120
23/07/2010  	28.07576    	29.39455    	28.95151    	21.041813413
24/07/2010  	28.10666    	29.51931    	28.86644    	20.978216807
25/07/2010  	27.93662    	29.52419    	28.90072    	20.981616934
26/07/2010  	27.67052    	29.45181    	28.77703    	21.004089554
27/07/2010  	27.08688    	29.53063    	28.52255    	20.998265346
28/07/2010  	26.84569    	29.63141    	28.49360    	21.087046862
29/07/2010  	26.33449    	29.70227    	28.13476    	20.982638756
30/07/2010  	25.32976    	29.76093    	27.72017    	20.751888394
31/07/2010  	25.01620    	29.58406    	28.13957    	20.634717782
01/08/2010  	26.36129    	29.49430    	28.28614    	20.562544266
02/08/2010  	26.22711    	29.42355    	28.11813    	20.612599572
03/08/2010  	26.05924    	29.19043    	27.87914    	20.628377795
04/08/2010  	26.75506    	29.20999    	28.30146    	20.484067480
05/08/2010  	26.47434    	28.91628    	27.84356    	20.177075227
06/08/2010  	25.44884    	28.70081    	27.47959    	20.106984019
07/08/2010  	25.61680    	28.74619    	27.73213    	20.158208330
08/08/2010  	26.24112    	28.47403    	27.46330    	20.093756318
09/08/2010  	25.17702    	28.17022    	26.84223    	20.108871937
10/08/2010  	25.15784    	28.48030    	27.12459    	20.176497102
11/08/2010  	25.47325    	27.91661    	26.92102    	20.121600350
12/08/2010  	24.69688    	27.57649    	26.45504    	20.099755327
13/08/2010  	24.18064    	27.63193    	26.32597    	19.849245906
14/08/2010  	24.39941    	27.57102    	26.22591    	19.967056751
15/08/2010  	21.84383    	27.51904    	25.16669    	19.772127827
16/08/2010  	21.97258    	26.13792    	24.09020    	19.414292296
17/08/2010  	22.53939    	26.79196    	24.58683    	19.397762577
18/08/2010  	21.44236    	25.99211    	23.85869    	19.283590794
19/08/2010  	22.02818    	25.53878    	24.09011    	19.099744439
20/08/2010  	20.81430    	25.45993    	23.81794    	18.897929152
21/08/2010  	20.84468    	24.83225    	23.56661    	18.984503746
22/08/2010  	20.31686    	24.82095    	23.00872    	19.220094045
23/08/2010  	19.77258    	25.59121    	23.06696    	19.403397044
24/08/2010  	19.12273    	25.90268    	23.38197    	19.040225466
25/08/2010  	17.85973    	26.75896    	22.87785    	18.356359363
26/08/2010  	19.50765    	26.99333    	23.49042    	18.165590326
27/08/2010  	21.24157    	26.84027    	24.10236    	17.778750698
28/08/2010  	22.16139    	25.56138    	23.66129    	17.444513520
29/08/2010  	19.06978    	25.16336    	22.52565    	17.088594198
30/08/2010  	19.32328    	24.35751    	21.73450    	16.273292184
31/08/2010  	18.27127    	24.86040    	22.14860    	15.793344120
01/09/2010  	19.75913    	24.51279    	22.37322    	15.829854250
02/09/2010  	18.93683    	23.44163    	21.41401    	15.883477191
03/09/2010  	18.83586    	22.78803    	20.93998    	16.000085115
04/09/2010  	17.52666    	21.97115    	20.18092    	16.154448132
05/09/2010  	17.95095    	21.52749    	19.93553    	16.224497318
06/09/2010  	17.01970    	21.21104    	19.45763    	16.095684270
07/09/2010  	17.79531    	21.83975    	20.54893    	15.820360561
08/09/2010  	19.29648    	23.50682    	21.41528    	15.806503157
09/09/2010  	20.14157    	23.97986    	22.21798    	16.109477937
10/09/2010  	19.97102    	23.44974    	21.79636    	16.213742872
11/09/2010  	19.46111    	23.22488    	21.70513    	16.415029287
12/09/2010  	19.75481    	23.15476    	21.48313    	16.667248925
13/09/2010  	18.83358    	22.86045    	21.09382    	16.591342251
14/09/2010  	17.82399    	22.91685    	20.80855    	16.627087951
15/09/2010  	14.07493    	23.02436    	19.30576    	16.255794267
16/09/2010  	15.33947    	22.49809    	19.26413    	15.651405295
17/09/2010  	16.03244    	21.90819    	18.66796    	15.190838218
18/09/2010  	16.68331    	20.35382    	18.75907    	14.599302808
19/09/2010  	17.49482    	21.90623    	20.47659    	14.170368016
20/09/2010  	18.20373    	22.35511    	20.63708    	14.434382319
21/09/2010  	17.12285    	23.75538    	20.76750    	14.797137777
22/09/2010  	17.77595    	23.11391    	20.67160    	15.007681191
23/09/2010  	18.60928    	22.63217    	20.64147    	15.268889169
24/09/2010  	18.37513    	22.18814    	20.54326    	15.469344993
25/09/2010  	17.69429    	20.88351    	19.24917    	14.938971897
26/09/2010  	17.26221    	22.24691    	19.87519    	14.733625929
27/09/2010  	17.43905    	22.43849    	20.16839    	14.705804785
28/09/2010  	17.93786    	22.52421    	20.17180    	14.663369119
29/09/2010  	17.95837    	22.10893    	20.09767    	14.403880119
30/09/2010  	18.23809    	21.68907    	20.29139    	14.002972563
01/10/2010  	19.06978    	21.02800    	20.23536    	13.966984093
02/10/2010  	19.47752    	22.06813    	21.07714    	14.217571457
03/10/2010  	20.92391    	24.04724    	22.50616    	14.794357300
04/10/2010  	22.32943    	24.34282    	23.43055    	15.232329071
05/10/2010  	22.04208    	24.40023    	23.36171    	15.440414548
06/10/2010  	21.90596    	24.52963    	23.61803    	15.657190720
07/10/2010  	21.89392    	24.39011    	23.14864    	15.650943398
08/10/2010  	22.05476    	24.42876    	23.09563    	15.709694882
09/10/2010  	21.46636    	24.04463    	22.88144    	15.513806323
10/10/2010  	21.15089    	23.50377    	22.50925    	15.099874695
11/10/2010  	19.71024    	23.38968    	21.59499    	14.509984732
12/10/2010  	18.64556    	22.70814    	20.55711    	14.097191374
13/10/2010  	18.29046    	22.36283    	20.06347    	13.841014663
14/10/2010  	17.60544    	22.37172    	19.90917    	13.602645814
15/10/2010  	16.94896    	21.99455    	19.47121    	13.317948381
16/10/2010  	16.84753    	23.91160    	19.22432    	12.724897464
17/10/2010  	20.35109    	23.76323    	22.60697    	12.094483097
18/10/2010  	20.13224    	23.31072    	22.25670    	11.626516879
19/10/2010  	19.26573    	22.82442    	21.10133    	11.281274954
20/10/2010  	19.34167    	22.50673    	20.17817    	10.912752231
21/10/2010  	18.04443    	22.25687    	20.12907    	10.145739953
22/10/2010  	16.69983    	22.63922    	19.83648    	 9.726032138
23/10/2010  	17.24561    	23.75221    	21.27955    	 9.769597352
24/10/2010  	19.01541    	23.69514    	21.19331    	 9.506165385
25/10/2010  	18.79165    	22.28184    	20.05785    	 8.987213850
26/10/2010  	17.70814    	23.08814    	20.69440    	 8.627080858
27/10/2010  	18.49458    	23.09522    	21.41138    	 8.545998812
28/10/2010  	18.85445    	24.08697    	22.12305    	 9.237740199
29/10/2010  	19.67819    	24.65606    	22.03995    	 9.642289440
30/10/2010  	22.56166    	26.06006    	24.16054    	10.299087604
31/10/2010  	22.90871    	26.21550    	24.97187    	10.536842148
01/11/2010  	22.07089    	26.08146    	24.07144    	10.428053717
02/11/2010  	21.71733    	25.32876    	24.07120    	10.519224068
03/11/2010  	20.20560    	24.89568    	23.17954    	10.753941059
04/11/2010  	19.13998    	25.65487    	23.10119    	11.067061603
05/11/2010  	18.83623    	27.45027    	24.32844    	11.869503359
06/11/2010  	20.98441    	27.23166    	23.96137    	11.731236716
07/11/2010  	20.98865    	26.62723    	23.77551    	11.295928200
08/11/2010  	21.31964    	26.32765    	23.95442    	10.618240972
09/11/2010  	22.03760    	26.21482    	24.50079    	 9.763951997
10/11/2010  	21.19415    	25.12866    	22.92118    	 8.900551577
11/11/2010  	17.63611    	24.03514    	22.19147    	 8.258096556
12/11/2010  	16.22114    	29.43547    	24.39686    	 8.827213317
13/11/2010  	17.71370    	27.89704    	22.84661    	 8.716905793
14/11/2010  	22.02282    	27.34441    	25.28772    	 9.071874062
15/11/2010  	22.01400    	27.21836    	24.48997    	 8.899233003
16/11/2010  	21.94236    	26.76505    	24.37714    	 8.789183358
17/11/2010  	22.20640    	26.78570    	24.43767    	 8.480642051
18/11/2010  	22.00406    	26.53085    	24.72215    	 8.186335365
19/11/2010  	21.61699    	25.13052    	23.61360    	 7.947023382
20/11/2010  	20.88277    	24.77532    	22.97089    	 7.864746292
21/11/2010  	20.57202    	24.40480    	22.49649    	 7.702264945
22/11/2010  	19.13423    	24.16652    	21.68826    	 7.329015404
23/11/2010  	17.30941    	21.87976    	19.82171    	 6.860404740
24/11/2010  	16.89473    	22.67126    	20.02047    	 6.473553797
25/11/2010  	18.56404    	23.39911    	21.02110    	 6.146804680
26/11/2010  	18.86654    	23.61395    	21.32475    	 5.789716065
27/11/2010  	19.49212    	23.63224    	21.45837    	 5.387084464
28/11/2010  	19.37073    	23.04693    	21.29656    	 4.831666539
29/11/2010  	18.95846    	22.37000    	20.99456    	 4.157052030
30/11/2010  	19.34521    	23.18066    	21.34611    	 3.736775120
01/12/2010  	19.44323    	22.77827    	21.11058    	 2.735166480
02/12/2010  	20.20585    	23.94012    	22.16094    	 2.437317056
03/12/2010  	20.95867    	24.32627    	22.83578    	 2.544652350
04/12/2010  	21.11959    	24.26487    	23.25078    	 2.288420523
05/12/2010  	21.76049    	26.00447    	24.12431    	 2.500987512
06/12/2010  	22.05359    	26.65805    	24.33183    	 2.657800190
07/12/2010  	22.18189    	26.54468    	24.48174    	 2.613155194
08/12/2010  	22.52026    	26.23883    	24.39187    	 2.436946921
09/12/2010  	21.49670    	25.68774    	23.23271    	 1.999640090
10/12/2010  	20.14783    	25.25479    	22.55012    	 1.823505464
11/12/2010  	20.20909    	25.24094    	22.29597    	 2.273852656
12/12/2010  	18.06356    	26.77309    	21.90000    	 2.848599394
13/12/2010  	22.64734    	26.56072    	24.85766    	 3.375968119
14/12/2010  	22.52084    	26.42338    	24.54909    	 3.004826337
15/12/2010  	20.91288    	26.60174    	23.26812    	 2.595349809
16/12/2010  	19.33302    	26.28344    	23.61483    	 2.348172888
17/12/2010  	21.12733    	24.92503    	23.56379    	 2.302226593
18/12/2010  	20.74600    	25.13646    	23.78585    	 2.079879008
19/12/2010  	22.14590    	24.06968    	23.49885    	 1.529870840
20/12/2010  	22.42666    	24.32330    	23.51057    	 1.183814876
21/12/2010  	21.72008    	24.33573    	23.14270    	 0.939690733
22/12/2010  	21.72624    	24.14236    	23.04121    	 0.584727194
23/12/2010  	20.26771    	23.13436    	21.92754    	 0.168581011
24/12/2010  	17.95662    	23.91401    	20.90629    	-0.054553192
25/12/2010  	17.61451    	25.45899    	22.28780    	-0.241013162
26/12/2010  	20.51185    	25.15972    	23.31520    	-0.246284207
27/12/2010  	19.89887    	24.69120    	22.96631    	-0.123653109
28/12/2010  	20.77932    	23.96981    	22.41767    	-0.062920912
29/12/2010  	21.45297    	23.19841    	22.36199    	-0.057869986
30/12/2010  	20.49315    	22.34847    	21.66992    	 0.006396879
31/12/2010  	19.12964    	22.33175    	21.18748    	 0.164202743
01/01/2011  	18.74155    	22.73642    	21.16944    	 0.487780214
02/01/2011  	18.66107    	23.30008    	20.96371    	 0.702879983
03/01/2011  	18.62751    	23.58222    	21.69835    	 0.946773529
04/01/2011  	19.09689    	23.38273    	21.76835    	 1.051791606
05/01/2011  	19.67692    	22.55568    	21.13406    	 1.023674262
06/01/2011  	19.81531    	24.56872    	21.73758    	 1.253570564
07/01/2011  	19.86145    	24.08099    	21.85710    	 1.452483361
08/01/2011  	19.75283    	23.72793    	22.16177    	 2.106160653
09/01/2011  	19.50742    	24.32183    	22.14006    	 2.354235590
10/01/2011  	18.93800    	24.32966    	21.50788    	 2.250711501
11/01/2011  	20.09991    	24.45647    	22.54278    	 2.198283963
12/01/2011  	20.26094    	24.80784    	22.53427    	 2.280754114
13/01/2011  	20.94371    	24.71290    	23.15912    	 2.536010792
14/01/2011  	20.53014    	24.28390    	22.95247    	 2.987671033
15/01/2011  	20.05582    	24.64910    	23.09479    	 3.390589257
16/01/2011  	21.38872    	27.20285    	25.42566    	 3.952713390
17/01/2011  	21.12983    	27.59051    	25.55742    	 4.255913223
18/01/2011  	20.64679    	25.98358    	23.91296    	 4.239370177
19/01/2011  	18.48481    	24.21801    	21.80659    	 4.128314108
20/01/2011  	15.67717    	22.61870    	19.61972    	 3.914649685
21/01/2011  	15.28486    	21.30086    	18.70654    	 3.733938565
22/01/2011  	13.01734    	20.09620    	16.90631    	 3.667239944
23/01/2011  	11.67481    	19.70367    	15.67482    	 3.683542321
24/01/2011  	10.08341    	19.52988    	15.01222    	 3.834276299
25/01/2011  	10.75551    	19.32868    	15.19148    	 3.969642575
26/01/2011  	13.43921    	18.62200    	16.46430    	 3.988498206
27/01/2011  	12.83371    	18.57161    	15.80652    	 3.470031545
28/01/2011  	13.86449    	18.58517    	16.14477    	 2.823721588
29/01/2011  	14.24844    	19.49151    	16.83831    	 2.596080467
30/01/2011  	14.34937    	19.48121    	17.08397    	 2.431376194
31/01/2011  	14.60984    	19.47476    	17.45519    	 2.343014951
01/02/2011  	14.15448    	20.57134    	17.62803    	 2.145201546
02/02/2011  	15.39593    	20.05556    	18.37908    	 2.305516576
03/02/2011  	14.96008    	21.97652    	18.99405    	 2.695240393
04/02/2011  	11.70674    	28.51561    	20.45146    	 3.620016779
05/02/2011  	20.69732    	30.02168    	26.86888    	 4.807973454
06/02/2011  	27.55966    	29.30962    	28.64300    	 5.223329723
07/02/2011  	23.52477    	28.90894    	27.41593    	 5.294935962
08/02/2011  	23.04639    	28.62740    	26.52661    	 5.226564596
09/02/2011  	23.73115    	27.73500    	25.84034    	 5.252414256
10/02/2011  	24.07551    	27.50911    	25.86219    	 4.935925454
11/02/2011  	23.23322    	26.57254    	25.02838    	 4.962893327
12/02/2011  	22.87673    	25.82170    	24.55602    	 4.761155566
13/02/2011  	23.40299    	25.55167    	24.87395    	 4.531354080
14/02/2011  	23.53546    	24.68996    	24.32218    	 4.572485636
15/02/2011  	22.90744    	24.45592    	23.83533    	 4.599920859
16/02/2011  	23.04805    	24.69280    	23.86428    	 4.613183886
17/02/2011  	22.99061    	24.80617    	23.75720    	 4.560240577
18/02/2011  	22.67140    	24.83141    	23.75470    	 4.271113286
19/02/2011  	22.41083    	24.60847    	23.40554    	 3.861070489
20/02/2011  	22.14953    	24.42502    	23.12809    	 3.298032045
21/02/2011  	21.99542    	23.56323    	22.79419    	 2.624771520
22/02/2011  	22.06728    	23.69107    	22.82703    	 1.994074956
23/02/2011  	22.12689    	23.68198    	22.80343    	 1.736361429
24/02/2011  	21.92716    	23.56017    	22.99214    	 1.767290349
25/02/2011  	22.24273    	24.28344    	23.09653    	 1.997646876
26/02/2011  	22.28370    	24.73660    	23.90089    	 2.528981437
27/02/2011  	22.64834    	24.86329    	23.48494    	 2.906692122
28/02/2011  	22.21015    	23.23680    	22.68936    	 2.958062381
01/03/2011  	21.09299    	22.63276    	22.04043    	 3.025115038
02/03/2011  	19.20141    	22.58826    	20.75199    	 2.945634286
03/03/2011  	17.66430    	22.61118    	20.27447    	 2.858846451
04/03/2011  	17.52703    	22.62601    	19.83667    	 2.783569743
05/03/2011  	17.61607    	22.40764    	20.14323    	 2.935188438
06/03/2011  	17.69348    	22.73307    	19.86953    	 3.010511761
07/03/2011  	17.49977    	22.89017    	20.70971    	 3.027024155
08/03/2011  	19.04497    	22.93196    	21.38416    	 3.069269881
09/03/2011  	18.98883    	22.85269    	21.46888    	 3.262849112
10/03/2011  	17.27630    	23.29585    	20.65832    	 3.650691589
11/03/2011  	16.52094    	24.18506    	20.84470    	 4.052657217
12/03/2011  	18.54568    	24.53623    	21.94783    	 4.166207721
13/03/2011  	20.08210    	25.29615    	23.12303    	 4.389751067
14/03/2011  	20.63602    	24.76065    	22.91903    	 4.640845726
15/03/2011  	20.96868    	24.94807    	22.86215    	 4.961947352
16/03/2011  	21.59602    	25.40479    	23.64906    	 5.241793036
17/03/2011  	21.84577    	25.39478    	23.62946    	 5.463862876
18/03/2011  	21.20386    	25.07893    	23.31176    	 5.591169973
19/03/2011  	21.33310    	24.77928    	22.89355    	 5.721121500
20/03/2011  	21.25458    	24.66902    	22.83966    	 5.885273149
21/03/2011  	21.09744    	24.51921    	23.15979    	 5.990573903
22/03/2011  	21.15109    	24.47974    	23.23340    	 6.182211171
23/03/2011  	21.37632    	24.77073    	23.07651    	 6.505868773
24/03/2011  	21.11829    	24.91979    	23.33370    	 6.762408187
25/03/2011  	21.39855    	25.17661    	23.54514    	 7.045231750
26/03/2011  	21.76307    	25.25214    	23.62997    	 7.164749394
27/03/2011  	21.89542    	25.60639    	24.01098    	 7.091392418
28/03/2011  	23.06181    	25.59088    	24.44193    	 7.121963084
29/03/2011  	22.73210    	25.87002    	24.60947    	 7.202304383
30/03/2011  	23.36673    	25.82958    	24.91866    	 7.364268889
31/03/2011  	23.67608    	25.85780    	25.00455    	 7.607870966
01/04/2011  	23.92123    	25.48026    	24.84411    	 7.911178718
02/04/2011  	23.80685    	26.30873    	24.99953    	 8.149120957
03/04/2011  	23.90517    	26.71940    	25.47891    	 8.326047450
04/04/2011  	24.08162    	26.92295    	25.77405    	 8.483873407
05/04/2011  	24.22543    	26.79619    	25.76218    	 8.636999210
06/04/2011  	24.47109    	26.37043    	25.70665    	 8.965277831
07/04/2011  	24.41483    	26.69117    	25.64680    	 9.357493242
08/04/2011  	24.41039    	26.87059    	25.65820    	 9.556930761
09/04/2011  	24.73558    	26.75146    	25.59844    	 9.753890574
10/04/2011  	24.90889    	26.79774    	25.73074    	 9.977971653
11/04/2011  	24.88019    	27.04554    	26.05947    	10.243480106
12/04/2011  	24.23537    	26.97915    	25.56772    	10.412897170
13/04/2011  	24.31804    	26.67117    	25.33018    	10.446272949
14/04/2011  	24.72153    	27.00118    	26.09264    	10.518401007
15/04/2011  	24.61508    	27.37546    	26.17992    	10.578361710
16/04/2011  	24.44363    	27.52269    	26.41431    	10.663891435
17/04/2011  	25.01937    	27.19956    	26.48795    	10.938711246
18/04/2011  	25.43418    	27.45205    	26.73805    	11.276312272
19/04/2011  	25.88816    	27.53090    	26.93587    	11.542040845
20/04/2011  	25.95495    	27.68146    	27.08511    	11.927454392
21/04/2011  	26.15875    	27.81949    	27.15395    	12.331744413
22/04/2011  	26.43899    	28.06526    	27.35507    	12.728769422
23/04/2011  	26.58953    	28.09542    	27.53575    	13.096640130
24/04/2011  	26.72834    	28.13400    	27.56198    	13.512874881
25/04/2011  	26.80468    	28.35353    	27.55315    	14.014595071
26/04/2011  	26.93693    	28.50433    	27.64179    	14.150641938
27/04/2011  	26.48752    	28.62951    	27.25505    	13.843136529
28/04/2011  	26.50468    	29.18932    	27.66020    	13.539130072
29/04/2011  	26.46649    	29.46205    	28.25409    	13.407753944
30/04/2011  	26.92055    	29.63809    	28.82048    	13.234884838
01/05/2011  	27.93296    	29.62636    	29.14745    	12.920056939
02/05/2011  	28.41754    	29.86397    	29.33205    	12.549046417
03/05/2011  	28.41837    	30.01059    	29.48446    	12.181663672
04/05/2011  	28.52254    	30.21245    	29.49887    	12.173608363
05/05/2011  	28.49484    	30.22796    	29.50603    	12.184966147
06/05/2011  	28.51043    	30.32252    	29.65701    	12.251828631
07/05/2011  	28.74083    	30.54445    	29.88141    	12.348784407
08/05/2011  	29.25191    	30.53119    	30.13440    	12.497612655
09/05/2011  	29.69592    	30.50489    	30.24128    	12.799202661
10/05/2011  	29.68557    	30.48591    	30.23804    	13.114362677
11/05/2011  	29.80307    	30.46883    	30.24983    	13.560891926
12/05/2011  	29.96670    	30.49970    	30.27581    	14.031396031
13/05/2011  	29.89683    	30.45654    	30.23281    	14.274918040
14/05/2011  	29.94744    	30.43152    	30.24341    	14.454969704
15/05/2011  	29.92390    	30.44747    	30.23143    	14.553714434
16/05/2011  	29.94636    	30.47508    	30.28797    	14.523892204
17/05/2011  	29.90044    	30.53249    	30.24681    	14.444268723
18/05/2011  	29.91043    	30.59462    	30.23092    	14.605334004
19/05/2011  	29.86977    	30.63169    	30.30399    	14.855285188
20/05/2011  	29.96794    	30.76595    	30.45308    	15.135287801
21/05/2011  	30.23207    	30.88815    	30.61385    	15.544219494
22/05/2011  	30.29873    	31.00394    	30.63336    	15.896484693
23/05/2011  	30.23819    	30.88996    	30.55508    	15.991206408
24/05/2011  	30.18615    	30.80587    	30.46444    	15.814931214
25/05/2011  	29.92350    	30.89243    	30.40565    	15.682005306
26/05/2011  	29.67742    	30.82076    	30.39532    	15.477777918
27/05/2011  	28.06699    	30.27654    	29.48085    	15.020290534
28/05/2011  	28.64825    	30.49063    	30.01164    	14.807187756
29/05/2011  	29.60810    	30.37320    	30.22309    	14.405563613
30/05/2011  	29.64858    	30.37042    	30.14978    	14.776397129
31/05/2011  	29.72752    	30.35265    	30.12869    	15.172084928
01/06/2011  	29.35539    	30.31839    	29.98950    	15.520342489
02/06/2011  	29.67847    	30.34132    	30.03737    	15.974334697
03/06/2011  	29.73600    	30.29739    	30.07195    	16.506350935
04/06/2011  	30.08173    	30.52292    	30.25926    	16.815251311
05/06/2011  	30.21035    	30.61536    	30.39524    	16.901097020
06/06/2011  	30.24813    	30.64372    	30.43218    	16.942875306
07/06/2011  	30.20444    	30.86395    	30.49902    	17.253420154
08/06/2011  	30.31002    	30.83727    	30.56932    	17.450440129
09/06/2011  	30.32525    	30.84808    	30.52487    	17.199423552
10/06/2011  	30.25721    	30.76502    	30.48404    	17.275693496
11/06/2011  	30.24019    	30.68773    	30.40358    	17.224610368
12/06/2011  	29.66150    	30.63513    	30.25930    	17.132700443
13/06/2011  	29.41971    	30.38922    	30.06394    	16.917814453
14/06/2011  	29.48865    	30.20087    	29.86876    	17.051753481
15/06/2011  	29.60567    	30.20271    	29.94341    	17.427161296
16/06/2011  	30.00004    	30.22343    	30.08461    	17.648031751
17/06/2011  	29.89830    	30.11642    	30.03625    	17.623914957
18/06/2011  	28.87539    	30.07297    	29.84118    	17.260940909
19/06/2011  	28.41212    	29.81084    	29.33591    	16.654919704
20/06/2011  	28.66965    	29.94797    	29.49865    	16.855334361
21/06/2011  	29.09607    	29.76835    	29.42580    	17.155399283
22/06/2011  	27.33279    	29.51970    	29.05728    	16.958940546
23/06/2011  	27.20489    	29.64205    	28.66671    	16.828552087
24/06/2011  	26.48051    	29.55247    	28.15160    	16.924042145
25/06/2011  	26.87069    	29.55805    	28.36701    	17.008221388
26/06/2011  	27.05393    	29.71411    	28.62058    	17.374412656
27/06/2011  	27.43725    	29.84207    	28.78015    	18.023147861
28/06/2011  	27.97398    	29.85630    	29.10460    	18.558607578
29/06/2011  	27.61840    	29.80071    	28.92022    	18.970176538
30/06/2011  	26.60809    	29.45257    	28.02569    	19.166390777
01/07/2011  	24.57031    	29.32032    	27.28854    	18.990081668
02/07/2011  	23.38287    	29.34529    	26.48194    	18.619273782
03/07/2011  	21.80169    	28.99049    	25.92285    	17.941312512
04/07/2011  	22.55903    	29.03829    	26.40335    	17.582502286
05/07/2011  	24.37607    	28.68114    	26.77245    	17.656831861
06/07/2011  	25.29076    	28.47301    	27.34557    	18.080327471
07/07/2011  	25.87799    	28.28014    	27.35261    	18.186118245
08/07/2011  	26.42045    	27.84848    	27.30286    	18.344607910
09/07/2011  	26.47061    	27.76173    	27.27388    	18.443690300
10/07/2011  	26.68325    	27.56017    	27.12556    	18.535581191
11/07/2011  	26.48279    	27.30299    	26.98547    	18.880984346
12/07/2011  	26.33125    	27.85289    	27.06303    	19.012107174
13/07/2011  	24.00452    	28.04596    	26.19469    	18.345442017
14/07/2011  	22.67513    	27.64231    	25.18915    	17.836237073
15/07/2011  	22.40988    	27.27913    	24.96249    	17.613137801
16/07/2011  	23.42585    	27.98434    	26.06903    	17.666015148
17/07/2011  	22.06836    	26.71286    	25.57312    	17.593017817
18/07/2011  	21.90958    	26.35022    	24.69955    	17.376730442
19/07/2011  	20.69254    	27.72981    	25.16446    	17.411262155
20/07/2011  	21.74607    	27.48806    	24.69891    	17.739477436
21/07/2011  	22.53233    	27.43970    	24.88870    	18.184652607
22/07/2011  	22.64027    	26.29937    	24.12749    	18.075421770
23/07/2011  	21.94959    	24.60198    	23.07660    	17.091897249
24/07/2011  	20.02423    	23.87029    	22.29321    	15.963795821
25/07/2011  	19.88302    	24.60907    	22.67086    	15.886139810
26/07/2011  	21.92272    	24.38308    	23.42668    	16.026783764
27/07/2011  	21.61590    	24.22166    	23.12473    	16.443247914
28/07/2011  	21.55954    	23.99867    	23.00286    	16.939507405
29/07/2011  	21.01620    	24.55151    	22.88649    	17.214414517
30/07/2011  	21.10810    	25.14281    	23.02029    	17.079009612
31/07/2011  	20.34039    	25.62770    	23.40995    	16.930282195
01/08/2011  	21.04249    	25.69094    	23.91438    	17.114298979
02/08/2011  	21.95983    	25.46972    	23.99818    	17.462896069
03/08/2011  	22.17024    	25.28822    	24.04440    	17.880432010
04/08/2011  	22.04556    	25.22430    	24.00011    	18.325305700
05/08/2011  	22.23232    	25.28104    	24.07169    	18.756442467
06/08/2011  	22.34426    	25.27538    	24.05876    	19.073551297
07/08/2011  	22.72473    	25.62643    	24.45240    	19.009324272
08/08/2011  	21.38362    	25.31938    	23.90545    	18.836012602
09/08/2011  	20.65273    	24.64759    	22.49981    	18.074720105
10/08/2011  	19.33325    	23.59881    	22.40531    	17.242212852
11/08/2011  	19.68724    	24.87991    	23.21187    	16.726168791
12/08/2011  	20.48914    	25.22679    	23.08034    	17.021945556
13/08/2011  	20.70996    	25.02736    	22.78641    	17.507550875
14/08/2011  	21.14855    	25.46113    	23.49797    	17.958220840
15/08/2011  	21.13773    	25.39042    	23.41723    	18.225083748
16/08/2011  	20.91032    	25.28785    	23.43308    	18.340712349
17/08/2011  	21.46153    	25.03209    	23.40461    	18.402900497
18/08/2011  	20.42302    	24.79140    	22.78212    	18.323369344
19/08/2011  	19.90751    	24.91043    	22.59819    	18.289952556
20/08/2011  	19.94592    	24.82739    	22.81536    	18.198673884
21/08/2011  	20.90561    	24.78776    	23.23020    	18.283870498
22/08/2011  	21.29298    	24.55345    	22.98697    	18.475762208
23/08/2011  	20.53815    	24.49600    	22.90894    	18.530274789
24/08/2011  	23.02177    	24.92445    	24.13694    	18.638250152
25/08/2011  	21.87644    	24.84600    	24.02356    	18.744087060
26/08/2011  	21.89876    	24.50108    	23.39309    	18.900166949
27/08/2011  	21.56458    	24.97448    	23.67415    	18.803805788
28/08/2011  	20.63134    	25.18813    	23.29575    	18.442328771
29/08/2011  	18.94114    	24.71340    	22.29403    	17.728162527
30/08/2011  	19.52949    	23.59521    	21.75854    	16.962051670
31/08/2011  	20.08013    	24.62667    	22.36410    	16.542504350
01/09/2011  	20.27258    	25.10477    	22.81926    	16.216111700
02/09/2011  	20.32204    	25.34302    	23.38588    	16.128337622
03/09/2011  	21.73055    	25.29643    	23.80506    	16.415417473
04/09/2011  	22.19455    	24.97563    	23.73403    	16.773115595
05/09/2011  	21.55690    	24.87113    	23.80409    	16.840776801
06/09/2011  	21.05538    	26.05935    	23.49795    	16.594351252
07/09/2011  	23.32216    	30.10470    	27.65143    	16.530845284
08/09/2011  	20.55040    	28.65031    	26.02518    	15.950583994
09/09/2011  	23.16521    	28.49887    	26.19138    	16.038232843
10/09/2011  	22.58646    	28.37700    	25.77654    	16.407896042
11/09/2011  	23.20466    	27.40614    	25.60690    	16.808513045
12/09/2011  	17.74516    	27.72098    	24.37178    	16.885253191
13/09/2011  	19.84662    	28.24144    	25.20175    	16.577948451
14/09/2011  	18.57234    	27.90442    	24.35903    	15.869023939
15/09/2011  	20.02240    	26.22977    	23.27118    	15.601941784
16/09/2011  	21.28676    	26.25089    	23.85002    	15.336932341
17/09/2011  	21.71770    	25.99670    	24.65202    	15.301545560
18/09/2011  	22.19304    	25.46321    	24.15794    	15.276774585
19/09/2011  	21.25452    	25.93394    	23.67704    	15.165128171
20/09/2011  	21.56323    	25.69824    	23.95596    	15.258784095
21/09/2011  	22.28921    	25.72304    	24.15710    	15.476914883
22/09/2011  	19.77164    	26.54180    	23.37558    	15.427287718
23/09/2011  	19.76342    	25.81857    	23.24309    	15.286717455
24/09/2011  	20.72943    	25.86069    	24.09148    	15.217476825
25/09/2011  	21.28000    	26.06335    	23.99884    	15.270385345
26/09/2011  	21.67917    	26.29821    	24.39190    	15.498185674
27/09/2011  	22.09445    	26.14973    	24.19605    	15.674138387
28/09/2011  	22.12071    	26.09814    	24.20037    	15.878923913
29/09/2011  	21.94036    	25.76021    	24.14154    	16.121667027
30/09/2011  	21.82590    	25.44405    	23.89751    	16.364441514
01/10/2011  	21.47065    	25.13347    	23.40815    	16.577522238
02/10/2011  	20.84832    	24.81022    	22.96374    	16.778873086
03/10/2011  	20.94074    	24.81314    	23.03614    	16.922548215
04/10/2011  	21.62540    	24.12385    	23.12000    	16.917742928
05/10/2011  	19.82249    	24.17732    	22.37189    	16.761914531
06/10/2011  	17.97518    	23.98606    	21.59673    	16.425635477
07/10/2011  	18.97492    	25.26712    	22.06685    	15.313747863
08/10/2011  	19.26527    	24.70500    	22.02466    	14.197342157
09/10/2011  	20.77063    	25.90469    	24.02909    	12.993262589
10/10/2011  	21.06486    	25.97473    	23.71446    	13.109414299
11/10/2011  	19.57979    	25.34221    	22.74229    	13.501583497
12/10/2011  	19.20726    	24.55964    	22.15313    	13.549123387
13/10/2011  	20.73521    	24.87511    	22.77518    	13.435914516
14/10/2011  	21.35764    	25.38402    	23.40630    	13.160230895
15/10/2011  	21.82547    	24.76834    	23.51611    	12.720717351
16/10/2011  	22.28686    	24.29357    	23.18527    	12.379211366
17/10/2011  	20.55163    	23.08559    	22.26973    	12.318301976
18/10/2011  	18.30629    	22.98711    	21.06097    	12.313463330
19/10/2011  	16.66016    	22.62036    	19.62702    	11.662683467
20/10/2011  	17.96483    	21.92502    	20.09668    	10.864849250
21/10/2011  	19.43443    	22.76963    	21.30032    	10.477057775
22/10/2011  	20.93611    	23.69712    	22.56641    	10.687121550
23/10/2011  	21.83651    	24.23810    	23.09860    	10.695747415
24/10/2011  	21.53655    	24.89942    	23.72007    	10.496547898
25/10/2011  	22.47814    	24.98262    	24.28762    	10.376114925
26/10/2011  	23.95601    	24.84496    	24.52892    	10.291315556
27/10/2011  	24.31244    	26.00974    	25.03227    	10.407087584
28/10/2011  	24.36557    	26.59746    	25.56462    	10.641073505
29/10/2011  	24.23298    	26.36222    	25.38243    	10.714914461
30/10/2011  	24.44213    	26.35632    	25.48138    	11.029853761
31/10/2011  	24.45153    	25.84937    	25.23652    	11.323584696
01/11/2011  	24.37918    	26.15367    	25.36375    	11.359290282
02/11/2011  	24.43845    	26.26015    	25.34380    	11.449447234
03/11/2011  	24.69449    	26.27572    	25.67892    	11.592674832
04/11/2011  	25.48203    	26.18703    	25.93619    	11.877453089
05/11/2011  	25.60590    	26.82103    	26.21928    	12.060138841
06/11/2011  	25.65094    	27.11664    	26.20021    	12.052750111
07/11/2011  	25.32079    	26.70298    	25.88346    	11.882026374
08/11/2011  	25.13473    	26.95445    	26.01253    	11.581259310
09/11/2011  	25.02761    	26.49505    	25.89071    	11.222499152
10/11/2011  	24.91719    	26.15169    	25.71430    	10.914068898
11/11/2011  	24.98417    	26.62828    	25.91673    	10.575028698
12/11/2011  	25.13483    	26.68846    	26.03182    	 9.845221122
13/11/2011  	25.44591    	26.72519    	26.13753    	 9.682440062
14/11/2011  	25.11722    	27.08130    	25.97431    	 9.105455915
15/11/2011  	25.24409    	27.17384    	26.11702    	 8.625094165
16/11/2011  	25.33601    	27.12897    	26.20503    	 7.956621269
17/11/2011  	25.49786    	27.02277    	26.39933    	 7.690013071
18/11/2011  	25.52575    	27.29107    	26.46228    	 7.699222724
19/11/2011  	25.64910    	27.45114    	26.75174    	 7.785506994
20/11/2011  	25.66037    	28.00050    	26.98069    	 7.777680586
21/11/2011  	25.74410    	28.25254    	27.12186    	 7.731108427
22/11/2011  	26.06445    	28.30028    	27.27709    	 7.721590141
23/11/2011  	26.15011    	28.16474    	27.22221    	 7.714072019
24/11/2011  	26.22195    	27.93209    	27.28204    	 7.840808233
25/11/2011  	25.23710    	27.72170    	26.89178    	 8.015417327
26/11/2011  	24.95921    	27.45208    	26.27917    	 7.991076638
27/11/2011  	22.85797    	28.30999    	25.74365    	 8.423175563
28/11/2011  	22.89139    	27.18632    	25.38814    	 8.223231186
29/11/2011  	24.16264    	28.30816    	26.27462    	 8.133149664
30/11/2011  	22.98656    	28.71877    	26.51163    	 8.100154251
01/12/2011  	22.12132    	26.72884    	24.83667    	 7.980701268
02/12/2011  	24.15545    	26.78676    	25.13027    	 7.873740683
03/12/2011  	20.27527    	26.05081    	24.21728    	 7.572019716
04/12/2011  	19.73441    	26.27398    	22.91268    	 7.427083661
05/12/2011  	22.02039    	26.40462    	24.16026    	 6.986840447
06/12/2011  	23.03276    	26.25002    	24.99757    	 6.493556728
07/12/2011  	23.56481    	27.97599    	25.83429    	 6.130842427
08/12/2011  	23.50742    	27.69184    	26.16838    	 6.028937678
09/12/2011  	22.30743    	28.51593    	26.96138    	 6.466868897
10/12/2011  	24.78102    	27.20171    	26.05537    	 6.061346859
11/12/2011  	23.22086    	27.69118    	25.55338    	 5.757060568
12/12/2011  	23.83481    	27.29010    	25.92575    	 5.601985325
13/12/2011  	22.03540    	28.28496    	25.70400    	 5.870199929
14/12/2011  	23.74154    	28.77698    	26.81228    	 6.208369195
15/12/2011  	23.95077    	28.88310    	27.61661    	 6.091480345
16/12/2011  	24.97626    	28.87369    	27.29966    	 5.939014564
17/12/2011  	21.97865    	28.81092    	25.07140    	 5.537292232
18/12/2011  	20.27174    	26.39993    	23.39496    	 5.126258582
19/12/2011  	20.22323    	25.91509    	23.28174    	 4.830809236
20/12/2011  	19.96925    	25.27836    	22.95790    	 4.638971458
21/12/2011  	18.19272    	23.87615    	21.38161    	 4.619302561
22/12/2011  	18.83188    	24.08523    	22.07126    	 4.778430641
23/12/2011  	17.90274    	22.81020    	21.18733    	 5.142584383
24/12/2011  	17.30128    	21.62492    	19.39231    	 5.384096771
25/12/2011  	15.85761    	20.80684    	18.76368    	 5.548522025
26/12/2011  	13.37278    	21.60261    	18.65509    	 5.953518778
27/12/2011  	14.22455    	22.95978    	19.01515    	 6.257465571
28/12/2011  	15.24145    	22.05637    	19.17878    	 6.226741105
29/12/2011  	11.40618    	21.76746    	18.38290    	 5.982934525
30/12/2011  	11.48327    	21.16247    	16.39500    	 5.664811999
