date	smin	smax	smean	tmean
01/01/2009 	16.112259  	26.19272   	19.547636  	 0.71516870
02/01/2009 	13.483274  	24.20230   	18.189714  	 0.92238524
03/01/2009 	14.574737  	24.09046   	17.699956  	 0.89087924
04/01/2009 	13.449266  	26.91585   	16.902892  	 1.36783632
05/01/2009 	14.508286  	25.85247   	20.022910  	 1.42246822
06/01/2009 	14.953053  	24.41200   	18.279011  	 0.34782075
07/01/2009 	15.968035  	22.51663   	17.758240  	 0.47352654
08/01/2009 	13.872012  	22.40157   	17.665430  	 0.39347328
09/01/2009 	14.268813  	20.54471   	17.019185  	 0.31633864
10/01/2009 	14.936885  	20.52867   	17.792855  	 0.07899511
11/01/2009 	15.549201  	19.50643   	18.240204  	 0.08046652
12/01/2009 	13.684456  	21.55807   	19.427368  	 0.43801824
13/01/2009 	17.888538  	22.17771   	21.041707  	 0.98790547
14/01/2009 	16.355564  	22.06213   	19.691052  	 1.37550873
15/01/2009 	 9.482889  	20.71369   	16.652356  	 1.33219379
16/01/2009 	 6.905900  	18.00385   	13.602863  	 1.17678194
17/01/2009 	10.663762  	20.25912   	16.466849  	 1.45296753
18/01/2009 	19.341669  	23.63661   	21.934507  	 2.20845522
19/01/2009 	22.308249  	23.57178   	23.315665  	 2.53289767
20/01/2009 	22.420155  	23.20153   	23.011206  	 2.80611000
21/01/2009 	18.642998  	23.65944   	22.285534  	 2.63983445
22/01/2009 	11.390431  	23.84022   	21.439012  	 2.51735630
23/01/2009 	19.426140  	26.59942   	24.638344  	 2.76685755
24/01/2009 	23.578627  	26.80197   	25.614354  	 2.90550122
25/01/2009 	14.553236  	26.22915   	23.916883  	 2.81914229
26/01/2009 	14.382305  	24.26046   	20.823373  	 2.40879784
27/01/2009 	13.263974  	23.12963   	19.103654  	 1.94022246
28/01/2009 	12.006529  	21.24709   	17.488871  	 1.51565292
29/01/2009 	11.353966  	20.29388   	16.889061  	 1.16487536
30/01/2009 	14.431122  	20.97259   	17.480161  	 0.67763006
31/01/2009 	15.788427  	23.19110   	18.827241  	 0.16863281
01/02/2009 	17.345745  	24.19800   	20.851435  	-0.21861121
02/02/2009 	19.105854  	25.61799   	22.177504  	-0.39836856
03/02/2009 	20.425419  	23.13317   	22.080169  	 0.04965644
04/02/2009 	20.883816  	23.42928   	22.306249  	 0.34629734
05/02/2009 	18.263784  	23.53926   	22.022980  	 0.48122857
06/02/2009 	16.850039  	23.31746   	20.930391  	 0.84437068
07/02/2009 	15.581680  	22.01631   	19.696434  	 1.00620816
08/02/2009 	14.565015  	20.69917   	18.635455  	 1.08478340
09/02/2009 	12.426579  	20.41221   	17.758695  	 1.18299662
10/02/2009 	11.501542  	20.17674   	16.567286  	 1.29479676
11/02/2009 	14.191148  	24.55997   	18.984200  	 1.60128377
12/02/2009 	16.220903  	23.10786   	18.539871  	 1.80043639
13/02/2009 	14.516381  	21.92148   	17.659262  	 1.94692356
14/02/2009 	12.513816  	20.33872   	16.272030  	 1.69192512
15/02/2009 	10.073411  	18.37546   	14.863165  	 1.78051086
16/02/2009 	 9.326138  	16.62994   	13.648330  	 2.24676386
17/02/2009 	 8.014444  	16.65926   	12.825308  	 2.60124076
18/02/2009 	 7.782784  	15.98862   	12.324667  	 2.44198549
19/02/2009 	 9.437278  	16.54256   	13.143427  	 2.36863228
20/02/2009 	 9.890749  	16.36241   	13.725307  	 2.63936319
21/02/2009 	 7.286040  	15.05034   	12.237805  	 2.81731739
22/02/2009 	 7.596572  	14.81669   	11.996182  	 3.10316755
23/02/2009 	 7.510820  	14.19355   	11.143904  	 3.55040690
24/02/2009 	 6.668690  	16.46517   	11.142895  	 3.93153910
25/02/2009 	 4.642179  	12.92784   	 9.682802  	 3.91991471
26/02/2009 	 8.055624  	15.91191   	11.875666  	 4.21615188
27/02/2009 	 9.094006  	21.31699   	14.164382  	 4.82520921
28/02/2009 	 8.875469  	14.61307   	11.745960  	 5.04372693
01/03/2009 	 8.294018  	13.78972   	11.088605  	 4.97756985
02/03/2009 	 8.148512  	14.34575   	11.454955  	 5.08656045
03/03/2009 	 8.495049  	14.95020   	12.342413  	 5.09593744
04/03/2009 	 7.000191  	15.69410   	12.723911  	 4.91662823
05/03/2009 	10.034306  	18.56944   	14.705457  	 4.99681406
06/03/2009 	 9.986155  	17.66230   	14.220951  	 4.93633797
07/03/2009 	 9.585489  	14.99184   	13.107975  	 4.76775826
08/03/2009 	 8.485972  	16.24995   	14.136410  	 5.04842401
09/03/2009 	14.458236  	18.79439   	16.775799  	 5.07682284
10/03/2009 	13.503202  	17.59459   	16.482095  	 5.04266938
11/03/2009 	11.938420  	16.62977   	14.982585  	 5.01520378
12/03/2009 	 8.162530  	15.42515   	13.120902  	 5.28489838
13/03/2009 	 8.674267  	14.55928   	12.151553  	 5.56769447
14/03/2009 	 6.966722  	13.63733   	10.846217  	 5.80970752
15/03/2009 	 6.748352  	14.56935   	10.990381  	 5.99268379
16/03/2009 	 4.327886  	12.82726   	 9.828768  	 6.29572418
17/03/2009 	 4.921869  	13.06315   	 9.177687  	 6.57172084
18/03/2009 	 3.684504  	12.07704   	 8.347424  	 6.61946362
19/03/2009 	 3.967000  	12.69206   	 8.290505  	 6.69505026
20/03/2009 	 3.656451  	12.69497   	 8.480006  	 6.54224223
21/03/2009 	 4.202130  	13.58468   	 9.402766  	 6.74167392
22/03/2009 	 6.539695  	12.10333   	 9.644590  	 6.76099580
23/03/2009 	 7.086672  	24.52266   	12.803065  	 6.80188358
24/03/2009 	13.127466  	24.24644   	18.169775  	 6.53513440
25/03/2009 	 8.893244  	15.19117   	13.576557  	 6.55209600
26/03/2009 	 8.642005  	16.44364   	13.582853  	 6.54655489
27/03/2009 	12.372351  	20.22109   	14.730076  	 6.47657289
28/03/2009 	10.842615  	16.61782   	14.558791  	 6.52550683
29/03/2009 	11.457469  	14.89766   	13.368820  	 6.60762242
30/03/2009 	 7.681825  	13.83179   	12.086291  	 6.53700920
31/03/2009 	 6.031265  	13.39140   	10.731622  	 6.88877555
01/04/2009 	 6.123398  	12.68678   	 9.624743  	 7.28756482
02/04/2009 	 6.197052  	14.35588   	 9.555293  	 7.68802685
03/04/2009 	 5.803247  	12.90979   	 9.625708  	 8.18515944
04/04/2009 	 5.207177  	13.30374   	10.115306  	 8.50076681
05/04/2009 	 7.261779  	14.24322   	10.942209  	 8.57493587
06/04/2009 	 8.510468  	15.51671   	11.990231  	 8.72718497
07/04/2009 	 9.276853  	16.56943   	13.510372  	 9.01624117
08/04/2009 	11.153996  	17.42565   	15.317200  	 8.88878908
09/04/2009 	14.401160  	18.40648   	16.373268  	 8.92191772
10/04/2009 	11.371043  	17.92562   	15.413032  	 9.58224664
11/04/2009 	13.015667  	18.66691   	15.771469  	10.11393607
12/04/2009 	13.174305  	18.71011   	16.263773  	10.47761786
13/04/2009 	13.737911  	18.68630   	16.706578  	10.70734270
14/04/2009 	14.380191  	18.78915   	17.020382  	10.87374159
15/04/2009 	14.842113  	18.93525   	17.153059  	11.25781316
16/04/2009 	15.141616  	19.18053   	17.441664  	11.65567557
17/04/2009 	14.799383  	19.79122   	17.635249  	11.65619405
18/04/2009 	15.047402  	21.38177   	18.944725  	11.08217802
19/04/2009 	15.984289  	22.10049   	18.824427  	11.11139907
20/04/2009 	17.121037  	20.37335   	18.542773  	11.61787476
21/04/2009 	16.944487  	22.34932   	19.025553  	11.94798323
22/04/2009 	17.253693  	23.12013   	19.645326  	12.06368637
23/04/2009 	18.075199  	24.58500   	20.738311  	12.11506977
24/04/2009 	18.760784  	23.65195   	20.721587  	12.39988828
25/04/2009 	19.187590  	23.90301   	20.864604  	12.68625051
26/04/2009 	19.299278  	24.23649   	20.856760  	12.95955149
27/04/2009 	19.441425  	24.31183   	20.959046  	13.09254525
28/04/2009 	19.336170  	23.24092   	20.971774  	13.04567647
29/04/2009 	19.428736  	22.37398   	21.065999  	13.14465362
30/04/2009 	19.635305  	22.91469   	21.333809  	13.38638105
01/05/2009 	19.941347  	23.98352   	21.742523  	13.80213177
02/05/2009 	20.197950  	23.48084   	21.686968  	14.07943104
03/05/2009 	20.415092  	23.60722   	21.815241  	13.89919287
04/05/2009 	20.664505  	23.03966   	21.707839  	13.10918764
05/05/2009 	21.126190  	22.87310   	21.999195  	12.43234551
06/05/2009 	21.593948  	23.70497   	22.801934  	12.37350126
07/05/2009 	20.953249  	23.84544   	23.175159  	12.62634780
08/05/2009 	21.474867  	23.34307   	22.112726  	12.81678073
09/05/2009 	20.934267  	21.78547   	21.407453  	12.69259151
10/05/2009 	20.491673  	21.63678   	21.255518  	13.13910359
11/05/2009 	20.442142  	26.65805   	21.916609  	13.09106066
12/05/2009 	20.682756  	27.24396   	23.906240  	12.68118749
13/05/2009 	20.978088  	27.29109   	24.133536  	12.81148462
14/05/2009 	21.235388  	27.34967   	24.008570  	12.90887709
15/05/2009 	20.769718  	26.90181   	23.237534  	13.12420583
16/05/2009 	20.734211  	23.74923   	22.498377  	13.32580688
17/05/2009 	20.812235  	24.34205   	23.142745  	13.50546982
18/05/2009 	19.712767  	24.76710   	23.526355  	13.47497223
19/05/2009 	18.914728  	24.59431   	22.353139  	13.61033551
20/05/2009 	19.533125  	24.29950   	22.455345  	13.85892125
21/05/2009 	19.780499  	24.29656   	22.637305  	14.18907559
22/05/2009 	20.211151  	24.26249   	22.778638  	14.39175959
23/05/2009 	20.078989  	24.20912   	22.608704  	14.92914339
24/05/2009 	20.019114  	24.12488   	22.428038  	15.69437152
25/05/2009 	20.031597  	23.99683   	22.231864  	16.47171001
26/05/2009 	19.549152  	23.10929   	21.840482  	16.68172435
27/05/2009 	18.237385  	23.45339   	22.304177  	15.81615494
28/05/2009 	19.038494  	23.88534   	21.932732  	15.65192161
29/05/2009 	16.827637  	22.15250   	19.765425  	15.91707786
30/05/2009 	15.724684  	21.82542   	18.801016  	16.05994469
31/05/2009 	17.367527  	24.65577   	20.237743  	16.48115198
01/06/2009 	17.639578  	25.54913   	20.701490  	17.08218590
02/06/2009 	18.673555  	27.89985   	22.190324  	16.88856888
03/06/2009 	19.328972  	29.76172   	25.266064  	15.75905748
04/06/2009 	22.147251  	30.18617   	26.461587  	14.64554423
05/06/2009 	23.766010  	29.63684   	26.987340  	13.67495241
06/06/2009 	24.817724  	29.22801   	26.849251  	13.67398260
07/06/2009 	24.373394  	28.61444   	26.285373  	13.86660488
08/06/2009 	24.018188  	27.86887   	25.475661  	14.61724440
09/06/2009 	21.681143  	27.71940   	24.632632  	15.22738292
10/06/2009 	21.632267  	25.45675   	23.903669  	15.45435699
11/06/2009 	18.402468  	24.18985   	22.132015  	15.70383984
12/06/2009 	17.740959  	24.61384   	21.616912  	15.79133954
13/06/2009 	17.670700  	25.91674   	20.958923  	15.81667312
14/06/2009 	15.514153  	21.87435   	19.313349  	16.37770955
15/06/2009 	14.424145  	21.55093   	18.351361  	16.88613399
16/06/2009 	14.212588  	21.08057   	18.141868  	16.93752686
17/06/2009 	13.990570  	20.73182   	18.319837  	17.03332126
18/06/2009 	15.240140  	21.50994   	19.157574  	17.23498650
19/06/2009 	16.792131  	21.95528   	19.744357  	17.08433755
20/06/2009 	17.976147  	21.86865   	20.070984  	16.74299765
21/06/2009 	18.126524  	21.36691   	19.861103  	16.55501390
22/06/2009 	18.216021  	21.74640   	19.591553  	16.67958866
23/06/2009 	18.445107  	23.49247   	20.630506  	17.16085605
24/06/2009 	19.713108  	27.52791   	22.778308  	17.65264106
25/06/2009 	20.501848  	28.92991   	24.032647  	18.03123113
26/06/2009 	20.812353  	28.59655   	23.612150  	18.68559225
27/06/2009 	21.198441  	28.33531   	23.813505  	19.22666065
28/06/2009 	21.819448  	27.52590   	24.004966  	19.75189368
29/06/2009 	22.145121  	27.69439   	24.337910  	20.52048389
30/06/2009 	21.965292  	28.34163   	24.329145  	21.02995833
01/07/2009 	22.290852  	29.76329   	25.180686  	21.38005511
02/07/2009 	22.036663  	29.89387   	24.843719  	21.65244667
03/07/2009 	22.508371  	29.79453   	24.665355  	21.94169664
04/07/2009 	20.176191  	26.13365   	23.328205  	22.03294909
05/07/2009 	18.531128  	24.96133   	22.269612  	22.44327970
06/07/2009 	17.796547  	23.83147   	22.357629  	22.31876353
07/07/2009 	22.182709  	25.35811   	23.839082  	21.39334158
08/07/2009 	21.753288  	25.80034   	24.182276  	20.84825544
09/07/2009 	22.063873  	25.87501   	24.154338  	19.28161919
10/07/2009 	23.775770  	29.92936   	26.899552  	16.77879477
11/07/2009 	23.722712  	30.80057   	26.852278  	16.49313762
12/07/2009 	19.833584  	25.50614   	23.608421  	17.03018685
13/07/2009 	17.859615  	25.18772   	22.388826  	17.77780080
14/07/2009 	18.202785  	24.03943   	21.222583  	18.70378077
15/07/2009 	18.581150  	23.97611   	22.279671  	19.24242798
16/07/2009 	22.361557  	24.01929   	23.394762  	19.33525209
17/07/2009 	19.822245  	24.07399   	23.275666  	19.39964680
18/07/2009 	22.912672  	23.76379   	23.579100  	19.06204633
19/07/2009 	22.671526  	23.71701   	23.454150  	18.80905974
20/07/2009 	22.490742  	23.76611   	23.345897  	18.82863156
21/07/2009 	22.625004  	23.84736   	23.277997  	18.84008439
22/07/2009 	22.509630  	23.95909   	23.264902  	19.27714841
23/07/2009 	22.601774  	24.00074   	23.231065  	19.40427188
24/07/2009 	22.767637  	23.67062   	23.247791  	19.31732794
25/07/2009 	21.029633  	23.91687   	23.339361  	19.10424264
26/07/2009 	18.343639  	23.81266   	21.805098  	18.96617730
27/07/2009 	18.575703  	21.93615   	20.363412  	19.26677084
28/07/2009 	18.677940  	22.28127   	20.498829  	19.33796120
29/07/2009 	18.399250  	22.40872   	20.441738  	19.40205852
30/07/2009 	20.441597  	24.07504   	22.094892  	19.29232613
31/07/2009 	20.817184  	24.16241   	22.685807  	18.41322096
01/08/2009 	18.887959  	23.47549   	21.972243  	18.51769404
02/08/2009 	18.456635  	22.27928   	20.771868  	18.98377264
03/08/2009 	17.113840  	21.53498   	19.834336  	19.15432310
04/08/2009 	17.479851  	21.36821   	19.779265  	19.49999873
05/08/2009 	17.539131  	21.64859   	19.980955  	19.99388603
06/08/2009 	17.821732  	22.01769   	20.401635  	20.60683016
07/08/2009 	18.209469  	22.22663   	20.967811  	20.92774749
08/08/2009 	19.216990  	22.78742   	21.433232  	20.91793088
09/08/2009 	19.780138  	24.91918   	22.077789  	20.72924344
10/08/2009 	20.649462  	25.27551   	22.432350  	20.85672212
11/08/2009 	19.607285  	23.66198   	21.767117  	21.02896516
12/08/2009 	19.680941  	24.71530   	21.429738  	20.93847823
13/08/2009 	19.764526  	24.27320   	21.601995  	20.70973194
14/08/2009 	19.734741  	24.20442   	21.785004  	20.46423916
15/08/2009 	20.119726  	22.51129   	21.706961  	20.57714184
16/08/2009 	21.453194  	23.03194   	22.267576  	20.42113388
17/08/2009 	20.467314  	22.94493   	21.951567  	20.28401216
18/08/2009 	19.894505  	23.05465   	21.585652  	19.89959979
19/08/2009 	18.078100  	22.40103   	20.658298  	20.02369841
20/08/2009 	18.894247  	22.77488   	20.946788  	20.46078352
21/08/2009 	19.258600  	23.26768   	22.070062  	20.45459811
22/08/2009 	20.941412  	23.49012   	22.488056  	20.21493550
23/08/2009 	20.050135  	23.68032   	22.044092  	20.22352747
24/08/2009 	20.698105  	23.82762   	22.399136  	20.20801310
25/08/2009 	20.850382  	24.36049   	23.032834  	20.72273727
26/08/2009 	21.717646  	24.58379   	23.521545  	20.40210851
27/08/2009 	22.381102  	24.86670   	24.040801  	20.12683682
28/08/2009 	24.580606  	25.48803   	24.996712  	19.08966362
29/08/2009 	25.135265  	26.35164   	25.638932  	17.52782416
30/08/2009 	25.605370  	26.38049   	25.978788  	16.88858799
31/08/2009 	25.050297  	26.32061   	25.437081  	17.12715395
01/09/2009 	22.745386  	25.48471   	25.007671  	17.45332499
02/09/2009 	22.769060  	24.95776   	24.094636  	17.54779371
03/09/2009 	20.026003  	29.05202   	24.868264  	17.27024829
04/09/2009 	26.427853  	29.50204   	28.269646  	16.32309016
05/09/2009 	26.291327  	29.01628   	27.727970  	16.21771065
06/09/2009 	24.033663  	28.80271   	27.450439  	16.00420723
07/09/2009 	22.848690  	28.24936   	25.885702  	15.97782622
08/09/2009 	22.476767  	25.98451   	24.631301  	16.37386729
09/09/2009 	22.837685  	26.58433   	24.897338  	16.76847593
10/09/2009 	23.668896  	27.55003   	25.841216  	16.67998521
11/09/2009 	24.503077  	27.73625   	26.358476  	16.39675057
12/09/2009 	25.349895  	28.24895   	26.991527  	16.30570189
13/09/2009 	25.744686  	28.80113   	27.557551  	16.12184346
14/09/2009 	26.682964  	28.57484   	27.709143  	15.70471772
15/09/2009 	27.089254  	28.80056   	27.794019  	15.69788275
16/09/2009 	26.685310  	28.77416   	27.930753  	15.87358427
17/09/2009 	27.302282  	29.41603   	28.375361  	15.68960279
18/09/2009 	27.581007  	29.36840   	28.388561  	15.74143523
19/09/2009 	27.383368  	29.48316   	28.404936  	15.89799736
20/09/2009 	26.885241  	29.57974   	28.357413  	16.27828026
21/09/2009 	27.643877  	29.93919   	28.636611  	16.31112667
22/09/2009 	27.248758  	30.05981   	28.138081  	16.34143829
23/09/2009 	27.249668  	28.53554   	27.769863  	16.24840081
24/09/2009 	27.565899  	29.44545   	28.151405  	16.04955190
25/09/2009 	27.837059  	29.53093   	28.542318  	15.87605153
26/09/2009 	27.637096  	29.57132   	28.640524  	15.84628588
27/09/2009 	25.869444  	28.80394   	27.636895  	15.90598889
28/09/2009 	25.381317  	28.35333   	27.115676  	16.07750986
29/09/2009 	25.189932  	28.78732   	26.930263  	16.11640493
30/09/2009 	23.466419  	28.88302   	26.168023  	15.95227389
01/10/2009 	22.989410  	28.68346   	25.780897  	15.58763729
02/10/2009 	24.407442  	28.63146   	26.066415  	14.58766276
03/10/2009 	23.918905  	32.69739   	28.638804  	14.03754812
04/10/2009 	28.887661  	31.61710   	29.571530  	13.46916827
05/10/2009 	23.039734  	30.99484   	27.997812  	12.83864170
06/10/2009 	16.588066  	26.50856   	24.440824  	12.97669486
07/10/2009 	21.197287  	26.44973   	24.368446  	13.75958860
08/10/2009 	20.052895  	24.82503   	22.851907  	13.63441594
09/10/2009 	18.995584  	24.31531   	21.734995  	12.92839199
10/10/2009 	16.084711  	23.82922   	20.425049  	12.48813570
11/10/2009 	17.244942  	23.81851   	21.066599  	12.83528342
12/10/2009 	18.038557  	26.37690   	21.408753  	12.08175019
13/10/2009 	18.205969  	27.95815   	23.741417  	10.86435364
14/10/2009 	17.882099  	26.24998   	21.772616  	10.36095063
15/10/2009 	18.307650  	28.92354   	21.940447  	 9.97505969
16/10/2009 	19.698767  	31.94854   	27.964579  	10.31497431
17/10/2009 	28.004646  	31.24985   	29.942534  	 9.49715191
18/10/2009 	27.032804  	32.03659   	29.546456  	 9.49766638
19/10/2009 	22.148653  	31.42060   	27.652097  	 9.51765251
20/10/2009 	17.141485  	28.01829   	24.268848  	 9.12546209
21/10/2009 	13.943810  	26.60808   	21.674131  	 8.56979257
22/10/2009 	12.995420  	26.64173   	21.582559  	 8.62660434
23/10/2009 	20.047407  	27.17028   	24.208360  	 9.11781740
24/10/2009 	21.448112  	27.75401   	25.005701  	 9.59997217
25/10/2009 	26.505285  	27.89529   	27.490387  	10.12400134
26/10/2009 	27.867565  	28.39053   	28.045996  	10.74822521
27/10/2009 	25.141171  	28.46091   	27.799861  	11.11155089
28/10/2009 	24.718975  	27.93071   	26.547433  	11.01624799
29/10/2009 	22.346752  	27.89147   	25.842540  	11.06727028
30/10/2009 	18.608147  	26.73592   	24.272037  	11.15987875
31/10/2009 	18.380430  	25.89188   	23.776964  	10.80073673
01/11/2009 	18.089211  	26.91864   	23.990504  	10.94213752
02/11/2009 	23.516890  	27.36423   	25.817684  	11.11209623
03/11/2009 	17.254883  	27.49162   	25.341890  	10.68721386
04/11/2009 	23.766026  	27.94877   	26.437298  	10.72391806
05/11/2009 	23.010990  	27.51134   	26.148644  	10.51324473
06/11/2009 	21.629297  	27.25297   	25.352244  	10.40989375
07/11/2009 	24.123980  	27.15442   	26.266253  	10.29113797
08/11/2009 	21.211220  	27.15482   	24.222760  	 9.75425645
09/11/2009 	17.715916  	25.33605   	21.909221  	 9.06854475
10/11/2009 	17.765293  	23.54920   	21.071480  	 9.05919892
11/11/2009 	18.021980  	23.26077   	20.951360  	 9.08034799
12/11/2009 	15.284109  	22.82207   	20.123294  	 8.95265428
13/11/2009 	15.830059  	24.69709   	22.692898  	 9.36847115
14/11/2009 	20.142727  	25.41998   	24.522607  	 9.83349590
15/11/2009 	23.115936  	26.55569   	25.662678  	 9.98611305
16/11/2009 	17.648390  	25.61612   	24.158678  	 9.89673507
17/11/2009 	21.492577  	25.42986   	24.368950  	 9.99769133
18/11/2009 	23.006668  	30.01624   	26.319804  	10.17712726
19/11/2009 	22.718801  	29.43909   	28.084998  	10.70377115
20/11/2009 	20.598328  	27.43561   	26.053174  	10.17837091
21/11/2009 	18.756165  	25.91374   	23.784373  	10.25943961
22/11/2009 	15.321136  	26.45643   	23.417132  	10.41557582
23/11/2009 	26.477114  	29.51739   	28.208500  	10.24677221
24/11/2009 	26.537596  	29.93695   	28.556301  	10.17919284
25/11/2009 	25.288858  	29.32257   	26.991749  	10.29163456
26/11/2009 	26.095451  	30.45138   	28.281577  	 9.67155729
27/11/2009 	28.458906  	29.88457   	29.390314  	 9.39778260
28/11/2009 	25.970108  	29.81783   	29.348059  	 8.99244757
29/11/2009 	26.425076  	29.43453   	28.965864  	 8.75719049
30/11/2009 	26.035870  	29.01201   	27.827422  	 8.35763502
01/12/2009 	18.548491  	26.33097   	23.893737  	 7.79040460
02/12/2009 	 9.712334  	22.98242   	19.952554  	 7.04608447
03/12/2009 	11.685825  	25.70920   	20.510121  	 7.26947136
04/12/2009 	15.094151  	25.56755   	21.609445  	 7.43459500
05/12/2009 	13.367481  	25.03037   	21.535694  	 7.27253989
06/12/2009 	16.997076  	25.01340   	22.343294  	 7.65127174
07/12/2009 	15.472355  	24.76064   	22.856948  	 7.71226600
08/12/2009 	17.180630  	24.33575   	20.927515  	 7.59014264
09/12/2009 	11.429855  	22.31338   	17.943894  	 7.47393584
10/12/2009 	14.513316  	21.94368   	18.657990  	 7.71910844
11/12/2009 	13.615691  	20.48243   	17.063338  	 7.75422473
12/12/2009 	11.155080  	17.86865   	15.430756  	 7.22603807
13/12/2009 	10.061386  	19.94501   	14.671300  	 6.49490974
14/12/2009 	 9.700352  	18.03182   	13.858425  	 5.75715847
15/12/2009 	 9.629930  	16.75553   	13.508216  	 4.81783376
16/12/2009 	 8.978442  	15.86048   	13.121478  	 4.64804120
17/12/2009 	 7.704236  	17.11392   	12.329672  	 4.57219662
18/12/2009 	 7.411731  	20.22575   	12.176460  	 3.37466273
19/12/2009 	 8.684678  	17.51887   	12.893659  	 2.40574417
20/12/2009 	12.514913  	18.93764   	15.723702  	 2.70260046
21/12/2009 	10.780656  	18.92385   	16.924314  	 2.72732874
22/12/2009 	12.070034  	18.42770   	15.885687  	 2.32646159
23/12/2009 	13.016226  	18.47727   	16.583977  	 2.33773242
24/12/2009 	12.206330  	19.06062   	15.999662  	 2.04992028
25/12/2009 	12.229644  	20.01563   	16.428039  	 2.16585598
26/12/2009 	16.680271  	19.55793   	17.829130  	 2.82514092
27/12/2009 	19.397673  	20.49697   	19.803849  	 3.18065003
28/12/2009 	17.940638  	22.46943   	20.732808  	 3.31830282
29/12/2009 	13.636038  	20.86123   	17.597668  	 2.82105688
30/12/2009 	12.400024  	19.61709   	16.692756  	 2.39139382
31/12/2009 	12.250725  	20.02699   	16.812864  	 2.04547592
01/01/2010 	13.320461  	21.57659   	17.290116  	 1.88085807
02/01/2010 	12.202611  	18.63913   	15.922422  	 1.61861402
03/01/2010 	11.715158  	18.84922   	15.807542  	 1.20634525
04/01/2010 	11.983345  	18.74852   	15.453033  	 1.19073850
05/01/2010 	10.697694  	17.06943   	14.574757  	 1.39723648
06/01/2010 	 8.493861  	16.59378   	13.674491  	 1.40163242
07/01/2010 	 7.748551  	16.67334   	13.178983  	 1.21373532
08/01/2010 	 8.759709  	16.44207   	13.166559  	 0.74274851
09/01/2010 	11.510546  	24.08670   	18.274476  	 0.36880894
10/01/2010 	15.249286  	27.36878   	20.911779  	 0.51158208
11/01/2010 	10.558916  	27.26825   	17.022634  	 0.41807511
12/01/2010 	 8.992608  	22.84872   	14.335724  	 0.12092178
13/01/2010 	 8.005291  	19.22550   	13.825753  	-0.56278104
14/01/2010 	 9.810701  	20.45691   	16.736047  	-0.33307876
15/01/2010 	15.181651  	20.50586   	18.367154  	-0.35333436
16/01/2010 	15.849628  	20.83866   	18.604202  	-0.20567474
17/01/2010 	14.545279  	21.92948   	19.383396  	 0.26295320
18/01/2010 	16.121134  	21.76370   	19.443121  	 0.63159223
19/01/2010 	13.101230  	21.24130   	17.670923  	 0.89429269
20/01/2010 	10.467650  	18.90040   	15.428126  	 0.74774468
21/01/2010 	10.026570  	17.67945   	14.786999  	 0.61163893
22/01/2010 	 6.978371  	16.76122   	12.840325  	 0.22395409
23/01/2010 	 8.572345  	18.36730   	14.060760  	 0.42026851
24/01/2010 	10.632472  	19.59104   	15.194774  	 0.43237219
25/01/2010 	10.887946  	19.66140   	15.822390  	 0.22939754
26/01/2010 	 9.593533  	18.72482   	15.141673  	-0.26844780
27/01/2010 	12.489552  	18.23409   	15.199423  	-0.24120997
28/01/2010 	13.455733  	18.26905   	15.964976  	 0.36628150
29/01/2010 	13.322036  	20.39290   	16.489120  	 0.67089855
30/01/2010 	13.088233  	17.16669   	15.759604  	 0.56612481
31/01/2010 	12.207282  	18.02739   	15.435191  	 0.60473736
01/02/2010 	11.646666  	18.36854   	15.154859  	 0.73632363
02/02/2010 	11.721009  	20.60173   	15.721028  	 0.90892694
03/02/2010 	14.320718  	22.72799   	18.776459  	 1.23879832
04/02/2010 	11.715049  	19.49325   	15.395924  	 1.17440593
05/02/2010 	 7.690259  	16.89088   	12.835865  	 1.21794997
06/02/2010 	 7.806363  	17.64066   	13.265547  	 1.34477892
07/02/2010 	 6.721335  	16.37067   	11.878704  	 1.26092191
08/02/2010 	 7.304441  	15.46728   	11.441389  	 0.75146005
09/02/2010 	 7.698763  	17.17088   	13.618918  	 0.38950595
10/02/2010 	 8.858601  	19.96206   	15.005069  	-0.01783190
11/02/2010 	15.088084  	26.16931   	19.536582  	-0.16465246
12/02/2010 	14.414754  	25.13666   	19.926130  	-0.40786345
13/02/2010 	15.277250  	26.03713   	20.738481  	-0.53101403
14/02/2010 	15.917031  	25.39318   	19.839800  	-0.64127302
15/02/2010 	16.141481  	23.57747   	18.880254  	-0.87076530
16/02/2010 	13.640283  	22.79550   	17.255995  	-0.72703213
17/02/2010 	13.450915  	19.78807   	16.732559  	-0.64078086
18/02/2010 	14.100123  	19.85307   	17.411725  	-0.45116346
19/02/2010 	14.608042  	20.84290   	18.777682  	 0.01498992
20/02/2010 	18.792479  	20.94044   	20.172797  	 0.37891719
21/02/2010 	17.301056  	20.94858   	19.507420  	 0.49657464
22/02/2010 	16.729862  	21.14414   	19.458614  	 0.70954050
23/02/2010 	14.646940  	20.87055   	18.027112  	 0.92820747
24/02/2010 	12.634886  	19.80703   	16.643979  	 0.96227895
25/02/2010 	13.097117  	21.87947   	18.730604  	 1.45906608
26/02/2010 	13.183252  	21.72510   	18.665353  	 2.05636264
27/02/2010 	19.902613  	23.95350   	22.938158  	 2.62405531
28/02/2010 	17.516861  	22.59235   	21.021731  	 2.85300979
01/03/2010 	16.204426  	22.13045   	19.899898  	 2.90757799
02/03/2010 	15.306601  	20.31519   	18.501544  	 2.96098537
03/03/2010 	13.152593  	19.87936   	17.045157  	 2.94508118
04/03/2010 	12.740005  	20.19924   	15.805008  	 2.96845559
05/03/2010 	12.029337  	20.74500   	15.110993  	 2.83647303
06/03/2010 	11.966743  	21.28678   	17.300371  	 2.44101176
07/03/2010 	10.918754  	19.34194   	15.038966  	 1.83231965
08/03/2010 	 9.067226  	19.09665   	13.413547  	 1.83620933
09/03/2010 	 8.097108  	19.51719   	13.199998  	 1.81969652
10/03/2010 	 7.539088  	21.95013   	13.505836  	 1.84229944
11/03/2010 	11.574288  	23.66169   	16.162445  	 1.94240053
12/03/2010 	 9.456028  	19.05085   	13.015523  	 2.29626780
13/03/2010 	 8.157074  	15.94015   	11.617235  	 2.61715006
14/03/2010 	 6.114293  	13.77030   	10.739104  	 3.07601256
15/03/2010 	 7.867717  	21.72257   	12.934023  	 3.73261223
16/03/2010 	 8.313310  	18.91778   	12.311250  	 4.06004630
17/03/2010 	 7.433419  	14.04713   	11.482076  	 4.19526296
18/03/2010 	 7.117674  	13.81334   	11.100948  	 4.50627646
19/03/2010 	 6.288321  	15.16164   	11.594308  	 4.89845099
20/03/2010 	 8.908824  	16.55572   	13.495082  	 5.37958491
21/03/2010 	 9.749880  	16.53020   	13.448412  	 5.99635521
22/03/2010 	 7.409925  	15.85908   	12.082883  	 6.22313312
23/03/2010 	 7.596034  	16.04025   	11.926174  	 6.33404255
24/03/2010 	 6.109696  	15.63723   	11.559498  	 6.66878079
25/03/2010 	 7.410456  	16.78945   	12.615504  	 7.05019110
26/03/2010 	 7.473864  	17.21943   	13.578760  	 7.24905151
27/03/2010 	 7.530080  	17.50214   	14.106919  	 7.24547487
28/03/2010 	 9.953568  	17.08373   	14.266589  	 7.27198467
29/03/2010 	 9.547062  	16.98255   	13.577308  	 7.45415308
30/03/2010 	 7.074939  	16.91386   	12.410381  	 7.83645003
31/03/2010 	11.408467  	20.46807   	16.904561  	 7.50974629
01/04/2010 	17.400049  	22.29868   	20.408678  	 6.97416459
02/04/2010 	14.638755  	22.16471   	19.732384  	 6.75698834
03/04/2010 	10.939626  	20.95415   	16.853354  	 7.09102299
04/04/2010 	 9.965426  	19.56712   	15.472193  	 7.41643418
05/04/2010 	 7.288728  	19.16623   	14.319784  	 7.52717506
06/04/2010 	 6.606566  	17.12176   	12.348915  	 7.90343021
07/04/2010 	 7.359738  	19.98771   	14.786992  	 8.02677257
08/04/2010 	10.636403  	20.20089   	16.269298  	 8.36533270
09/04/2010 	12.818694  	19.25603   	16.296016  	 8.76343097
10/04/2010 	13.699855  	18.60552   	16.737379  	 9.00397583
11/04/2010 	13.681571  	22.41411   	16.487916  	 8.99915057
12/04/2010 	14.577476  	24.12499   	17.695965  	 8.72969035
13/04/2010 	15.092544  	23.28502   	18.668487  	 8.69139953
14/04/2010 	15.775639  	23.10667   	18.975094  	 8.80576822
15/04/2010 	16.437981  	23.10333   	19.695504  	 8.89365296
16/04/2010 	17.271631  	23.94607   	21.037240  	 8.95095438
17/04/2010 	17.439161  	24.28424   	20.204423  	 9.31898906
18/04/2010 	17.270042  	21.95989   	19.096092  	 9.87347486
19/04/2010 	17.024519  	23.55864   	19.266313  	10.05996072
20/04/2010 	16.969002  	23.16103   	18.802187  	10.10345491
21/04/2010 	17.044365  	22.50703   	19.515295  	 9.25493868
22/04/2010 	17.756248  	23.57441   	20.307958  	 8.63617786
23/04/2010 	17.752232  	22.50706   	19.446140  	 9.03516836
24/04/2010 	15.583377  	22.28586   	18.693337  	 9.56287952
25/04/2010 	17.232883  	21.47271   	19.412522  	 9.95623151
26/04/2010 	15.774588  	21.64252   	19.985073  	10.30537448
27/04/2010 	16.824854  	21.62737   	19.801029  	10.81938982
28/04/2010 	15.834516  	22.97581   	19.587801  	11.44199459
29/04/2010 	16.941132  	23.55241   	20.429805  	11.83596591
30/04/2010 	18.176134  	22.82482   	20.937122  	12.11120262
01/05/2010 	16.900558  	22.68257   	20.788024  	12.03697010
02/05/2010 	16.280550  	21.96642   	19.311238  	11.97339803
03/05/2010 	16.320585  	29.79397   	24.143640  	10.68793972
04/05/2010 	22.489405  	30.15865   	26.281429  	 9.39131550
05/05/2010 	17.553907  	28.33838   	22.624811  	 9.55959038
06/05/2010 	15.224561  	28.82890   	21.719126  	 9.69529182
07/05/2010 	19.211826  	29.27691   	23.853714  	 9.40417192
08/05/2010 	17.922649  	26.31379   	20.791275  	 9.82130947
09/05/2010 	19.100954  	28.45728   	22.048840  	 9.98267029
10/05/2010 	20.286249  	28.98281   	23.355371  	10.12127070
11/05/2010 	19.766954  	29.09423   	23.701687  	10.09741894
12/05/2010 	19.043552  	30.96526   	26.168527  	 9.56327389
13/05/2010 	20.804920  	31.20066   	25.825634  	 9.22417629
14/05/2010 	18.986326  	27.63991   	22.388877  	 9.51236552
15/05/2010 	19.124184  	26.83175   	21.865997  	10.06825767
16/05/2010 	19.350842  	27.49031   	21.824870  	10.39480434
17/05/2010 	18.646473  	25.77297   	21.318555  	10.92450388
18/05/2010 	17.942598  	25.70021   	20.737289  	11.54677635
19/05/2010 	17.610317  	27.74990   	20.809870  	11.98704255
20/05/2010 	17.016016  	24.97350   	19.872962  	12.60651205
21/05/2010 	16.476265  	25.05700   	19.196254  	13.40521657
22/05/2010 	15.383839  	28.06712   	20.255660  	13.99867096
23/05/2010 	17.803606  	28.59541   	21.032054  	14.59916524
24/05/2010 	18.368065  	25.98157   	20.279374  	15.04995465
25/05/2010 	17.835827  	25.37159   	20.493187  	15.20545614
26/05/2010 	17.988117  	28.32965   	21.603914  	15.16459650
27/05/2010 	18.546745  	29.15105   	22.289527  	14.84047256
28/05/2010 	18.400671  	26.29255   	21.177682  	15.00991994
29/05/2010 	17.906658  	23.88113   	20.358104  	14.86726660
30/05/2010 	17.694641  	23.22853   	21.046725  	14.96778764
31/05/2010 	19.026917  	24.04733   	21.578868  	14.97930694
01/06/2010 	16.781252  	22.81406   	20.287842  	15.00458264
02/06/2010 	18.034384  	24.56414   	20.751722  	15.39428077
03/06/2010 	18.389017  	26.46598   	21.793152  	15.84652317
04/06/2010 	19.987951  	26.81223   	22.555439  	16.31245933
05/06/2010 	20.768902  	26.79637   	22.762094  	16.75179354
06/06/2010 	19.616219  	25.58155   	22.278586  	17.12952916
07/06/2010 	19.986298  	23.49793   	21.970638  	17.14017483
08/06/2010 	17.408730  	23.35056   	20.943494  	17.21564464
09/06/2010 	15.693166  	23.08285   	20.251988  	17.57153134
10/06/2010 	15.596500  	22.08883   	19.513568  	17.92518918
11/06/2010 	15.762197  	21.68254   	19.449576  	18.29746187
12/06/2010 	15.149906  	21.05965   	18.935244  	17.98558168
13/06/2010 	15.060247  	23.20473   	18.942667  	17.67048637
14/06/2010 	16.035048  	23.46763   	19.183576  	17.80312272
15/06/2010 	17.131483  	29.01820   	22.437239  	17.28237605
16/06/2010 	21.811207  	30.43861   	25.888402  	16.53669101
17/06/2010 	20.201262  	31.21941   	26.858723  	16.46462633
18/06/2010 	22.713367  	32.01510   	27.979270  	16.14467700
19/06/2010 	24.364428  	32.47494   	30.102630  	14.89081347
20/06/2010 	27.493038  	32.52469   	30.865325  	14.07418205
21/06/2010 	28.178505  	32.42768   	30.815808  	13.63442447
22/06/2010 	26.806458  	32.55800   	28.988372  	14.35418719
23/06/2010 	26.483707  	30.84053   	27.682259  	15.27470058
24/06/2010 	26.242529  	30.50594   	27.727086  	16.14789699
25/06/2010 	25.000576  	30.46040   	27.229061  	16.81164962
26/06/2010 	25.408720  	30.98347   	27.364100  	17.75795400
27/06/2010 	25.359381  	31.81406   	27.852561  	18.40894500
28/06/2010 	25.043875  	31.64255   	27.141193  	19.28893022
29/06/2010 	25.288813  	31.18559   	27.324633  	19.78338679
30/06/2010 	25.587614  	31.03617   	27.595618  	20.17118843
01/07/2010 	25.075956  	31.03852   	27.153711  	20.41380167
02/07/2010 	25.051413  	29.90716   	26.653471  	20.88339384
03/07/2010 	23.812464  	28.87666   	26.313387  	21.38678447
04/07/2010 	21.887468  	27.98802   	25.696182  	21.62057281
05/07/2010 	21.728064  	27.22429   	24.912284  	21.61598988
06/07/2010 	20.458881  	27.00500   	24.389475  	21.26226906
07/07/2010 	20.544294  	26.28218   	23.933836  	20.69589571
08/07/2010 	21.132479  	27.19322   	24.737876  	20.84545068
09/07/2010 	22.001461  	27.36508   	24.992314  	21.10655097
10/07/2010 	22.275814  	27.38242   	25.577123  	21.86829082
11/07/2010 	23.142010  	27.44713   	25.895348  	22.43825416
12/07/2010 	23.727871  	27.57928   	26.413827  	22.62519379
13/07/2010 	23.976822  	27.87980   	26.462244  	22.20544604
14/07/2010 	22.691050  	27.09493   	25.498978  	22.43600762
15/07/2010 	19.167692  	26.66047   	24.422974  	21.72167003
16/07/2010 	15.399061  	26.76355   	23.421324  	20.56247723
17/07/2010 	17.458235  	26.90437   	23.585238  	20.61354566
18/07/2010 	19.924889  	27.51770   	24.445493  	20.26794183
19/07/2010 	20.069389  	27.45708   	24.034429  	20.14539532
20/07/2010 	20.521832  	26.91856   	23.789455  	20.57106809
21/07/2010 	20.345133  	27.16303   	24.377848  	20.95795155
22/07/2010 	20.830763  	27.32275   	25.334727  	21.05243540
23/07/2010 	19.548429  	26.65652   	23.770527  	20.98219005
24/07/2010 	20.355484  	25.14303   	23.030342  	20.81643363
25/07/2010 	21.106691  	25.78602   	23.894629  	20.65424609
26/07/2010 	20.743929  	26.06596   	23.709847  	20.67554343
27/07/2010 	21.024870  	25.98529   	23.156542  	20.55971213
28/07/2010 	20.009315  	25.70988   	22.622380  	20.78249474
29/07/2010 	19.440336  	24.53841   	22.153468  	20.65248442
30/07/2010 	19.623779  	26.23293   	22.415747  	20.22618155
31/07/2010 	15.596026  	25.62103   	21.113070  	20.17169933
01/08/2010 	15.675463  	22.84052   	19.831870  	20.24941659
02/08/2010 	16.523693  	23.11612   	20.115803  	20.44563500
03/08/2010 	16.291485  	23.21757   	20.241920  	20.50452344
04/08/2010 	14.881328  	23.71961   	21.049741  	20.46012700
05/08/2010 	17.139141  	24.28161   	21.351808  	20.01383658
06/08/2010 	14.850814  	23.28109   	19.848850  	19.76648283
07/08/2010 	15.210839  	23.39088   	20.170088  	19.82595980
08/08/2010 	16.129192  	24.28589   	20.436674  	19.81853461
09/08/2010 	14.986383  	21.95482   	18.764682  	19.83847030
10/08/2010 	14.707370  	21.42768   	19.079075  	19.88355462
11/08/2010 	14.280904  	22.87207   	19.031014  	19.93448893
12/08/2010 	13.413184  	21.65031   	17.910093  	19.91281267
13/08/2010 	12.743994  	21.28005   	17.692063  	19.71098204
14/08/2010 	13.533509  	21.12592   	17.375965  	19.82988818
15/08/2010 	14.090092  	26.47310   	20.000320  	19.46748694
16/08/2010 	18.133944  	26.77112   	20.796455  	19.34152941
17/08/2010 	17.847746  	20.47857   	19.039033  	19.49854847
18/08/2010 	18.207081  	21.28790   	19.444084  	19.08806117
19/08/2010 	18.581722  	21.85145   	20.476222  	18.64181201
20/08/2010 	19.344788  	21.67155   	21.006905  	18.51695319
21/08/2010 	17.672543  	21.39427   	20.634391  	18.91790199
22/08/2010 	15.775414  	20.94283   	19.469180  	19.28067855
23/08/2010 	13.412589  	20.39610   	18.284359  	19.37161314
24/08/2010 	18.402872  	22.91198   	21.256842  	18.45245608
25/08/2010 	21.152367  	23.21481   	22.254133  	17.60788798
26/08/2010 	19.078148  	22.98846   	21.654064  	17.14335926
27/08/2010 	18.080536  	22.32059   	20.203663  	16.62907219
28/08/2010 	16.766735  	22.62078   	19.389931  	16.26777470
29/08/2010 	13.890321  	20.84615   	17.540465  	16.16870441
30/08/2010 	14.669955  	20.83212   	17.751166  	15.49498715
31/08/2010 	15.300170  	22.59537   	18.063436  	15.24863082
01/09/2010 	13.576050  	18.68475   	16.105696  	15.50879365
02/09/2010 	11.416816  	17.39146   	15.073451  	15.66705012
03/09/2010 	 8.910440  	16.11023   	13.566068  	15.80650028
04/09/2010 	 8.944411  	15.73376   	13.256602  	16.06986513
05/09/2010 	 6.805095  	16.74395   	11.605584  	16.09239507
06/09/2010 	 6.173311  	16.10972   	10.746036  	15.75239017
07/09/2010 	 8.043146  	20.14964   	12.672767  	15.13157970
08/09/2010 	 8.241307  	18.49776   	14.570254  	14.95116254
09/09/2010 	10.592875  	18.82782   	15.439980  	15.50748378
10/09/2010 	11.767598  	17.89397   	15.564368  	15.82253081
11/09/2010 	10.405159  	18.35487   	15.864709  	16.22693519
12/09/2010 	12.044518  	18.50748   	15.718385  	16.62868106
13/09/2010 	12.490171  	17.92519   	14.969553  	16.48853020
14/09/2010 	14.615903  	19.60232   	17.020882  	16.39791975
15/09/2010 	18.968147  	22.08848   	20.537862  	15.79637247
16/09/2010 	20.229067  	22.43645   	21.259834  	15.01837858
17/09/2010 	19.723125  	24.75047   	21.548380  	14.09425841
18/09/2010 	21.452600  	24.88707   	23.202333  	12.94087094
19/09/2010 	14.282550  	23.95805   	20.555284  	12.89598562
20/09/2010 	14.306060  	20.48603   	19.708202  	13.53811493
21/09/2010 	11.993854  	19.25061   	16.839613  	14.15598494
22/09/2010 	10.067930  	16.39066   	13.982372  	14.49848094
23/09/2010 	 8.061421  	14.89188   	12.382605  	14.83000106
24/09/2010 	 7.530138  	16.24518   	12.349933  	15.09291754
25/09/2010 	10.692187  	15.69222   	13.740921  	14.40265916
26/09/2010 	 9.977264  	18.63572   	13.526619  	14.08982126
27/09/2010 	 8.273975  	14.87597   	12.196977  	14.18587436
28/09/2010 	 7.606320  	14.56168   	11.432835  	14.28950769
29/09/2010 	 6.531030  	14.06075   	10.531517  	13.89328794
30/09/2010 	 5.035367  	15.25634   	 9.771432  	13.28446211
01/10/2010 	 7.140413  	15.98359   	11.702012  	13.61417917
02/10/2010 	 8.867731  	18.43685   	13.908542  	13.78200108
03/10/2010 	13.486182  	19.50068   	17.038889  	14.28447779
04/10/2010 	12.487442  	19.94030   	16.650193  	14.67632037
05/10/2010 	10.775145  	19.71716   	16.138501  	15.03372568
06/10/2010 	11.619644  	19.92424   	16.936987  	15.19691618
07/10/2010 	12.474586  	20.26260   	16.037397  	15.21191359
08/10/2010 	11.763855  	18.39498   	14.977972  	15.37812326
09/10/2010 	11.301709  	17.17980   	14.652880  	15.05721478
10/10/2010 	11.397526  	17.17739   	14.727327  	14.21567845
11/10/2010 	12.749625  	18.63524   	15.278780  	13.33465002
12/10/2010 	13.299916  	20.18933   	15.955580  	12.89282064
13/10/2010 	13.363793  	19.74890   	15.850364  	12.86130242
14/10/2010 	13.740329  	20.74124   	16.294530  	12.76311306
15/10/2010 	13.955023  	23.67767   	17.480702  	12.53253287
16/10/2010 	14.414351  	24.71582   	19.903201  	11.56154388
17/10/2010 	14.284777  	22.46913   	18.426964  	10.56704154
18/10/2010 	13.715755  	19.33659   	16.482265  	10.98362070
19/10/2010 	15.003283  	18.69803   	17.194278  	11.12718431
20/10/2010 	15.212962  	19.11122   	17.020515  	10.22165142
21/10/2010 	16.345638  	26.64517   	19.768107  	 9.31196868
22/10/2010 	21.582647  	27.44215   	24.542363  	 9.30833352
23/10/2010 	14.255678  	24.30641   	21.380489  	 9.38514225
24/10/2010 	18.894981  	21.12164   	19.787929  	 9.08405592
25/10/2010 	17.659674  	21.75275   	19.201016  	 8.36635504
26/10/2010 	10.569564  	22.76909   	18.076329  	 8.10833399
27/10/2010 	14.273049  	18.78689   	17.212387  	 8.40461497
28/10/2010 	15.380164  	19.02166   	18.216428  	 9.02303386
29/10/2010 	 9.741095  	19.03580   	16.668233  	 9.37471710
30/10/2010 	13.735930  	18.80830   	17.158522  	 9.41576785
31/10/2010 	12.552954  	19.65355   	15.933900  	 9.48024623
01/11/2010 	12.114554  	19.37128   	15.712876  	 9.60285473
02/11/2010 	 9.984693  	18.40153   	16.405499  	 9.74497759
03/11/2010 	15.073230  	22.66590   	20.232991  	10.49802993
04/11/2010 	19.074165  	24.65889   	22.247327  	11.12678242
05/11/2010 	21.535021  	24.65476   	23.067026  	11.86784999
06/11/2010 	18.064404  	24.22928   	21.504277  	11.60474316
07/11/2010 	16.063927  	22.61727   	19.107285  	10.83728898
08/11/2010 	10.507580  	19.60145   	15.792349  	 9.37176795
09/11/2010 	11.023314  	21.60082   	16.390121  	 8.24390728
10/11/2010 	14.660402  	22.17752   	18.052323  	 8.02656831
11/11/2010 	10.688489  	20.10660   	16.785600  	 7.69629552
12/11/2010 	20.202255  	24.33759   	23.406843  	 8.35231984
13/11/2010 	21.644192  	24.41879   	23.640384  	 8.43541555
14/11/2010 	17.828169  	22.91803   	21.433420  	 8.41514987
15/11/2010 	17.405186  	21.50031   	20.642714  	 8.20317068
16/11/2010 	12.981332  	20.17456   	17.525349  	 7.88209605
17/11/2010 	 9.688389  	18.06014   	14.530977  	 7.20815874
18/11/2010 	 9.343572  	18.61341   	14.595379  	 7.10659645
19/11/2010 	 9.832644  	18.68223   	15.249739  	 7.10086159
20/11/2010 	 9.009429  	18.03778   	14.419242  	 7.09720980
21/11/2010 	 9.260789  	16.69235   	13.602120  	 6.90961867
22/11/2010 	10.110433  	18.17185   	14.278807  	 6.46467030
23/11/2010 	11.800550  	24.12472   	17.634354  	 6.12932914
24/11/2010 	14.270640  	23.68945   	18.899970  	 5.56302400
25/11/2010 	13.299572  	20.30459   	15.807340  	 5.39391175
26/11/2010 	12.622353  	17.91038   	14.917233  	 4.95693962
27/11/2010 	 9.847157  	17.39146   	13.781558  	 4.38141648
28/11/2010 	 8.501700  	18.45094   	13.207691  	 3.49492527
29/11/2010 	 9.072443  	20.54203   	14.570666  	 2.66279496
30/11/2010 	11.631835  	26.02523   	17.374886  	 1.82373539
01/12/2010 	14.405545  	26.54600   	21.452785  	 0.15455561
02/12/2010 	17.005207  	26.66081   	20.401460  	 0.12376753
03/12/2010 	17.900475  	27.25643   	20.423598  	 0.47704402
04/12/2010 	15.020670  	24.67936   	19.586130  	 0.81513559
05/12/2010 	18.384678  	21.82760   	20.174938  	 1.39094928
06/12/2010 	17.984333  	21.25467   	19.737965  	 1.54352803
07/12/2010 	18.082706  	21.26079   	19.469873  	 1.28619583
08/12/2010 	17.098204  	20.98352   	19.324939  	 0.86176415
09/12/2010 	16.919682  	26.53442   	21.493216  	 1.13700526
10/12/2010 	19.283331  	26.12809   	22.219230  	 1.39703182
11/12/2010 	19.099918  	26.58115   	21.526000  	 2.40823314
12/12/2010 	20.556187  	28.60537   	24.925385  	 3.42699050
13/12/2010 	18.219458  	26.47768   	21.878811  	 2.79411929
14/12/2010 	17.132399  	27.15431   	21.093411  	 2.17745146
15/12/2010 	18.189121  	28.73536   	24.120031  	 2.12039000
16/12/2010 	17.761276  	28.09685   	21.778378  	 2.17268317
17/12/2010 	17.760553  	27.55756   	22.395606  	 2.15220445
18/12/2010 	11.568653  	21.47874   	16.686490  	 1.33855773
19/12/2010 	12.637722  	19.88393   	16.340549  	 0.53897907
20/12/2010 	13.122765  	20.46075   	18.265347  	 0.17637160
21/12/2010 	13.694238  	20.24285   	18.117593  	-0.10415824
22/12/2010 	13.837547  	20.47497   	17.661728  	-0.58101398
23/12/2010 	14.303709  	27.43704   	21.004878  	-0.62808231
24/12/2010 	22.423241  	29.77657   	27.304673  	-0.11111787
25/12/2010 	21.532305  	29.85484   	26.504746  	-0.43324564
26/12/2010 	20.692488  	27.78857   	23.429486  	-0.42856621
27/12/2010 	16.933210  	25.24128   	21.106723  	-0.18816634
28/12/2010 	14.278058  	21.75649   	18.958089  	-0.18619939
29/12/2010 	12.081793  	20.30675   	17.432422  	-0.39178679
30/12/2010 	13.312348  	21.28476   	17.870424  	-0.32122562
31/12/2010 	13.215225  	19.80776   	17.222737  	-0.06400695
01/01/2011 	14.709997  	20.14509   	16.999761  	 0.36125482
02/01/2011 	14.690993  	22.98070   	17.647272  	 0.80693425
03/01/2011 	14.590845  	24.10180   	17.695048  	 1.01386799
04/01/2011 	12.617536  	20.45079   	16.292466  	 0.84886013
05/01/2011 	11.980487  	18.93254   	16.621586  	 0.64131361
06/01/2011 	12.694448  	19.43725   	17.051045  	 0.69010230
07/01/2011 	 9.825515  	18.50945   	14.899617  	 0.78920369
08/01/2011 	10.874623  	20.07376   	16.241316  	 1.56503993
09/01/2011 	15.894893  	20.28279   	18.519321  	 1.71543241
10/01/2011 	 9.919801  	20.39598   	16.645125  	 1.59544603
11/01/2011 	 9.097796  	19.98856   	15.503753  	 1.39537996
12/01/2011 	11.259204  	20.25296   	16.637701  	 1.71944365
13/01/2011 	12.812657  	18.82168   	16.562440  	 2.13541977
14/01/2011 	15.750420  	19.24322   	17.870053  	 2.78596291
15/01/2011 	14.296872  	19.68976   	18.891953  	 3.50326471
16/01/2011 	16.256660  	19.75800   	19.001126  	 3.84149920
17/01/2011 	11.888852  	18.87381   	17.062983  	 4.09809053
18/01/2011 	 9.597723  	17.63540   	14.630810  	 3.98931884
19/01/2011 	 8.855561  	16.64912   	13.901226  	 3.86319191
20/01/2011 	 8.943893  	14.74310   	12.481895  	 3.61526510
21/01/2011 	 7.912042  	14.80174   	10.720769  	 3.19854986
22/01/2011 	 7.343913  	14.70501   	10.729789  	 3.27329469
23/01/2011 	 7.367667  	16.85633   	11.286529  	 3.42735653
24/01/2011 	 7.018613  	18.00757   	12.355373  	 3.77630264
25/01/2011 	 7.084116  	19.31081   	11.461628  	 3.77334549
26/01/2011 	 7.304317  	21.57362   	13.351159  	 3.60918677
27/01/2011 	 5.843729  	18.14319   	 9.824781  	 2.52154790
28/01/2011 	 5.010656  	19.42825   	10.399027  	 1.33118665
29/01/2011 	 6.786310  	19.92365   	10.783053  	 0.80648983
30/01/2011 	 5.854060  	18.95782   	10.487355  	 0.74962749
31/01/2011 	 6.505260  	16.58843   	10.321716  	 1.05258879
01/02/2011 	 5.108489  	14.39453   	 9.546031  	 1.11776143
02/02/2011 	 6.117345  	12.33272   	 9.900130  	 1.64750398
03/02/2011 	10.185581  	14.30826   	12.295514  	 2.30878748
04/02/2011 	11.301280  	18.91339   	15.603270  	 3.26554939
05/02/2011 	15.235065  	26.63841   	22.665821  	 4.65046950
06/02/2011 	17.443090  	27.15170   	21.285584  	 5.26566049
07/02/2011 	17.217424  	27.28384   	22.557807  	 5.41515647
08/02/2011 	19.194315  	24.37375   	22.327713  	 5.29097250
09/02/2011 	10.504546  	23.29194   	19.194437  	 5.01121203
10/02/2011 	10.844730  	21.08869   	17.187079  	 5.10940177
11/02/2011 	12.073295  	21.78814   	17.171286  	 5.30137320
12/02/2011 	 8.602145  	20.06179   	14.024396  	 4.73897643
13/02/2011 	11.661712  	21.92532   	18.029632  	 4.90346033
14/02/2011 	10.977827  	21.16246   	17.318292  	 4.85848644
15/02/2011 	11.427996  	21.15128   	17.368174  	 4.78584722
16/02/2011 	11.268356  	21.72209   	18.308731  	 4.77870655
17/02/2011 	12.348185  	20.53398   	16.946723  	 4.61234262
18/02/2011 	10.715102  	18.82780   	15.004644  	 4.01190621
19/02/2011 	 9.722990  	16.72478   	13.720789  	 3.20590408
20/02/2011 	 8.111718  	19.50093   	13.919524  	 2.23899004
21/02/2011 	11.458499  	19.78671   	16.015073  	 1.29292442
22/02/2011 	12.097160  	19.86835   	16.602030  	 0.62474479
23/02/2011 	10.742576  	18.98818   	15.977708  	 0.78831245
24/02/2011 	12.295818  	21.05506   	16.729880  	 1.54787310
25/02/2011 	12.870036  	20.45208   	16.987780  	 1.99388809
26/02/2011 	17.150444  	21.65612   	19.453388  	 2.59344111
27/02/2011 	16.928078  	22.19486   	20.620733  	 2.83367530
28/02/2011 	14.510304  	21.06766   	17.839992  	 3.03438069
01/03/2011 	11.515409  	18.41238   	15.929036  	 2.89912121
02/03/2011 	10.426558  	22.60499   	15.575496  	 2.67359993
03/03/2011 	11.015400  	22.19525   	15.155252  	 2.42512067
04/03/2011 	13.362289  	23.07261   	16.904290  	 2.28870494
05/03/2011 	14.058679  	23.85919   	17.344281  	 2.61621713
06/03/2011 	14.504597  	24.60136   	19.381091  	 2.87257121
07/03/2011 	15.754066  	24.39850   	19.713123  	 2.74363179
08/03/2011 	15.676260  	23.51480   	18.352297  	 2.69766503
09/03/2011 	15.016289  	18.02857   	16.735212  	 3.15694916
10/03/2011 	15.817920  	21.56827   	18.377977  	 3.76181806
11/03/2011 	15.856602  	20.25388   	19.385492  	 4.27864866
12/03/2011 	14.213162  	19.87901   	17.427501  	 4.36087971
13/03/2011 	12.298058  	18.68781   	16.157637  	 4.65894557
14/03/2011 	11.633683  	18.51643   	15.309887  	 4.98394609
15/03/2011 	10.804462  	17.94882   	14.850606  	 5.47040536
16/03/2011 	10.257143  	18.66389   	14.888745  	 5.70235561
17/03/2011 	11.879464  	19.92363   	16.543967  	 5.72454757
18/03/2011 	13.400805  	19.48340   	17.202685  	 5.76940727
19/03/2011 	14.721964  	20.04535   	17.799401  	 5.90398403
20/03/2011 	16.055231  	21.63387   	18.752320  	 6.08681737
21/03/2011 	16.770435  	22.66479   	19.309686  	 6.20306729
22/03/2011 	16.725515  	23.45572   	19.412277  	 6.55405022
23/03/2011 	17.478266  	23.91507   	19.911898  	 7.00567366
24/03/2011 	17.890562  	25.01940   	20.528965  	 7.36297169
25/03/2011 	18.474394  	25.33476   	21.147763  	 7.67175980
26/03/2011 	19.021851  	25.68494   	21.911641  	 7.62113426
27/03/2011 	19.372894  	25.81262   	22.287498  	 7.13018948
28/03/2011 	19.837873  	25.91311   	22.200270  	 7.09008558
29/03/2011 	20.355974  	25.90870   	22.145596  	 7.11557360
30/03/2011 	20.675329  	25.24421   	22.151407  	 7.34112154
31/03/2011 	20.789612  	23.57501   	21.949664  	 7.74761651
01/04/2011 	21.709482  	23.41755   	22.541781  	 8.04107330
02/04/2011 	21.857740  	23.86716   	22.713299  	 8.47561095
03/04/2011 	21.836540  	24.14493   	22.962309  	 8.86348752
04/04/2011 	21.749079  	24.30076   	23.055880  	 9.21280960
05/04/2011 	22.110048  	24.29556   	23.774503  	 9.08194576
06/04/2011 	23.929251  	24.60197   	24.247373  	 9.52025870
07/04/2011 	24.136852  	24.91866   	24.604351  	 9.94416445
08/04/2011 	24.061600  	25.25971   	24.683853  	10.12924323
09/04/2011 	22.812447  	25.24654   	24.300514  	10.25935694
10/04/2011 	22.530512  	25.00430   	23.972873  	10.49929742
11/04/2011 	23.330978  	24.93612   	24.146516  	10.95874302
12/04/2011 	23.756130  	25.41577   	24.701112  	10.72679192
13/04/2011 	23.690948  	26.59988   	25.025515  	10.13915614
14/04/2011 	23.078226  	25.94773   	24.304087  	10.08875718
15/04/2011 	23.149597  	25.71132   	24.470639  	10.25570665
16/04/2011 	23.265053  	25.59863   	24.641827  	10.61790170
17/04/2011 	23.279547  	26.02441   	24.812799  	11.13512929
18/04/2011 	23.856789  	27.44903   	25.348395  	11.67925843
19/04/2011 	24.112080  	28.02019   	25.727086  	12.03692051
20/04/2011 	24.584234  	28.63434   	26.006220  	12.58697836
21/04/2011 	24.812113  	28.62234   	26.352789  	13.15193065
22/04/2011 	24.959044  	28.63194   	26.498374  	13.72341766
23/04/2011 	25.111031  	28.67028   	26.573990  	14.25130568
24/04/2011 	25.346483  	28.61825   	26.664417  	14.80006435
25/04/2011 	25.515377  	28.68363   	26.919810  	15.10689155
26/04/2011 	25.764433  	29.33250   	27.430042  	14.85137798
27/04/2011 	26.425062  	30.76697   	28.731718  	13.18928510
28/04/2011 	27.037058  	30.22711   	28.954083  	12.62817790
29/04/2011 	26.900465  	30.05420   	28.868632  	12.76726011
30/04/2011 	26.832718  	30.36985   	28.982964  	12.47309448
01/05/2011 	27.753893  	30.63706   	29.361535  	12.01814530
02/05/2011 	28.664204  	30.87778   	30.027529  	11.50054119
03/05/2011 	29.217791  	31.25001   	30.240103  	10.87160997
04/05/2011 	29.670542  	31.52753   	30.598896  	11.29229220
05/05/2011 	29.969501  	31.59920   	30.670965  	11.39498121
06/05/2011 	30.037247  	31.36238   	30.619609  	11.84870221
07/05/2011 	29.754393  	31.23377   	30.570867  	12.57126252
08/05/2011 	28.953283  	31.13774   	30.333064  	13.20343840
09/05/2011 	28.913774  	31.10448   	30.101822  	13.67148958
10/05/2011 	29.120770  	31.02288   	30.148198  	14.05174027
11/05/2011 	29.413385  	30.94513   	30.157737  	14.54664671
12/05/2011 	29.585585  	30.83653   	30.158322  	14.87212727
13/05/2011 	29.624844  	31.04663   	30.191067  	14.89872525
14/05/2011 	29.655901  	31.47423   	30.180855  	14.78227280
15/05/2011 	29.689562  	31.49645   	30.194078  	14.30696064
16/05/2011 	29.793734  	31.55587   	30.235635  	13.85539784
17/05/2011 	29.698547  	31.19016   	30.284741  	13.88310172
18/05/2011 	29.732073  	31.28297   	30.480478  	14.18034079
19/05/2011 	29.867107  	31.32944   	30.593780  	14.73795309
20/05/2011 	29.887598  	31.23792   	30.541828  	15.22209360
21/05/2011 	29.957409  	31.28920   	30.782204  	15.90662523
22/05/2011 	30.000374  	31.40851   	30.928579  	16.25485623
23/05/2011 	30.478167  	31.50039   	31.150560  	16.01399503
24/05/2011 	31.331728  	32.39605   	31.813589  	15.22135186
25/05/2011 	31.565948  	32.21098   	31.805006  	14.74035422
26/05/2011 	31.282402  	32.01445   	31.638069  	15.17226841
27/05/2011 	30.864641  	31.49576   	31.142016  	14.98073608
28/05/2011 	30.909893  	31.20186   	31.033760  	14.62039904
29/05/2011 	30.621342  	30.97070   	30.776383  	14.67743909
30/05/2011 	30.557730  	30.72892   	30.644401  	15.18213707
31/05/2011 	30.410711  	30.92564   	30.605615  	15.56220847
01/06/2011 	30.522924  	31.08508   	30.725385  	15.86495942
02/06/2011 	30.569288  	31.03062   	30.786834  	16.51600647
03/06/2011 	30.622620  	31.30889   	30.994836  	17.22557429
04/06/2011 	30.855961  	31.42540   	31.226735  	17.64727632
05/06/2011 	31.134171  	31.52528   	31.346664  	17.27079582
06/06/2011 	29.669010  	31.55716   	31.136392  	17.42991471
07/06/2011 	25.317862  	31.55388   	29.274947  	17.77472603
08/06/2011 	22.189829  	29.72228   	27.162434  	17.97138031
09/06/2011 	21.495382  	28.54332   	26.060127  	17.61324481
10/06/2011 	22.142172  	28.67503   	25.364971  	17.42251452
11/06/2011 	22.236727  	28.79161   	26.031147  	17.32644578
12/06/2011 	22.249283  	28.77074   	25.596187  	17.07323897
13/06/2011 	18.381361  	29.13748   	25.893374  	17.08650343
14/06/2011 	23.057858  	28.84589   	26.039318  	17.51238636
15/06/2011 	22.690659  	27.66383   	25.037022  	17.92570392
16/06/2011 	22.769529  	28.21439   	25.666433  	18.08074562
17/06/2011 	23.969734  	28.44389   	26.939858  	17.83863552
18/06/2011 	19.893404  	29.16567   	26.583352  	17.19203115
19/06/2011 	27.911293  	30.26251   	29.496981  	16.18209203
20/06/2011 	25.670849  	30.27968   	28.635546  	16.18202998
21/06/2011 	23.195850  	28.50906   	26.968856  	17.06041829
22/06/2011 	22.604124  	28.62972   	27.258775  	17.04370757
23/06/2011 	27.020170  	29.40260   	28.428911  	16.94816601
24/06/2011 	26.896408  	29.52118   	28.190728  	16.88742050
25/06/2011 	25.980433  	29.04528   	28.032569  	16.88001661
26/06/2011 	22.903522  	28.71807   	26.947030  	17.47126742
27/06/2011 	23.460955  	27.28723   	25.455217  	18.49813000
28/06/2011 	19.724884  	26.78411   	24.093150  	19.38576325
29/06/2011 	19.080347  	25.57985   	22.671897  	19.72025351
30/06/2011 	19.268991  	25.47966   	22.005370  	19.53468939
01/07/2011 	19.242409  	26.46773   	22.361267  	18.88093821
02/07/2011 	20.344660  	28.04946   	23.402252  	18.06403426
03/07/2011 	21.619795  	29.85377   	26.424003  	17.01249190
04/07/2011 	24.005247  	29.71620   	26.512894  	16.72180142
05/07/2011 	22.899151  	28.59367   	25.475833  	17.07635085
06/07/2011 	22.911030  	28.66274   	24.652331  	17.70770828
07/07/2011 	23.087420  	25.68629   	24.076780  	17.90924430
08/07/2011 	23.251160  	25.95151   	24.330363  	18.29325322
09/07/2011 	22.533403  	25.75847   	24.501925  	18.49151941
10/07/2011 	21.657909  	26.00143   	24.129596  	18.47299250
11/07/2011 	19.911482  	25.06203   	23.023690  	19.00104543
12/07/2011 	20.777403  	28.34098   	23.628306  	19.23160068
13/07/2011 	20.735121  	30.76464   	27.030822  	17.82247214
14/07/2011 	22.684500  	30.36301   	26.325264  	17.23614558
15/07/2011 	23.476879  	30.03665   	25.687723  	17.40778339
16/07/2011 	17.165844  	28.69029   	24.231910  	17.62822187
17/07/2011 	16.607494  	24.37750   	22.557034  	17.56858555
18/07/2011 	21.671457  	24.63096   	24.156918  	17.34521059
19/07/2011 	18.281981  	24.31985   	22.945464  	17.23980904
20/07/2011 	18.237335  	22.58499   	20.519237  	17.61031862
21/07/2011 	18.183331  	21.48854   	20.300385  	18.04040003
22/07/2011 	18.002403  	25.51414   	21.401889  	17.63924213
23/07/2011 	19.218176  	28.82962   	24.069120  	15.94242871
24/07/2011 	26.698542  	29.05292   	27.797015  	14.31367832
25/07/2011 	24.043331  	28.02022   	26.685880  	14.77895703
26/07/2011 	18.723232  	25.25470   	23.206849  	15.39477432
27/07/2011 	14.500283  	23.00455   	19.816204  	16.16209445
28/07/2011 	13.273847  	20.53535   	17.407439  	17.04906758
29/07/2011 	14.157622  	20.59243   	17.466590  	17.28353556
30/07/2011 	16.169806  	24.30851   	19.160338  	16.71072992
31/07/2011 	16.449041  	24.72109   	19.447083  	16.51796575
01/08/2011 	16.107771  	23.05494   	18.717032  	16.97914525
02/08/2011 	16.628874  	23.76005   	19.347806  	17.52720646
03/08/2011 	17.182362  	24.13373   	19.641817  	18.17755151
04/08/2011 	15.868670  	24.14791   	19.403537  	18.68848280
05/08/2011 	13.760143  	20.43069   	17.921497  	19.14117253
06/08/2011 	13.670239  	19.37840   	16.992731  	19.50948473
07/08/2011 	13.005843  	19.23654   	17.773361  	19.07701143
08/08/2011 	17.138132  	21.87482   	19.905535  	18.57094487
09/08/2011 	20.037436  	26.55112   	23.352292  	17.04925972
10/08/2011 	20.842066  	27.54918   	24.057893  	16.07131964
11/08/2011 	22.728060  	26.79363   	23.821454  	16.30155617
12/08/2011 	17.562439  	23.26602   	21.228998  	17.07895442
13/08/2011 	13.362337  	20.81869   	17.790681  	17.62146966
14/08/2011 	12.547547  	18.67437   	16.370407  	17.88070246
15/08/2011 	13.115039  	18.59941   	16.216871  	18.11269319
16/08/2011 	12.692106  	18.13900   	15.913874  	18.17055897
17/08/2011 	11.273476  	18.64552   	15.535741  	18.23225772
18/08/2011 	12.026921  	18.28279   	15.088811  	18.01399974
19/08/2011 	13.524728  	21.88625   	16.775601  	17.91369005
20/08/2011 	12.057842  	21.42600   	16.148394  	17.87638219
21/08/2011 	12.604644  	18.33247   	15.682019  	18.16363311
22/08/2011 	12.204800  	18.21139   	15.660141  	18.48020820
23/08/2011 	12.123652  	18.72346   	15.845928  	18.51887461
24/08/2011 	13.248351  	19.18799   	16.617658  	18.92665962
25/08/2011 	13.195914  	19.63407   	17.154258  	18.84927654
26/08/2011 	12.092148  	19.85469   	16.686683  	18.97257606
27/08/2011 	14.058380  	20.01886   	17.769716  	18.64485327
28/08/2011 	15.986248  	19.84781   	18.473292  	17.99740370
29/08/2011 	17.743643  	21.48471   	19.768307  	16.68153510
30/08/2011 	16.669964  	21.71347   	19.485114  	15.55223654
31/08/2011 	14.951910  	19.50863   	17.399921  	15.55624304
01/09/2011 	12.546508  	18.00663   	15.861769  	15.53054057
02/09/2011 	12.321608  	16.71282   	15.041644  	15.62300597
03/09/2011 	12.675523  	17.94149   	15.514184  	16.24825291
04/09/2011 	12.439625  	18.79694   	16.186581  	16.88080211
05/09/2011 	13.554822  	19.67006   	17.368442  	16.80825480
06/09/2011 	18.528934  	22.62747   	21.085330  	16.51963246
07/09/2011 	22.992987  	26.34938   	25.213671  	16.11043656
08/09/2011 	24.492954  	27.16677   	25.806503  	15.67563242
09/09/2011 	19.947752  	27.20040   	24.230474  	15.78131704
10/09/2011 	15.274064  	23.90592   	20.557715  	16.38380702
11/09/2011 	12.454682  	21.36251   	18.937114  	16.72335295
12/09/2011 	16.792402  	25.23812   	22.251107  	16.60052554
13/09/2011 	22.921495  	26.23724   	24.832440  	16.00109551
14/09/2011 	23.620407  	26.90280   	24.747101  	15.08899987
15/09/2011 	22.027895  	26.48000   	23.971575  	14.71848816
16/09/2011 	16.601669  	24.81833   	20.627771  	14.49923273
17/09/2011 	13.055514  	21.71820   	18.439092  	14.84045508
18/09/2011 	17.094893  	22.56201   	20.138152  	14.92163728
19/09/2011 	14.867398  	22.35580   	19.619475  	14.74245175
20/09/2011 	17.538176  	22.52647   	21.025420  	14.77036015
21/09/2011 	21.877920  	22.65196   	22.384995  	15.13253347
22/09/2011 	21.765860  	22.94053   	22.105281  	14.87501810
23/09/2011 	19.438953  	22.95110   	22.009476  	14.37624687
24/09/2011 	17.104223  	21.72381   	20.055195  	14.43131777
25/09/2011 	15.547786  	20.50780   	18.468252  	14.74442349
26/09/2011 	13.553429  	19.21335   	17.514719  	15.18961189
27/09/2011 	13.822927  	19.62307   	16.900211  	15.49163671
28/09/2011 	13.457861  	19.76985   	16.800649  	15.84880821
29/09/2011 	14.209755  	20.38755   	16.924148  	16.18878144
30/09/2011 	13.455454  	20.48080   	16.789601  	16.49838873
01/10/2011 	14.220031  	20.55863   	16.858122  	16.79449666
02/10/2011 	14.127381  	20.22221   	16.655021  	17.10637156
03/10/2011 	12.836935  	18.89318   	16.128041  	17.26266976
04/10/2011 	13.122546  	18.89705   	16.307893  	17.14187988
05/10/2011 	14.894560  	19.35783   	17.811547  	16.53938846
06/10/2011 	19.238113  	23.21143   	21.243952  	16.03988169
07/10/2011 	21.952780  	24.25291   	23.114224  	14.55487883
08/10/2011 	20.116198  	25.10425   	22.913739  	12.87836860
09/10/2011 	13.430417  	22.37629   	19.959047  	12.09774017
10/10/2011 	16.104214  	24.84142   	21.845753  	12.94618766
11/10/2011 	22.567432  	26.01421   	23.743638  	13.76845423
12/10/2011 	20.593718  	24.74917   	22.424525  	13.51194739
13/10/2011 	15.377859  	21.24243   	18.878624  	13.06744927
14/10/2011 	11.501556  	20.02381   	16.209176  	12.60562805
15/10/2011 	 8.870175  	17.99046   	14.140658  	11.75752787
16/10/2011 	 7.873895  	18.43085   	14.157751  	11.46547727
17/10/2011 	10.441178  	19.57970   	15.572133  	11.98301017
18/10/2011 	15.123363  	22.62585   	19.737408  	11.76906987
19/10/2011 	21.301018  	22.61712   	21.916141  	10.70970511
20/10/2011 	20.762535  	22.43933   	22.058406  	 9.68162858
21/10/2011 	13.010438  	22.01472   	20.479374  	 9.34220868
22/10/2011 	14.014093  	21.72575   	19.860293  	 9.22537180
23/10/2011 	10.573026  	21.41724   	17.106987  	 9.04741659
24/10/2011 	 7.722203  	20.27195   	13.686746  	 8.62984373
25/10/2011 	 7.979635  	22.32900   	15.642826  	 8.95647568
26/10/2011 	10.777476  	23.93014   	21.384001  	 9.86544615
27/10/2011 	19.923744  	23.85678   	22.342258  	 9.94538385
28/10/2011 	19.982567  	24.13677   	22.538242  	10.10321409
29/10/2011 	18.116323  	23.90984   	21.718836  	10.23142521
30/10/2011 	18.834957  	24.12740   	22.143567  	10.73423308
31/10/2011 	17.595364  	24.12184   	22.035528  	11.22256013
01/11/2011 	16.358929  	24.02246   	21.069523  	11.15511109
02/11/2011 	15.751819  	24.33847   	20.765996  	11.16436758
03/11/2011 	15.910475  	23.96618   	20.210467  	11.26392798
04/11/2011 	20.747917  	24.87513   	23.267787  	11.58254429
05/11/2011 	20.116940  	25.11881   	23.461347  	11.70750558
06/11/2011 	19.127066  	25.27229   	22.138152  	11.70929098
07/11/2011 	17.004299  	22.87780   	20.102217  	11.47619758
08/11/2011 	17.160763  	22.43816   	20.453513  	10.88047721
09/11/2011 	17.488811  	23.39288   	20.960587  	10.45514856
10/11/2011 	16.252979  	23.63165   	20.734053  	10.03576839
11/11/2011 	16.709747  	24.07192   	20.696722  	 9.23472467
12/11/2011 	15.795875  	24.80131   	20.878074  	 8.41343420
13/11/2011 	17.994049  	24.77297   	21.573530  	 8.42982965
14/11/2011 	18.330643  	24.46647   	21.665785  	 7.44195814
15/11/2011 	17.989033  	24.22894   	21.639969  	 6.79081330
16/11/2011 	16.935743  	24.08602   	21.486894  	 5.73495963
17/11/2011 	17.467537  	24.32276   	22.035153  	 6.17880882
18/11/2011 	19.522453  	24.68946   	23.032685  	 7.18840440
19/11/2011 	21.015095  	25.39107   	23.700288  	 7.24971551
20/11/2011 	20.926781  	25.72843   	23.759706  	 7.06346218
21/11/2011 	20.984159  	25.77636   	23.813363  	 6.72355864
22/11/2011 	19.676313  	25.77415   	23.609161  	 6.53365591
23/11/2011 	21.067968  	25.50635   	23.874080  	 6.70717995
24/11/2011 	19.905895  	25.39089   	24.065329  	 7.23785177
25/11/2011 	18.391768  	24.90860   	23.788224  	 7.72268695
26/11/2011 	23.760191  	27.20491   	25.271163  	 7.86954271
27/11/2011 	25.577002  	29.01557   	26.745350  	 8.69943178
28/11/2011 	25.662634  	27.01289   	26.541798  	 8.36363749
29/11/2011 	20.415195  	26.28274   	25.514207  	 7.93091213
30/11/2011 	23.461061  	25.68231   	25.089683  	 7.80117661
01/12/2011 	21.413754  	26.14477   	25.082333  	 7.81903235
02/12/2011 	21.630388  	25.32104   	24.361486  	 7.74767159
03/12/2011 	24.020863  	25.38236   	24.596254  	 7.70162744
04/12/2011 	25.365189  	27.30607   	26.039365  	 7.65971016
05/12/2011 	25.857582  	28.18390   	26.899132  	 7.10521201
06/12/2011 	26.274319  	28.54076   	27.421644  	 6.29439669
07/12/2011 	25.168531  	27.85208   	26.251239  	 6.04189587
08/12/2011 	22.211140  	26.61263   	25.631502  	 6.20585820
09/12/2011 	25.063389  	26.00553   	25.467647  	 6.25376449
10/12/2011 	25.429132  	26.03438   	25.699618  	 5.68018042
11/12/2011 	15.544919  	25.82227   	24.553644  	 5.35796520
12/12/2011 	18.440403  	25.08455   	23.590664  	 5.42203566
13/12/2011 	19.667189  	27.52662   	24.639441  	 5.79848478
14/12/2011 	22.708166  	27.45616   	24.915027  	 5.91469768
15/12/2011 	22.677191  	25.31164   	23.301013  	 5.49094474
16/12/2011 	19.839025  	23.28702   	22.178458  	 5.32457706
17/12/2011 	19.503471  	26.09088   	22.714436  	 5.05445345
18/12/2011 	19.605137  	25.31072   	22.110838  	 4.69935401
19/12/2011 	 8.052016  	22.37076   	19.007115  	 4.31629552
20/12/2011 	16.910530  	22.77086   	19.206491  	 4.30270687
21/12/2011 	15.896768  	23.92856   	19.496911  	 4.44533112
22/12/2011 	11.106091  	18.79926   	15.202632  	 4.75667473
23/12/2011 	 9.136179  	21.06940   	14.982456  	 5.43216256
24/12/2011 	15.548026  	23.03411   	18.471722  	 5.70839587
25/12/2011 	11.122169  	21.88735   	17.909236  	 5.95266803
26/12/2011 	13.354269  	19.12063   	17.590335  	 6.59858713
27/12/2011 	11.662523  	17.91036   	15.859894  	 6.87811300
28/12/2011 	 8.171854  	15.51182   	13.607001  	 6.41924727
29/12/2011 	15.825594  	20.12053   	17.289055  	 5.81787164
30/12/2011 	15.632799  	20.02979   	18.356436  	 5.52337388
