Date	T	E0	N	S	U	P
04-10-2019	12.8	2.595	1.12	24.87	0.05541	0.696363636
05-10-2019	12.32	7.141	1.309	24.77	0.04937	0.700606061
06-10-2019	12.03	8.36	1.498	24.68	0.06434	0.704848485
07-10-2019	11.8	8.68	1.687	24.59	0.0476	0.709090909
08-10-2019	11.62	7.357	1.876	24.5	0.05944	0.713333333
09-10-2019	11.59	4.634	2.065	24.41	0.05095	0.717575758
10-10-2019	11.57	6.46	2.254	24.32	0.05378	0.721818182
11-10-2019	11.57	3.666	2.443	24.23	0.05714	0.726060606
12-10-2019	11.59	6.723	2.632	24.14	0.07935	0.73030303
13-10-2019	11.67	2.469	2.822	24.05	0.1055	0.734545455
14-10-2019	11.75	5.908	3.011	23.96	0.06369	0.738787879
15-10-2019	11.99	7.117	3.2	23.87	0.08055	0.743030303
16-10-2019	12.16	2.433	3.389	23.77	0.05653	0.747272727
17-10-2019	11.94	3.538	3.578	23.68	0.08496	0.751515152
18-10-2019	11.95	2.71	3.767	23.59	0.07769	0.755757576
19-10-2019	11.95	5.847	3.956	23.5	0.09767	0.76
20-10-2019	11.88	4.196	4.145	23.41	0.101	0.764242424
21-10-2019	11.92	1.698	4.334	23.32	0.103	0.768484848
22-10-2019	11.92	3.446	4.523	23.23	0.08743	0.772727273
23-10-2019	11.79	4.12	4.712	23.14	0.1026	0.776969697
24-10-2019	11.75	2.553	4.902	23.05	0.1117	0.781212121
25-10-2019	11.74	5.452	5.091	22.96	0.05861	0.785454545
26-10-2019	11.76	0.7698	5.28	22.87	0.07077	0.78969697
27-10-2019	11.76	6.714	5.469	22.77	0.06943	0.793939394
28-10-2019	11.55	7.19	5.658	22.68	0.06914	0.798181818
29-10-2019	11.2	8.085	5.847	22.59	0.0718	0.802424242
30-10-2019	10.83	7.137	6.036	22.5	0.1406	0.806666667
31-10-2019	10.91	7.533	6.225	22.41	0.1066	0.810909091
01-11-2019	10.52	5.151	6.414	22.32	0.04375	0.815151515
02-11-2019	10.55	1.32	6.603	22.23	0.02666	0.819393939
03-11-2019	10.57	2.222	6.792	22.14	0.09991	0.823636364
04-11-2019	10.54	0.9432	6.982	22.05	0.09076	0.827878788
05-11-2019	10.27	0.8456	6.97	21.95	0.06637	0.819444444
06-11-2019	9.924	1.184	6.741	21.84	0.08278	0.798333333
07-11-2019	9.645	3.409	6.513	21.72	0.1187	0.777222222
08-11-2019	9.228	3.161	6.284	21.61	0.1153	0.756111111
09-11-2019	9.145	2.131	6.055	21.5	0.08941	0.735
10-11-2019	9.007	2.626	5.826	21.39	0.05486	0.713888889
11-11-2019	8.648	3.054	5.597	21.28	0.06446	0.692777778
12-11-2019	8.538	0.9368	5.368	21.17	0.05021	0.671666667
13-11-2019	8.422	2.529	5.139	21.06	0.08949	0.650555556
14-11-2019	8.505	1.773	5.16	20.98	0.08343	0.64575
15-11-2019	8.562	0.9428	5.453	20.93	0.05604	0.65725
16-11-2019	8.605	0.1939	5.745	20.88	0.09886	0.66875
17-11-2019	8.548	2.84	6.038	20.83	0.05411	0.68025
18-11-2019	8.486	0.4076	6.33	20.78	0.07034	0.69175
19-11-2019	8.495	0.8118	6.623	20.73	0.04429	0.70325
20-11-2019	8.483	2.286	6.915	20.68	0.1025	0.71475
21-11-2019	8.267	0.5474	7.208	20.63	0.1066	0.72625
22-11-2019	8.353	1.748	7.5	20.58	0.1139	0.73775
23-11-2019	8.291	0.4842	7.793	20.53	0.08653	0.74925
24-11-2019	8.235	0.4639	8.085	20.48	0.05875	0.76075
25-11-2019	8.039	0.7192	8.378	20.43	0.07496	0.77225
26-11-2019	7.805	0.4545	8.67	20.38	0.0549	0.78375
27-11-2019	7.698	0.6301	8.963	20.33	0.05639	0.79525
28-11-2019	7.703	0.7589	9.255	20.28	0.04674	0.80675
29-11-2019	7.616	2.577	9.548	20.23	0.0603	0.81825
30-11-2019	7.34	2.885	9.84	20.18	0.08811	0.82975
01-12-2019	7.49	2.343	10.13	20.13	0.08906	0.84125
02-12-2019	7.263	3.089	10.43	20.08	0.09138	0.85275
03-12-2019	6.658	1.095	10.72	20.03	0.0694	0.86425
04-12-2019	6.678	1.926	10.84	20.26	0.05726	0.869230769
05-12-2019	6.727	2.272	10.77	20.8	0.05653	0.867692308
06-12-2019	6.772	0.8353	10.7	21.33	0.0439	0.866153846
07-12-2019	6.817	2.034	10.63	21.87	0.07242	0.864615385
08-12-2019	6.862	1.038	10.56	22.41	0.03985	0.863076923
09-12-2019	6.907	1.722	10.49	22.95	0.03055	0.861538462
10-12-2019	6.952	2.018	10.42	23.49	0.07848	0.86
11-12-2019	6.998	1.376	10.35	24.03	0.08876	0.858461538
12-12-2019	7.043	1.162	10.28	24.57	0.04764	0.856923077
13-12-2019	7.088	1.324	10.21	25.1	0.0887	0.855384615
14-12-2019	7.133	0.6636	10.14	25.64	0.05447	0.853846154
15-12-2019	7.178	0.9263	10.08	26.18	0.04368	0.852307692
16-12-2019	7.223	0.9903	10.01	26.72	0.08774	0.850769231
17-12-2019	7.219	0.2699	10.12	27	0.1004	0.851904762
18-12-2019	7.252	1.626	10.43	27	0.102	0.855714286
19-12-2019	7.081	1.722	10.74	27	0.08795	0.85952381
20-12-2019	7.092	0.744	11.05	27	0.09122	0.863333333
21-12-2019	7.135	1.331	11.36	27	0.04795	0.867142857
22-12-2019	6.908	0.8368	11.67	27	0.05451	0.870952381
23-12-2019	6.892	0.6514	11.98	27	0.06351	0.874761905
24-12-2019	6.793	1.38	12.28	27	0.05962	0.878571429
25-12-2019	6.965	1.32	12.59	27	0.04754	0.882380952
26-12-2019	7.024	2.004	12.9	27	0.1001	0.886190476
27-12-2019	6.097	1.067	13.21	27	0.07289	0.89
28-12-2019	5.822	1.294	13.52	27	0.06818	0.893809524
29-12-2019	6.11	0.74	13.83	27	0.05215	0.897619048
30-12-2019	6.621	1.561	14.14	27	0.08214	0.901428571
31-12-2019	6.468	2.456	14.45	27	0.07622	0.905238095
01-01-2020	6.45	2.284	14.76	27	0.04537	0.909047619
02-01-2020	6.405	0.5873	15.07	27	0.05159	0.912857143
03-01-2020	6.353	1.025	15.38	27	0.06906	0.916666667
04-01-2020	6.231	2.358	15.69	27	0.0475	0.92047619
05-01-2020	6.065	1.6	16	27	0.03355	0.924285714
06-01-2020	6.21	0.9281	16.31	27	0.04827	0.928095238
07-01-2020	6.138	2.127	16.5	27	0.0971	0.938
08-01-2020	6.235	1.656	16.57	27	0.09066	0.954
09-01-2020	6.104	0.3681	16.64	27	0.1214	0.97
10-01-2020	6.15	0.6677	16.71	27	0.1185	0.986
11-01-2020	6.038	0.815	16.78	27	0.08324	1.002
12-01-2020	6.121	0.6687	16.85	27	0.09774	1.018
13-01-2020	6.021	1.433	16.92	27	0.07438	1.034
14-01-2020	6.037	1.555	16.99	27	0.06924	1.05
15-01-2020	6.228	0.5505	17.06	27	0.09191	1.066
16-01-2020	6.188	2.236	17.13	27	0.07175	1.082
17-01-2020	6.066	2.846	17.2	27	0.0655	1.098
18-01-2020	6.058	2.023	17.27	27	0.05986	1.114
19-01-2020	5.894	3.552	17.34	27	0.06928	1.13
20-01-2020	5.875	2.027	17.41	27	0.06869	1.146
21-01-2020	5.879	1.679	17.48	27	0.09394	1.162
22-01-2020	5.88	4.159	17.48	27	0.1291	1.159285714
23-01-2020	5.829	2.034	17.38	27	0.1235	1.137857143
24-01-2020	5.892	1.764	17.29	27	0.09574	1.116428571
25-01-2020	5.894	2.483	17.2	27	0.08154	1.095
26-01-2020	5.881	2.06	17.11	27	0.1079	1.073571429
27-01-2020	5.844	1.284	17.02	27	0.1244	1.052142857
28-01-2020	5.838	2.492	16.93	27	0.09132	1.030714286
29-01-2020	5.707	4.086	16.84	27	0.04775	1.009285714
30-01-2020	5.656	1.612	16.74	27	0.05515	0.987857143
31-01-2020	5.796	2.574	16.65	27	0.09199	0.966428571
01-02-2020	6	2.256	16.56	27	0.04072	0.945
02-02-2020	5.948	3.332	16.47	27	0.07367	0.923571429
03-02-2020	5.785	1.841	16.38	27	0.01864	0.902142857
04-02-2020	5.675	3.474	16.29	27	0.06729	0.880714286
05-02-2020	5.468	6.191	16.18	27	0.1276	0.866818182
06-02-2020	5.595	5.305	16.05	27	0.1151	0.860454545
07-02-2020	5.588	1.649	15.92	27	0.1326	0.854090909
08-02-2020	5.472	3.914	15.79	27	0.1225	0.847727273
09-02-2020	5.529	0.9161	15.66	27	0.1244	0.841363636
10-02-2020	5.598	2.766	15.54	27	0.117	0.835
11-02-2020	5.451	3.29	15.41	27	0.1039	0.828636364
12-02-2020	5.282	3.174	15.28	27	0.09203	0.822272727
13-02-2020	5.188	5.004	15.15	27	0.04066	0.815909091
14-02-2020	5.128	3.712	15.02	27	0.06333	0.809545455
15-02-2020	5.155	1.903	14.89	27	0.1259	0.803181818
16-02-2020	5.463	1.308	14.76	27	0.08766	0.796818182
17-02-2020	5.539	2.37	14.63	27	0.05677	0.790454545
18-02-2020	5.497	4.476	14.51	27	0.08544	0.784090909
19-02-2020	5.419	5.336	14.38	27	0.09886	0.777727273
20-02-2020	5.405	1.604	14.25	27	0.1172	0.771363636
21-02-2020	5.413	5.009	14.12	27	0.1281	0.765
22-02-2020	5.51	3.032	13.99	27	0.1339	0.758636364
23-02-2020	5.381	3.944	13.86	27	0.135	0.752272727
24-02-2020	5.235	4.602	13.73	27	0.1403	0.745909091
25-02-2020	5.148	5.299	13.61	27	0.1083	0.739545455
26-02-2020	4.981	3.116	13.48	27	0.08843	0.733181818
27-02-2020	4.955	7.438	13.13	26.89	0.05929	0.711111111
28-02-2020	4.954	8.797	12.56	26.67	0.05599	0.673333333
29-02-2020	4.876	2.534	11.98	26.45	0.08233	0.635555556
01-03-2020	4.889	4.332	11.41	26.23	0.05826	0.597777778
02-03-2020	4.92	7.262	10.83	26	0.058	0.56
03-03-2020	4.979	2.57	10.25	25.78	0.02692	0.522222222
04-03-2020	4.958	6.217	9.677	25.56	0.03741	0.484444444
05-03-2020	4.917	10.55	9.101	25.34	0.03818	0.446666667
06-03-2020	4.952	6.137	8.525	25.12	0.05933	0.408888889
07-03-2020	4.842	9.201	7.949	24.89	0.104	0.371111111
08-03-2020	4.873	2.463	7.373	24.67	0.08198	0.333333333
09-03-2020	5.045	7.273	6.797	24.45	0.1178	0.295555556
10-03-2020	5.153	3.516	6.221	24.23	0.1236	0.257777778
11-03-2020	5.305	13.93	5.645	24	0.08997	0.22
12-03-2020	5.378	8.063	5.068	23.78	0.04397	0.182222222
13-03-2020	5.303	9.664	4.492	23.56	0.0857	0.144444444
14-03-2020	5.26	16.14	3.916	23.34	0.06563	0.106666667
15-03-2020	5.229	3.879	3.34	23.12	0.05906	0.068888889
16-03-2020	5.39	8.174	3.183	22.95	0.05345	0.056
17-03-2020	5.558	10.23	3.481	22.85	0.05083	0.068
18-03-2020	5.695	6.047	3.779	22.75	0.05737	0.08
19-03-2020	5.805	15.78	4.077	22.65	0.09967	0.092
20-03-2020	5.847	16.6	4.375	22.55	0.05357	0.104
21-03-2020	5.779	17.36	4.673	22.45	0.08709	0.116
22-03-2020	5.644	18.47	4.971	22.35	0.06824	0.128
23-03-2020	5.51	17.98	5.269	22.25	0.1173	0.14
24-03-2020	5.464	17.83	5.567	22.15	0.1086	0.152
25-03-2020	5.528	20.69	5.865	22.05	0.129	0.164
26-03-2020	5.676	19.06	5.898	21.93	0.1338	0.166923077
27-03-2020	5.822	20.66	5.645	21.77	0.1285	0.160769231
28-03-2020	6.024	17.69	5.391	21.62	0.1034	0.154615385
29-03-2020	5.929	19.54	5.132	21.46	0.03548	0.148461538
30-03-2020	5.751	19.77	4.883	21.31	0.03993	0.142307692
31-03-2020	5.718	18.91	4.629	21.16	0.05139	0.136153846
01-04-2020	5.858	13.08	4.375	21	0.08094	0.13
02-04-2020	5.898	10.3	4.121	20.85	0.05251	0.123846154
03-04-2020	5.789	18.34	3.868	20.7	0.05616	0.117692308
04-04-2020	5.823	17.41	3.614	20.54	0.07094	0.111538462
05-04-2020	6.101	20.58	3.36	20.39	0.03957	0.105384615
06-04-2020	6.245	20.61	3.106	20.23	0.1524	0.099230769
07-04-2020	6.639	21.1	2.852	20.08	0.136	0.093076923
08-04-2020	7.119	19.98	2.719	20	0.1391	0.093666667
09-04-2020	7.109	22.93	2.717	20	0.1365	0.101
10-04-2020	6.787	21.07	2.715	20	0.1303	0.108333333
11-04-2020	6.697	8.748	2.713	20	0.09463	0.115666667
12-04-2020	7	23.3	2.711	20	0.09616	0.123
13-04-2020	6.577	21.62	2.709	20	0.08163	0.130333333
14-04-2020	6.655	19.9	2.707	20	0.04092	0.137666667
15-04-2020	6.889	22.64	2.705	20	0.0748	0.145
16-04-2020	7.138	25.33	2.703	20	0.06291	0.152333333
17-04-2020	7.387	26.5	2.701	20	0.05311	0.159666667
18-04-2020	7.644	26.92	2.699	20	0.04955	0.167
19-04-2020	7.805	27.33	2.697	20	0.1085	0.174333333
20-04-2020	8.388	28.25	2.695	20	0.02781	0.181666667
21-04-2020	8.952	27.7	2.693	20	0.1282	0.189
22-04-2020	9.157	27.36	2.691	20	0.1536	0.196333333
23-04-2020	9.464	25.25	2.773	20	0.1444	0.196
24-04-2020	8.71	23.13	2.947	20	0.08743	0.188
25-04-2020	9.392	19.05	3.121	20	0.07784	0.18
26-04-2020	9.421	12.35	3.295	20	0.03199	0.172
27-04-2020	9.365	5.743	3.469	20	0.03685	0.164
28-04-2020	9.44	19.22	3.581	20	0.03745	0.15975
29-04-2020	9.571	11.62	3.624	20	0.04648	0.15925
30-04-2020	9.268	7.521	3.667	20	0.04117	0.15875
01-05-2020	9.3	13.36	3.71	20	0.06708	0.15825
02-05-2020	9.534	15.52	3.753	20	0.1014	0.15775
03-05-2020	9.639	23.79	3.796	20	0.08199	0.15725
04-05-2020	9.748	27.64	3.839	20	0.1361	0.15675
05-05-2020	9.758	26.64	3.882	20	0.1569	0.15625
06-05-2020	9.865	28.06	3.925	20	0.1597	0.15575
07-05-2020	10.05	30.56	3.968	20	0.1547	0.15525
08-05-2020	10.26	27.44	4.011	20	0.1489	0.15475
09-05-2020	10.68	27.56	4.054	20	0.1291	0.15425
10-05-2020	10.91	25.85	4.097	20	0.06011	0.15375
11-05-2020	10.56	30.31	4.14	20	0.09563	0.15325
12-05-2020	10.28	21.6	4.183	20	0.09775	0.15275
13-05-2020	10.57	32.07	4.226	20	0.08626	0.15225
14-05-2020	10.37	29.54	4.269	20	0.03413	0.15175
15-05-2020	10.25	21.06	4.312	20	0.05636	0.15125
16-05-2020	10.08	17.63	4.355	20	0.06559	0.15075
17-05-2020	10.02	19.41	4.398	20	0.03913	0.15025
18-05-2020	10.2	9.519	4.429	19.97	0.0709	0.1759375
19-05-2020	10.5	31.88	4.448	19.91	0.1102	0.2278125
20-05-2020	10.92	34.17	4.466	19.85	0.1465	0.2796875
21-05-2020	11.12	32.16	4.485	19.78	0.1615	0.3315625
22-05-2020	12.08	18.24	4.504	19.72	0.1472	0.3834375
23-05-2020	12.13	26.33	4.523	19.66	0.144	0.4353125
24-05-2020	11.12	13.84	4.541	19.6	0.1252	0.4871875
25-05-2020	10.76	26.36	4.56	19.53	0.08749	0.5390625
26-05-2020	11.84	32.08	4.579	19.47	0.06033	0.5909375
27-05-2020	11.69	28.44	4.598	19.41	0.02551	0.6428125
28-05-2020	11.78	33.31	4.616	19.35	0.0458	0.6946875
29-05-2020	12.75	35.4	4.635	19.28	0.04085	0.7465625
30-05-2020	13.27	38.26	4.654	19.22	0.05004	0.7984375
31-05-2020	14.15	36.43	4.673	19.16	0.07705	0.8503125
01-06-2020	14.32	37.83	4.691	19.1	0.09626	0.9021875
02-06-2020	14.03	33.54	4.71	19.03	0.1259	0.9540625
03-06-2020	14.03	33.54	4.71	19.03	0.1259	0.9540625
