Date	Tmax	Tmin	Tavg	Rain
01/01/2012	32	22.7	27.35	0
02/01/2012	32.5	25	28.75	0
03/01/2012	33	25	29	2.8
04/01/2012	33	24.5	28.75	0
05/01/2012	33.1	24.5	28.8	0
06/01/2012	33	23.2	28.1	0
07/01/2012	32.7	22.7	27.7	0
08/01/2012	32.5	20.7	26.6	0
09/01/2012	30	20.5	25.25	0
10/01/2012	31.3	21.8	26.55	0
11/01/2012	31	23.4	27.2	0
12/01/2012	31.5	22.6	27.05	0
13/01/2012	31	23.5	27.25	1.2
14/01/2012	33.6	22.8	28.2	0
15/01/2012	33.5	25	29.25	0
16/01/2012	32.4	24.2	28.3	0
17/01/2012	32	25	28.5	0
18/01/2012	32.7	24	28.35	0
19/01/2012	32.5	22	27.25	0.6
20/01/2012	33.7	25	29.35	0
21/01/2012	32.5	24.5	28.5	16.8
22/01/2012	33.5	24	28.75	0
23/01/2012	34.2	23.5	28.85	0
24/01/2012	34	23.4	28.7	0
25/01/2012	34	24	29	0
26/01/2012	32.3	23.6	27.95	0.5
27/01/2012	32.6	24.2	28.4	0
28/01/2012	32.5	25	28.75	0
29/01/2012	33.5	24	28.75	0
30/01/2012	33	24	28.5	0
31/01/2012	29.6	24	26.8	0
01/02/2012	33	22.5	27.75	0
02/02/2012	32.8	24.2	28.5	0
03/02/2012	32.8	23.8	28.3	98
04/02/2012	31	22.5	26.75	2.5
05/02/2012	33	24.6	28.8	0
06/02/2012	33.5	25	29.25	0
07/02/2012	35	24.2	29.6	0
08/02/2012	35	24.5	29.75	0
09/02/2012	31.8	24.5	28.15	1.1
10/02/2012	34	24.5	29.25	0
11/02/2012	34.5	24	29.25	0
12/02/2012	33.4	24.4	28.9	0
13/02/2012	34.2	24.5	29.35	0
14/02/2012	34.3	25	29.65	0
15/02/2012	34.6	25.2	29.9	0
16/02/2012	35	25.5	30.25	0
17/02/2012	35.5	25.5	30.5	1
18/02/2012	29.8	25	27.4	0
19/02/2012	31.5	23	27.25	0
20/02/2012	31.5	22	26.75	0
21/02/2012	34	21.5	27.75	0
22/02/2012	35.8	22.5	29.15	0
23/02/2012	36	24.2	30.1	0
24/02/2012	36.2	24.3	30.25	0
25/02/2012	36.5	26	31.25	0
26/02/2012	36	25.5	30.75	0
27/02/2012	35.2	25.6	30.4	0
28/02/2012	35	26.5	30.75	0
29/02/2012	35.4	25	30.2	0
01/03/2012	35.2	25.5	30.35	0
02/03/2012	35	25	30	1.2
03/03/2012	35.6	25	30.3	0
04/03/2012	35.5	25	30.25	0
05/03/2012	35	25	30	0
06/03/2012	36	25	30.5	0
07/03/2012	36	24.8	30.4	0
08/03/2012	33.3	27	30.15	0
09/03/2012	35.5	25.5	30.5	0
10/03/2012	33.8	25.4	29.6	2.2
11/03/2012	35	25	30	1.2
12/03/2012	35.7	25	30.35	0
13/03/2012	35.8	25.2	30.5	0
14/03/2012	35.8	26.5	31.15	0
15/03/2012	35.7	25	30.35	0.4
16/03/2012	36.4	25	30.7	0
17/03/2012	36.5	25.5	31	0
18/03/2012	36.5	25	30.75	1
19/03/2012	34.4	23.8	29.1	3.8
20/03/2012	36	24.7	30.35	0
21/03/2012	36.4	24.7	30.55	0
22/03/2012	36.5	22.7	29.6	0
23/03/2012	36.2	22.8	29.5	0
24/03/2012	35.8	26	30.9	0
25/03/2012	36	25.5	30.75	0
26/03/2012	34.7	25.3	30	0
27/03/2012	36	26	31	0
28/03/2012	35.6	25.8	30.7	0
29/03/2012	36.7	26.5	31.6	0
30/03/2012	37.5	26.2	31.85	0
31/03/2012	36.7	27	31.85	5.6
01/04/2012	34.5	24.5	29.5	0
02/04/2012	34.2	24	29.1	0
03/04/2012	35.8	24.5	30.15	0
04/04/2012	36	26	31	0
05/04/2012	34.8	25.8	30.3	4.3
06/04/2012	34.5	25	29.75	8.6
07/04/2012	34.5	25	29.75	1.5
08/04/2012	34.4	23.3	28.85	0
09/04/2012	34.8	24.5	29.65	3.7
10/04/2012	36.5	24	30.25	0
11/04/2012	36.5	24	30.25	0
12/04/2012	36.2	24	30.1	0
13/04/2012	36.7	25.5	31.1	0
14/04/2012	36.8	25.7	31.25	0
15/04/2012	37	25.2	31.1	0
16/04/2012	37	26.5	31.75	0
17/04/2012	36.6	26.6	31.6	0
18/04/2012	37.2	26.3	31.75	0
19/04/2012	38	26.5	32.25	0
20/04/2012	38.2	26.6	32.4	0
21/04/2012	38.5	28.5	33.5	0
22/04/2012	38.5	27.5	33	0
23/04/2012	37.6	27.3	32.45	0
24/04/2012	38.2	27	32.6	0
25/04/2012	38.2	26.7	32.45	0
26/04/2012	39	28	33.5	0
27/04/2012	38.5	28	33.25	0
28/04/2012	38.5	26.5	32.5	0
29/04/2012	38.5	26.5	32.5	0
30/04/2012	38.8	26.6	32.7	0
01/05/2012	39	27.5	33.25	0
02/05/2012	38.6	28.4	33.5	0
03/05/2012	38.5	26.5	32.5	0
04/05/2012	38.5	26.5	32.5	0.1
05/05/2012	34	26.5	30.25	0.5
06/05/2012	35	25.5	30.25	0
07/05/2012	37	25.5	31.25	0
08/05/2012	35.4	25.7	30.55	0
09/05/2012	36.5	24.5	30.5	0
10/05/2012	36.5	26	31.25	0
11/05/2012	38	26.2	32.1	0
12/05/2012	38	27.5	32.75	1
13/05/2012	38	27.5	32.75	0
14/05/2012	37.8	27	32.4	0
15/05/2012	37.5	27.2	32.35	19
16/05/2012	34.6	24.4	29.5	45.8
17/05/2012	34.5	25	29.75	12
18/05/2012	33.8	24.8	29.3	1
19/05/2012	35.5	26.5	31	9.2
20/05/2012	35.5	24.5	30	0.2
21/05/2012	35.7	26.2	30.95	4.2
22/05/2012	36	26.8	31.4	0
23/05/2012	36	27	31.5	2
24/05/2012	36	26.4	31.2	5.1
25/05/2012	36	25.5	30.75	2.6
26/05/2012	34.3	25.6	29.95	0
27/05/2012	34.5	27	30.75	0
28/05/2012	34.5	26	30.25	4.2
29/05/2012	33.4	26	29.7	0
30/05/2012	34.5	26.5	30.5	8
31/05/2012	34	25	29.5	6
01/06/2012	35	25.3	30.15	8.5
02/06/2012	34	25	29.5	0
03/06/2012	34	25	29.5	11.6
04/06/2012	35.2	25.2	30.2	0
05/06/2012	32.7	26.2	29.45	0
06/06/2012	34.5	27	30.75	0.4
07/06/2012	34.7	26	30.35	0
08/06/2012	32.8	26.3	29.55	9.6
09/06/2012	34	26	30	3
10/06/2012	34	25	29.5	3
11/06/2012	33.6	25.3	29.45	0.6
12/06/2012	34.3	25.4	29.85	6.6
13/06/2012	34.5	26.4	30.45	0
14/06/2012	34.6	26.2	30.4	0.4
15/06/2012	35	26	30.5	0
16/06/2012	33.7	26.2	29.95	0
17/06/2012	33.5	27	30.25	2.8
18/06/2012	33.5	25.5	29.5	0
19/06/2012	32.8	26.4	29.6	0
20/06/2012	34	26.5	30.25	1.2
21/06/2012	33.8	27	30.4	0.4
22/06/2012	34.5	26	30.25	0
23/06/2012	34.4	25.8	30.1	0
24/06/2012	34.5	26.6	30.55	0
25/06/2012	35.6	27	31.3	4
26/06/2012	35	24.5	29.75	0
27/06/2012	34.5	24.5	29.5	0
28/06/2012	34.2	24.6	29.4	0
29/06/2012	35	27	31	0
30/06/2012	35	26.5	30.75	0
01/07/2012	34.5	26.5	30.5	0
02/07/2012	35.7	26.5	31.1	34.1
03/07/2012	34.4	24.5	29.45	0
04/07/2012	35	26	30.5	12
05/07/2012	34.2	24.5	29.35	21.8
06/07/2012	34.4	25.3	29.85	10.7
07/07/2012	34	25.5	29.75	2
08/07/2012	34.2	25	29.6	0
09/07/2012	32.2	26	29.1	21.2
10/07/2012	34.5	25	29.75	5.5
11/07/2012	34	25.4	29.7	1.9
12/07/2012	33.5	27	30.25	9.7
13/07/2012	32.2	25.2	28.7	0.7
14/07/2012	33.5	25.5	29.5	20
15/07/2012	34	24	29	9.2
16/07/2012	34.7	24	29.35	1
17/07/2012	34	26.2	30.1	0.6
18/07/2012	33.5	26	29.75	1.8
19/07/2012	34	24	29	0
20/07/2012	33.8	24.2	29	0
21/07/2012	35	26.5	30.75	1
22/07/2012	35	25.5	30.25	0
23/07/2012	33.8	25.6	29.7	0
24/07/2012	33.5	26.5	30	11.8
25/07/2012	31.6	24.5	28.05	2.5
26/07/2012	32.2	25.2	28.7	23.4
27/07/2012	34.5	24	29.25	0.4
28/07/2012	34	24	29	1.2
29/07/2012	32.5	24	28.25	25
30/07/2012	30.3	24	27.15	1.9
31/07/2012	32.5	26	29.25	0
01/08/2012	31.5	25.5	28.5	0
02/08/2012	31.5	26	28.75	0
03/08/2012	32	25	28.5	1
04/08/2012	34.3	25.3	29.8	0.3
05/08/2012	34.5	26	30.25	9.8
06/08/2012	34.5	25	29.75	0
07/08/2012	33.8	24.8	29.3	0
08/08/2012	31	25.4	28.2	0.2
09/08/2012	32	25	28.5	4.8
10/08/2012	32.7	24	28.35	0
11/08/2012	34	25.5	29.75	0
12/08/2012	33	25.5	29.25	0
13/08/2012	34	25	29.5	1.6
14/08/2012	31.8	24.5	28.15	0
15/08/2012	34	25.6	29.8	0
16/08/2012	33.8	25.2	29.5	0.7
17/08/2012	34	26	30	0
18/08/2012	33.5	26	29.75	18
19/08/2012	33	24.5	28.75	6.6
20/08/2012	34	24.2	29.1	25.5
21/08/2012	34.5	24.4	29.45	0
22/08/2012	34.6	25.6	30.1	0
23/08/2012	34.5	25.2	29.85	2
24/08/2012	34.7	25	29.85	0
25/08/2012	34.5	25.3	29.9	1.6
26/08/2012	34.5	25.7	30.1	14.1
27/08/2012	34	25	29.5	2.9
28/08/2012	34.6	25	29.8	32.9
29/08/2012	31.2	25	28.1	1
30/08/2012	34	26	30	19.1
31/08/2012	31.4	24.4	27.9	0
01/09/2012	33	25	29	0
02/09/2012	33.5	25	29.25	1.4
03/09/2012	33.4	24.8	29.1	5
04/09/2012	28.6	25.5	27.05	10.4
05/09/2012	33	24.5	28.75	26.8
06/09/2012	29.6	24.2	26.9	17.1
07/09/2012	32	24.5	28.25	4.6
08/09/2012	33.5	24.5	29	0
09/09/2012	32.6	24.5	28.55	0
10/09/2012	31.2	26	28.6	46.2
11/09/2012	34	24.5	29.25	33.8
12/09/2012	34.5	24.5	29.5	0
13/09/2012	33.2	25.8	29.5	32.8
14/09/2012	33	24	28.5	0.9
15/09/2012	33.5	24	28.75	9.2
16/09/2012	31.5	25.4	28.45	91.6
17/09/2012	31.8	24	27.9	12.8
18/09/2012	32.2	24	28.1	10.1
19/09/2012	32.5	25.5	29	9.2
20/09/2012	32.5	25	28.75	4.5
21/09/2012	31.5	24.4	27.95	0.3
22/09/2012	33	25	29	16.5
23/09/2012	33.3	25.2	29.25	1.7
24/09/2012	33.4	25.3	29.35	0
25/09/2012	32.2	25.8	29	0
26/09/2012	33.6	26.2	29.9	1.8
27/09/2012	32.5	24.5	28.5	60.2
28/09/2012	30	24.2	27.1	69.5
29/09/2012	31.7	23.7	27.7	3.4
30/09/2012	32	25	28.5	33.2
01/10/2012	33.5	24	28.75	2.3
02/10/2012	33.4	24	28.7	0
03/10/2012	34	26.5	30.25	3.6
04/10/2012	34	25.5	29.75	23.2
05/10/2012	34.2	25.5	29.85	0.1
06/10/2012	34	26.5	30.25	0.1
07/10/2012	34	25.5	29.75	6.8
08/10/2012	29.8	23.8	26.8	15.4
09/10/2012	32.6	24.2	28.4	2.4
10/10/2012	32	24.5	28.25	0
11/10/2012	33.5	24.4	28.95	0
12/10/2012	34.2	25.2	29.7	0
13/10/2012	34	26	30	0
14/10/2012	34	26	30	37.7
15/10/2012	33.7	25.3	29.5	3
16/10/2012	33.4	25	29.2	0
17/10/2012	34.2	25.5	29.85	0
18/10/2012	34.4	24.5	29.45	0
19/10/2012	34	24	29	0
20/10/2012	34.6	24.2	29.4	1.4
21/10/2012	34.5	25.5	30	0
22/10/2012	34.5	25.5	30	0
23/10/2012	33.2	25	29.1	0
24/10/2012	33.3	26.6	29.95	0
25/10/2012	34	24.5	29.25	0
26/10/2012	34.8	24.5	29.65	0
27/10/2012	34.5	25.5	30	0
28/10/2012	35.7	25	30.35	0
29/10/2012	35.6	25	30.3	18.2
30/10/2012	35	25.5	30.25	3.8
31/10/2012	32.6	25.5	29.05	14.8
01/11/2012	31.5	24.6	28.05	0
02/11/2012	32.6	24.5	28.55	0
03/11/2012	33.5	25	29.25	0
04/11/2012	34	25	29.5	0
05/11/2012	35.2	25	30.1	0
06/11/2012	34.4	25.6	30	0
07/11/2012	35.5	25.8	30.65	0
08/11/2012	32.8	25.9	29.35	0
09/11/2012	34	25.5	29.75	0
10/11/2012	36	25.5	30.75	0
11/11/2012	36	25.5	30.75	2.8
12/11/2012	30.6	25.4	28	0
13/11/2012	33	25.3	29.15	0
14/11/2012	34.2	25.8	30	0
15/11/2012	34.5	25.5	30	0
16/11/2012	34.6	25.6	30.1	0.2
17/11/2012	34	26.5	30.25	0.4
18/11/2012	32.5	25.5	29	0
19/11/2012	32.8	24.8	28.8	0.5
20/11/2012	33	26	29.5	0.4
21/11/2012	33.5	25.5	29.5	0
22/11/2012	34.2	25.5	29.85	0
23/11/2012	32.2	25.5	28.85	0
24/11/2012	34.6	25.5	30.05	1.5
25/11/2012	32.2	24.6	28.4	0.5
26/11/2012	34	24.6	29.3	33.8
27/11/2012	33	24	28.5	0
28/11/2012	30	24	27	8
29/11/2012	31.8	24.4	28.1	0
30/11/2012	32.5	25.5	29	0
01/12/2012	32.8	24.8	28.8	0
02/12/2012	33.5	25	29.25	0
03/12/2012	35.5	24.5	30	0
04/12/2012	35	24.5	29.75	0
05/12/2012	33.8	25.4	29.6	0
06/12/2012	33.5	25	29.25	0
07/12/2012	33.8	24.4	29.1	0
08/12/2012	33	24	28.5	0
09/12/2012	32.5	25	28.75	0
10/12/2012	32.4	24	28.2	0
11/12/2012	33.8	24.2	29	0
12/12/2012	33.5	24.5	29	0
13/12/2012	33	24	28.5	0
14/12/2012	34.2	24.5	29.35	0
15/12/2012	33.5	25	29.25	0
16/12/2012	34.5	25.5	30	0
17/12/2012	35.8	25	30.4	0
18/12/2012	35	24.7	29.85	0
19/12/2012	35.2	25.4	30.3	0
20/12/2012	33.5	24.5	29	0
21/12/2012	34.3	24.5	29.4	0
22/12/2012	35.4	25.4	30.4	0
23/12/2012	35.5	25	30.25	0
24/12/2012	30.5	21.5	26	0
25/12/2012	32	21.4	26.7	0
26/12/2012	32.5	23.5	28	0
27/12/2012	34	23.5	28.75	0
28/12/2012	35.2	23.5	29.35	0
29/12/2012	35.2	24.8	30	0
30/12/2012	33.8	26	29.9	0
31/12/2012	30.8	22.5	26.65	0
01/01/2013	30.2	20.7	25.45	0
02/01/2013	33	21.5	27.25	0
03/01/2013	33.2	21.5	27.35	0
04/01/2013	32.6	21.4	27	0
05/01/2013	32.2	21	26.6	0
06/01/2013	32	21	26.5	0
07/01/2013	32.5	21	26.75	0
08/01/2013	33.8	21.2	27.5	0
09/01/2013	33.8	21	27.4	0
10/01/2013	33.5	21	27.25	0
11/01/2013	33	22.6	27.8	0
12/01/2013	33.3	22.5	27.9	1
13/01/2013	33.6	23	28.3	0
14/01/2013	32.5	22	27.25	0
15/01/2013	32	20.5	26.25	0
16/01/2013	34	22	28	0
17/01/2013	33.2	22.2	27.7	0
18/01/2013	32.8	21	26.9	0
19/01/2013	31	20	25.5	0
20/01/2013	32.5	20	26.25	0
21/01/2013	33.8	20	26.9	0
22/01/2013	33.8	22.5	28.15	0
23/01/2013	35	23.5	29.25	0
24/01/2013	34.8	23.6	29.2	1.5
25/01/2013	31.5	25	28.25	0
26/01/2013	32	24	28	0
27/01/2013	32.5	23.5	28	2
28/01/2013	31.2	23.5	27.35	0
29/01/2013	31.2	21.6	26.4	0
30/01/2013	32.6	23.8	28.2	0
31/01/2013	32.3	24.5	28.4	0.4
01/02/2013	31.5	23	27.25	0
02/02/2013	32.4	23	27.7	0
03/02/2013	32	24.5	28.25	0
04/02/2013	34.7	24.5	29.6	0
05/02/2013	35	24.5	29.75	0
06/02/2013	36	25	30.5	0
07/02/2013	36	25	30.5	0
08/02/2013	34.2	25	29.6	0
09/02/2013	33.8	24.8	29.3	0
10/02/2013	34.2	25	29.6	0
11/02/2013	35.4	25.4	30.4	0
12/02/2013	35.5	24.5	30	0
13/02/2013	33	24.5	28.75	0
14/02/2013	35.4	23.5	29.45	0
15/02/2013	34.5	24	29.25	0
16/02/2013	34.5	24	29.25	4.5
17/02/2013	35.5	24	29.75	0
18/02/2013	35	24	29.5	0
19/02/2013	34.5	25	29.75	0
20/02/2013	35.7	25	30.35	0
21/02/2013	34.8	25.6	30.2	0
22/02/2013	33.5	24.5	29	0
23/02/2013	32.5	21.5	27	0
24/02/2013	33.5	21.7	27.6	0
25/02/2013	36.3	21.5	28.9	0
26/02/2013	37.8	21.6	29.7	0
27/02/2013	36.5	25.5	31	0
28/02/2013	36.2	25.5	30.85	0
01/03/2013	36	26	31	0
02/03/2013	35.8	25.4	30.6	0
03/03/2013	34	26	30	2.2
04/03/2013	27.6	23	25.3	1.6
05/03/2013	31.7	22.3	27	0
06/03/2013	33.5	23	28.25	0
07/03/2013	35.8	23	29.4	0
08/03/2013	35.5	25	30.25	0
09/03/2013	35	25	30	0
10/03/2013	34	25	29.5	0
11/03/2013	35.5	25.2	30.35	0
12/03/2013	35.5	25.5	30.5	0
13/03/2013	35.8	25	30.4	0
14/03/2013	37	25.5	31.25	0
15/03/2013	35.3	24.5	29.9	0
16/03/2013	34.8	25	29.9	0
17/03/2013	36.7	25	30.85	0
18/03/2013	36.5	25	30.75	0
19/03/2013	37.6	25	31.3	0
20/03/2013	36.6	26	31.3	0
21/03/2013	36.8	25.6	31.2	0
22/03/2013	37	25	31	0
23/03/2013	37.2	25	31.1	0
24/03/2013	37.7	25	31.35	0
25/03/2013	39.6	25	32.3	0
26/03/2013	37.5	26	31.75	0
27/03/2013	38	25.8	31.9	0
28/03/2013	37.6	25.8	31.7	0
29/03/2013	37.4	26.4	31.9	0
30/03/2013	37.5	26.5	32	0
31/03/2013	38	26	32	0
01/04/2013	39.2	25.6	32.4	0
02/04/2013	38.6	26	32.3	0
03/04/2013	38.7	27	32.85	0
04/04/2013	38.6	27.2	32.9	0
05/04/2013	39	26.7	32.85	0
06/04/2013	37.5	26.5	32	0
07/04/2013	37	26.8	31.9	0
08/04/2013	37.2	25.4	31.3	0
09/04/2013	39.2	24.5	31.85	0
10/04/2013	38	25	31.5	0
11/04/2013	36.5	25	30.75	0.2
12/04/2013	36.5	25.5	31	0
13/04/2013	38	26	32	0
14/04/2013	36.6	27	31.8	0.3
15/04/2013	34.5	25	29.75	0.6
16/04/2013	36	25.6	30.8	0
17/04/2013	32.5	26	29.25	0
18/04/2013	36.7	24.8	30.75	0
19/04/2013	38	26.5	32.25	0
20/04/2013	38	26	32	0
21/04/2013	38.5	26	32.25	0
22/04/2013	36.4	26.2	31.3	0
23/04/2013	35.4	26.3	30.85	37.3
24/04/2013	36.2	24.2	30.2	0
25/04/2013	36	25.5	30.75	0.4
26/04/2013	37.2	25.5	31.35	0
27/04/2013	37	27	32	0
28/04/2013	37	26	31.5	0
29/04/2013	37.4	26.3	31.85	0
30/04/2013	37.5	26.5	32	0
01/05/2013	38	26.5	32.25	0
02/05/2013	38.7	26.4	32.55	0
03/05/2013	38.5	28	33.25	0
04/05/2013	38.7	27.5	33.1	0
05/05/2013	34.5	26.8	30.65	23.6
06/05/2013	37	25.5	31.25	0
07/05/2013	37.5	23.5	30.5	0
08/05/2013	38	27.2	32.6	0
09/05/2013	38	26.5	32.25	0
10/05/2013	38.3	26.5	32.4	0
11/05/2013	38	27	32.5	0
12/05/2013	38.5	27	32.75	0
13/05/2013	38.3	27	32.65	0
14/05/2013	38.5	27.5	33	0
15/05/2013	38.5	28	33.25	0
16/05/2013	39	29	34	0
17/05/2013	38.8	28.2	33.5	27.5
18/05/2013	37	25.5	31.25	0.2
19/05/2013	37.5	25.5	31.5	0.8
20/05/2013	37.6	25.4	31.5	0
21/05/2013	36.5	27.2	31.85	0
22/05/2013	36.5	27	31.75	0.3
23/05/2013	37.5	26	31.75	0
24/05/2013	37.5	26.5	32	4.2
25/05/2013	37.5	25.5	31.5	1
26/05/2013	37.5	25.5	31.5	0
27/05/2013	37.2	25.5	31.35	0
28/05/2013	38	27.4	32.7	0
29/05/2013	38	28	33	0
30/05/2013	37	27.5	32.25	0
31/05/2013	33.6	26.4	30	0
01/06/2013	37	25	31	0
02/06/2013	37	24.5	30.75	0
03/06/2013	36	24.9	30.45	0.2
04/06/2013	36	25.6	30.8	4.2
05/06/2013	33.8	25.2	29.5	19.5
06/06/2013	33.5	23.6	28.55	20.5
07/06/2013	34	24	29	0
08/06/2013	35.6	24.2	29.9	0
09/06/2013	38.5	24.2	31.35	0
10/06/2013	36	26.8	31.4	21
11/06/2013	35	25	30	0.8
12/06/2013	32.5	24.8	28.65	18.8
13/06/2013	33	25	29	37.2
14/06/2013	33.5	24.7	29.1	0
15/06/2013	34.4	26.2	30.3	0
16/06/2013	35.5	26	30.75	0
17/06/2013	34.8	25.6	30.2	1.5
18/06/2013	34.2	25.4	29.8	0.2
19/06/2013	35	26	30.5	38.3
20/06/2013	34.4	25.2	29.8	0
21/06/2013	31.9	26.7	29.3	0.5
22/06/2013	33.5	27	30.25	0.7
23/06/2013	34	25.5	29.75	3.5
24/06/2013	33.6	25	29.3	3.3
25/06/2013	33	25.6	29.3	0.3
26/06/2013	32.5	26.5	29.5	3.8
27/06/2013	32.9	26.2	29.55	0
28/06/2013	34.7	25.5	30.1	0
29/06/2013	35	25.5	30.25	0
30/06/2013	35.2	25.2	30.2	0
01/07/2013	35	24.2	29.6	0
02/07/2013	35.4	25.6	30.5	0
03/07/2013	35.4	24.7	30.05	3.5
04/07/2013	35.5	26	30.75	0
05/07/2013	34	26	30	29.9
06/07/2013	34	25.2	29.6	3.5
07/07/2013	34	25.3	29.65	0
08/07/2013	32.6	25	28.8	18
09/07/2013	32	24.7	28.35	2.1
10/07/2013	32.5	24.5	28.5	3.2
11/07/2013	33.5	24.5	29	3.3
12/07/2013	33.6	24.5	29.05	0
13/07/2013	34.5	25.5	30	0
14/07/2013	34.5	25.5	30	0
15/07/2013	34.2	25.6	29.9	0
16/07/2013	34	25.5	29.75	8.6
17/07/2013	34.5	24.5	29.5	0
18/07/2013	36.5	25.5	31	0.1
19/07/2013	32.5	26	29.25	0
20/07/2013	32.5	25.5	29	0
21/07/2013	35.2	25.5	30.35	0
22/07/2013	33.5	27	30.25	1
23/07/2013	34	26	30	2.7
24/07/2013	32	25.2	28.6	0.4
25/07/2013	34	25.6	29.8	0
26/07/2013	33.8	25.8	29.8	0
27/07/2013	34.7	25.5	30.1	1
28/07/2013	34.5	26	30.25	0.2
29/07/2013	33.8	25.5	29.65	5.3
30/07/2013	30.5	24.9	27.7	2.1
31/07/2013	31.5	26	28.75	0
01/08/2013	34.6	25.8	30.2	0
02/08/2013	35.1	25.7	30.4	2.9
03/08/2013	35	25.5	30.25	7.2
04/08/2013	35	24.5	29.75	0
05/08/2013	33.6	24.5	29.05	0.3
06/08/2013	36	24.5	30.25	0
07/08/2013	33.5	24.6	29.05	11.4
08/08/2013	34.9	24	29.45	0.3
09/08/2013	31.2	25.5	28.35	17
10/08/2013	34	24.5	29.25	0
11/08/2013	34	26	30	0.8
12/08/2013	35.5	25.5	30.5	10
13/08/2013	33.5	24.2	28.85	10.9
14/08/2013	32.4	24.5	28.45	1.9
15/08/2013	32.5	26	29.25	0
16/08/2013	33.6	25.8	29.7	0
17/08/2013	35.1	23.4	29.25	0
18/08/2013	35	26.5	30.75	0
19/08/2013	35.5	26.3	30.9	0
20/08/2013	35.5	26	30.75	15.2
21/08/2013	33	24.4	28.7	0
22/08/2013	31.5	25.3	28.4	10.4
23/08/2013	33.5	23.5	28.5	9.8
24/08/2013	33.5	25	29.25	19
25/08/2013	33.5	24	28.75	23.8
26/08/2013	34.8	24	29.4	3
27/08/2013	35.5	24.2	29.85	20.9
28/08/2013	34.9	23.9	29.4	0
29/08/2013	35	26.5	30.75	0
30/08/2013	35.5	26.7	31.1	1.6
31/08/2013	34.4	26	30.2	4
01/09/2013	35.5	26	30.75	0
02/09/2013	32.5	26	29.25	6.7
03/09/2013	34.1	25.9	30	0
04/09/2013	35.5	26	30.75	0
05/09/2013	35.5	26	30.75	18.8
06/09/2013	33	24.5	28.75	0
07/09/2013	35	25	30	15.1
08/09/2013	30.4	25	27.7	0.5
09/09/2013	33	25	29	0
10/09/2013	35	25	30	0.3
11/09/2013	35	24.5	29.75	32
12/09/2013	34.3	24.5	29.4	21.9
13/09/2013	28.6	24.5	26.55	4.9
14/09/2013	32.2	24.7	28.45	1.7
15/09/2013	33.4	26.2	29.8	63.9
16/09/2013	33	24.5	28.75	0
17/09/2013	32.8	24.4	28.6	0
18/09/2013	34.2	25.6	29.9	3.6
19/09/2013	32	24.8	28.4	58.4
20/09/2013	27.8	23.8	25.8	10.3
21/09/2013	31.5	24.4	27.95	9.5
22/09/2013	33	25.6	29.3	3.8
23/09/2013	30.4	25.5	27.95	0.1
24/09/2013	34.7	25.9	30.3	0
25/09/2013	34.5	26.5	30.5	2
26/09/2013	33.8	25.9	29.85	0
27/09/2013	33.8	26.2	30	2
28/09/2013	34.5	25.2	29.85	12.5
29/09/2013	32	24.5	28.25	99
30/09/2013	32	24	28	1.6
01/10/2013	33.2	24	28.6	0
02/10/2013	32.6	26	29.3	1
03/10/2013	29.7	24.3	27	74.8
04/10/2013	32	22.7	27.35	0.6
05/10/2013	33	23.7	28.35	0
06/10/2013	30.8	22.7	26.75	80.4
07/10/2013	29.8	24.4	27.1	12.6
08/10/2013	31.8	25	28.4	2.8
09/10/2013	32.5	23.7	28.1	0
10/10/2013	33	26.5	29.75	0
11/10/2013	33.8	23.8	28.8	0
12/10/2013	34	25.5	29.75	0
13/10/2013	35	26.5	30.75	0
14/10/2013	34.4	26.5	30.45	0
15/10/2013	34.6	24.8	29.7	16.1
16/10/2013	28.2	24.8	26.5	33.5
17/10/2013	28	25	26.5	35.2
18/10/2013	33.6	24.4	29	10
19/10/2013	33.5	24	28.75	1.8
20/10/2013	33.5	24	28.75	5.2
21/10/2013	32.3	23.9	28.1	5.9
22/10/2013	34	24.8	29.4	0
23/10/2013	33.6	25.5	29.55	0
24/10/2013	33.2	25.4	29.3	0
25/10/2013	33.5	25.4	29.45	0
26/10/2013	33	24	28.5	0
27/10/2013	32.5	23.3	27.9	0
28/10/2013	33.6	24.8	29.2	0
29/10/2013	34	25	29.5	0
30/10/2013	34.4	25.2	29.8	0
31/10/2013	34.4	25	29.7	0
01/11/2013	35	26	30.5	0
02/11/2013	34.8	25.5	30.15	0
03/11/2013	34.2	24.1	29.15	0
04/11/2013	35	23	29	0
05/11/2013	32.9	23	27.95	0
06/11/2013	33.7	25.8	29.75	0
07/11/2013	33	26.5	29.75	3.3
08/11/2013	32.1	24.1	28.1	0.7
09/11/2013	33.4	24.9	29.15	0
10/11/2013	33.5	24.5	29	0
11/11/2013	35	24.4	29.7	0
12/11/2013	36.2	25.2	30.7	0
13/11/2013	36.1	26	31.05	0.3
14/11/2013	32.7	26.1	29.4	2.4
15/11/2013	32.8	24.5	28.65	1.3
16/11/2013	28.5	22.7	25.6	2.7
17/11/2013	32	24	28	0
18/11/2013	32.8	23.6	28.2	0
19/11/2013	33	23.7	28.35	0
20/11/2013	31.8	23.2	27.5	0
21/11/2013	31.5	23.8	27.65	0
22/11/2013	32.5	24.5	28.5	0
23/11/2013	32.5	24.5	28.5	0
24/11/2013	32.5	24.5	28.5	0.2
25/11/2013	34	24.3	29.15	0
26/11/2013	35	25.5	30.25	1.4
27/11/2013	34.6	24.8	29.7	0
28/11/2013	34.5	25.1	29.8	2.5
29/11/2013	32.9	22.9	27.9	0
30/11/2013	31.5	21.5	26.5	0
01/12/2013	31.5	21.5	26.5	0
02/12/2013	29.6	20.4	25	0
03/12/2013	30	19.3	24.65	0
04/12/2013	31.1	19.5	25.3	0
05/12/2013	31.4	21.3	26.35	0
06/12/2013	31.6	21.4	26.5	0
07/12/2013	31.5	20	25.75	0
08/12/2013	31.5	20	25.75	0
09/12/2013	31.6	19.5	25.55	0
10/12/2013	31	20.8	25.9	0
11/12/2013	33	20.5	26.75	0
12/12/2013	32.5	21.3	26.9	0
13/12/2013	33.5	22.5	28	0
14/12/2013	34	22.5	28.25	0
15/12/2013	33.5	22.7	28.1	0
16/12/2013	31	22.6	26.8	0
17/12/2013	29	19.7	24.35	0
18/12/2013	27.8	17.2	22.5	0
19/12/2013	28	17	22.5	0
20/12/2013	27.8	17	22.4	0
21/12/2013	27.3	17.2	22.25	0
22/12/2013	27.5	16.8	22.15	0
23/12/2013	29.1	16.9	23	0
24/12/2013	29.6	18.8	24.2	0
25/12/2013	29.5	18	23.75	0
26/12/2013	29	17.2	23.1	0
27/12/2013	28.8	16.5	22.65	0
28/12/2013	27.5	15.7	21.6	0
29/12/2013	27.2	15.8	21.5	0
30/12/2013	29	16	22.5	0
31/12/2013	29	18.7	23.85	0
01/01/2014	30.5	17.3	23.9	0
02/01/2014	30.6	17	23.8	0
03/01/2014	33.5	18	25.75	0
04/01/2014	32.5	17.9	25.2	0
05/01/2014	33	20.7	26.85	0
06/01/2014	33.7	20.2	26.95	0
07/01/2014	34.5	21.6	28.05	0
08/01/2014	33.8	21.7	27.75	0
09/01/2014	34.5	22.6	28.55	0
10/01/2014	32.5	20.7	26.6	0
11/01/2014	33.7	21.3	27.5	0
12/01/2014	33.6	20.5	27.05	0
13/01/2014	32.2	20	26.1	0
14/01/2014	29.6	18.6	24.1	0
15/01/2014	29.8	17	23.4	0
16/01/2014	29.5	16.6	23.05	0
17/01/2014	30.4	17	23.7	0
18/01/2014	30.5	17.5	24	0
19/01/2014	28.6	15.6	22.1	0
20/01/2014	28.6	17	22.8	0
21/01/2014	28.5	17.2	22.85	0
22/01/2014	26.5	14.2	20.35	0
23/01/2014	27.4	13.8	20.6	0
24/01/2014	28.5	14.5	21.5	0
25/01/2014	30.2	14.6	22.4	0
26/01/2014	31.5	16	23.75	0
27/01/2014	33	16.2	24.6	0
28/01/2014	33.7	18.7	26.2	0
29/01/2014	33.6	19.8	26.7	0
30/01/2014	33.7	20	26.85	0
31/01/2014	33.5	19.6	26.55	0
01/02/2014	33.5	19.5	26.5	0
02/02/2014	34.5	19.5	27	0
03/02/2014	35	21	28	0
04/02/2014	34.7	20.8	27.75	0
05/02/2014	34.7	23	28.85	0
06/02/2014	33.1	22.5	27.8	0
07/02/2014	33.2	22.6	27.9	0
08/02/2014	33	22.5	27.75	0
09/02/2014	33.6	21.3	27.45	0
10/02/2014	34.4	20.8	27.6	0
11/02/2014	34.2	20	27.1	0
12/02/2014	33.5	20.4	26.95	0
13/02/2014	33.8	22.4	28.1	0
14/02/2014	33.7	23	28.35	0
15/02/2014	32.6	22.9	27.75	0
16/02/2014	33.5	23.5	28.5	0
17/02/2014	33.1	23.2	28.15	0
18/02/2014	34	23	28.5	0
19/02/2014	34	23.5	28.75	0
20/02/2014	30.6	21.2	25.9	0
21/02/2014	29.6	21	25.3	0
22/02/2014	34.5	20.5	27.5	0
23/02/2014	34.7	22.5	28.6	0
24/02/2014	34	22.4	28.2	0
25/02/2014	34.2	23	28.6	0
26/02/2014	34.6	23	28.8	0
27/02/2014	33.5	23	28.25	0
28/02/2014	33.6	23.4	28.5	0
01/03/2014	34	22.7	28.35	0
02/03/2014	35.5	22.5	29	0
03/03/2014	35.6	22.6	29.1	0
04/03/2014	36	23	29.5	0
05/03/2014	36	23.4	29.7	0
06/03/2014	35	22.5	28.75	0
07/03/2014	35	22.9	28.95	0
08/03/2014	35.5	23	29.25	0
09/03/2014	35.5	23	29.25	0
10/03/2014	34.4	23.2	28.8	0
11/03/2014	36.2	23.5	29.85	0
12/03/2014	35.1	23.4	29.25	0
13/03/2014	36	23.5	29.75	0
14/03/2014	37.6	23.4	30.5	0
15/03/2014	35.6	24.5	30.05	0
16/03/2014	36.5	24.2	30.35	0
17/03/2014	36.5	24.1	30.3	0
18/03/2014	37.4	23.8	30.6	0
19/03/2014	37.4	26.5	31.95	0
20/03/2014	37	25.4	31.2	0
21/03/2014	37	24.5	30.75	0
22/03/2014	36.8	24.5	30.65	0
23/03/2014	36	23.5	29.75	0
24/03/2014	37	23.8	30.4	0
25/03/2014	35.7	24.4	30.05	0
26/03/2014	37.4	24.5	30.95	0
27/03/2014	37.4	24.5	30.95	0
28/03/2014	37	25	31	0
29/03/2014	36.5	23.9	30.2	0
30/03/2014	37.2	25	31.1	0
31/03/2014	37.6	23.8	30.7	0
01/04/2014	37.7	24.5	31.1	0
02/04/2014	37.5	24.4	30.95	0
03/04/2014	37.5	24.5	31	0
04/04/2014	35.5	24.4	29.95	0.1
05/04/2014	35.5	24.4	29.95	0
06/04/2014	36.5	21.5	29	0
07/04/2014	37.6	21.5	29.55	0
08/04/2014	37.3	25.2	31.25	0
09/04/2014	37.6	24	30.8	0
10/04/2014	38	23.5	30.75	0
11/04/2014	36.2	24	30.1	0
12/04/2014	37	24	30.5	0
13/04/2014	36.5	23.2	29.85	11
14/04/2014	36.5	23	29.75	0
15/04/2014	36.3	22	29.15	0.4
16/04/2014	37.5	22	29.75	0
17/04/2014	36.6	24.6	30.6	0
18/04/2014	36.5	24	30.25	0.2
19/04/2014	36.9	23.7	30.3	0
20/04/2014	37	24.5	30.75	0
21/04/2014	38.5	25.2	31.85	0
22/04/2014	39	24.4	31.7	0
23/04/2014	37.5	25.6	31.55	0
24/04/2014	38	25.2	31.6	0
25/04/2014	37.8	25.3	31.55	0
26/04/2014	38.3	25	31.65	0
27/04/2014	39	24	31.5	0
28/04/2014	37.1	23.7	30.4	1.9
29/04/2014	35.7	23.6	29.65	0
30/04/2014	37	23	30	0
01/05/2014	37.6	23.2	30.4	0.7
02/05/2014	37.5	23	30.25	0
03/05/2014	38.2	25.6	31.9	0
04/05/2014	36.8	25.6	31.2	0
05/05/2014	37	26.5	31.75	0
06/05/2014	39	26.5	32.75	9
07/05/2014	35.8	25.5	30.65	76.7
08/05/2014	36.5	25.4	30.95	0
09/05/2014	37.6	26.6	32.1	0
10/05/2014	37.5	26.5	32	0
11/05/2014	37.1	26.1	31.6	0
12/05/2014	38.7	28.2	33.45	0
13/05/2014	38.5	28	33.25	0
14/05/2014	38.2	26.8	32.5	0
15/05/2014	38.2	28.5	33.35	0
16/05/2014	38.5	28.7	33.6	0
17/05/2014	37.4	28.6	33	0
18/05/2014	37	27.5	32.25	3.2
19/05/2014	35	26.3	30.65	0
20/05/2014	37	27.5	32.25	0
21/05/2014	37	27.3	32.15	0
22/05/2014	37.7	27.5	32.6	0
23/05/2014	37.5	27.5	32.5	0
24/05/2014	38	27.2	32.6	0
25/05/2014	37.5	27.5	32.5	0
26/05/2014	36.5	27.2	31.85	0
27/05/2014	36.5	27	31.75	18.9
28/05/2014	36.6	25.9	31.25	2.1
29/05/2014	37.2	26.5	31.85	0
30/05/2014	38.5	27	32.75	0.7
31/05/2014	37	27	32	1.1
01/06/2014	37	25	31	9.8
02/06/2014	37.6	25.6	31.6	0
03/06/2014	37.9	26.7	32.3	0
04/06/2014	38	24.5	31.25	0
05/06/2014	35.2	24.4	29.8	2.7
06/06/2014	35.2	26.2	30.7	6.9
07/06/2014	35.5	26	30.75	18.4
08/06/2014	34.8	25.2	30	6.2
09/06/2014	35	26.2	30.6	0
10/06/2014	35	27.5	31.25	0
11/06/2014	35.2	27.4	31.3	0
12/06/2014	34.5	27.6	31.05	0
13/06/2014	34	26.5	30.25	0
14/06/2014	34	26.5	30.25	3.5
15/06/2014	35	26.6	30.8	0.1
16/06/2014	34.1	26	30.05	0
17/06/2014	34	26.6	30.3	2.5
18/06/2014	34	25.4	29.7	0
19/06/2014	35	27	31	0
20/06/2014	36.6	27	31.8	0
21/06/2014	36.5	26.5	31.5	3.8
22/06/2014	35.5	26.5	31	3.5
23/06/2014	35.5	25	30.25	0
24/06/2014	34.5	25.2	29.85	0
25/06/2014	33.3	27.9	30.6	2.3
26/06/2014	33	25	29	0
27/06/2014	36	24.8	30.4	0
28/06/2014	36.5	25	30.75	0
29/06/2014	37	24.7	30.85	0
30/06/2014	34.2	24.7	29.45	38.1
01/07/2014	34.5	23.2	28.85	0.1
02/07/2014	36	26	31	0
03/07/2014	36.5	26.2	31.35	0
04/07/2014	37.4	27.4	32.4	0
05/07/2014	37.7	27	32.35	0
06/07/2014	36.9	26.9	31.9	1
07/07/2014	35.4	27	31.2	0
08/07/2014	35	26.5	30.75	0
09/07/2014	34.2	26.9	30.55	0
10/07/2014	33.5	26.6	30.05	0
11/07/2014	35.5	26.5	31	0
12/07/2014	36	26.5	31.25	0
13/07/2014	35.4	26.6	31	11.9
14/07/2014	35	25	30	37
15/07/2014	32.2	24.4	28.3	14.2
16/07/2014	33.6	24.2	28.9	1
17/07/2014	35	25	30	0
18/07/2014	33	25.1	29.05	0
19/07/2014	31.6	25.6	28.6	5.4
20/07/2014	34	24	29	5.4
21/07/2014	33.8	24	28.9	0
22/07/2014	33.8	25.2	29.5	0
23/07/2014	35.2	25.5	30.35	0
24/07/2014	35.2	24.9	30.05	1.9
25/07/2014	35	25.5	30.25	0
26/07/2014	34.4	25.6	30	3.2
27/07/2014	34.5	24.5	29.5	2.3
28/07/2014	30.6	25.5	28.05	1
29/07/2014	35.3	25	30.15	0
30/07/2014	34.5	25.1	29.8	5.4
31/07/2014	34.5	24.5	29.5	0
01/08/2014	34.7	26.2	30.45	0
02/08/2014	33.6	26.3	29.95	0
03/08/2014	34	25	29.5	5.6
04/08/2014	33	25.2	29.1	0
05/08/2014	33.4	27.3	30.35	0.2
06/08/2014	33.2	25.4	29.3	0
07/08/2014	33.5	24.5	29	0
08/08/2014	34.1	24.5	29.3	0.8
09/08/2014	33.1	25.8	29.45	0
10/08/2014	34.2	25.4	29.8	0
11/08/2014	35	26.3	30.65	0
12/08/2014	35.5	25.4	30.45	7.8
13/08/2014	33.5	25.2	29.35	25.1
14/08/2014	35.5	23.5	29.5	0
15/08/2014	34	24.8	29.4	0.2
16/08/2014	35	25.5	30.25	0
17/08/2014	33.8	25.8	29.8	8.3
18/08/2014	36.4	26	31.2	0.4
19/08/2014	36.2	24.5	30.35	3.4
20/08/2014	34.5	24.4	29.45	6.4
21/08/2014	33.5	24.2	28.85	15.1
22/08/2014	33	25.5	29.25	36.2
23/08/2014	34.1	25.4	29.75	5.3
24/08/2014	35.6	25.5	30.55	3.2
25/08/2014	35.5	25	30.25	0.4
26/08/2014	33	24.9	28.95	9.6
27/08/2014	34.5	24	29.25	5.6
28/08/2014	34	23.8	28.9	0
29/08/2014	33.1	23.9	28.5	0.1
30/08/2014	31.4	25.5	28.45	0
31/08/2014	31.5	26.2	28.85	4.4
01/09/2014	31.5	24.3	27.9	2.8
02/09/2014	33	24.8	28.9	7.8
03/09/2014	32.7	24.2	28.45	1.2
04/09/2014	33.6	24.3	28.95	0
05/09/2014	33.3	26	29.65	0
06/09/2014	33.6	25.7	29.65	12.3
07/09/2014	32	24.7	28.35	0
08/09/2014	35	25.2	30.1	0.1
09/09/2014	35	25.2	30.1	0.2
10/09/2014	35.2	25.2	30.2	15.9
11/09/2014	33.3	26.5	29.9	1.7
12/09/2014	34.5	25.5	30	19.4
13/09/2014	34.6	24.9	29.75	0
14/09/2014	35.2	26	30.6	44
15/09/2014	34	25	29.5	26.5
16/09/2014	33.1	24.8	28.95	0
17/09/2014	32.8	26	29.4	0
18/09/2014	33.5	26.5	30	5.4
19/09/2014	35	25.6	30.3	0
20/09/2014	36	26.7	31.35	0
21/09/2014	36	26.8	31.4	93.7
22/09/2014	34.5	24.2	29.35	0
23/09/2014	35	27.4	31.2	3.1
24/09/2014	35	25	30	7.6
25/09/2014	32.9	24.8	28.85	7.8
26/09/2014	33.2	25	29.1	0.4
27/09/2014	35.5	26.2	30.85	0
28/09/2014	35	26.2	30.6	39.8
29/09/2014	34.8	25.5	30.15	39.2
30/09/2014	34.7	24	29.35	0
01/10/2014	34	24	29	6.3
02/10/2014	33.5	24.8	29.15	3.8
03/10/2014	34.5	24.5	29.5	0
04/10/2014	35.7	24.5	30.1	0
05/10/2014	34.5	25.5	30	21
06/10/2014	30.7	24.2	27.45	11.6
07/10/2014	31.3	23.9	27.6	0
08/10/2014	31.5	25.2	28.35	33.8
09/10/2014	31	23.6	27.3	1.2
10/10/2014	33.9	23.6	28.75	14.4
11/10/2014	32.5	24.8	28.65	0.4
12/10/2014	33	25	29	0
13/10/2014	34.5	24.3	29.4	0
14/10/2014	34.3	25.7	30	0
15/10/2014	34	24.5	29.25	0
16/10/2014	34	23.9	28.95	0
17/10/2014	34	24	29	0
18/10/2014	34	25.1	29.55	0
19/10/2014	33.2	25.8	29.5	21.1
20/10/2014	34.5	25.2	29.85	11.4
21/10/2014	34.5	24.8	29.65	0
22/10/2014	34.7	24.8	29.75	0
23/10/2014	33.4	25.5	29.45	11.7
24/10/2014	33	25	29	0
25/10/2014	33.7	25.3	29.5	0
26/10/2014	34.4	25.5	29.95	1.4
27/10/2014	33	25	29	23
28/10/2014	33.8	23.8	28.8	1
29/10/2014	34	25.5	29.75	0
30/10/2014	35	25.5	30.25	0
31/10/2014	35.1	25.5	30.3	4.9
01/11/2014	35	25.5	30.25	0.2
02/11/2014	35.2	25	30.1	6.4
03/11/2014	34.7	25.2	29.95	0
04/11/2014	33.5	25.8	29.65	45
05/11/2014	31.8	24.7	28.25	0.2
06/11/2014	34.5	26	30.25	3.4
07/11/2014	34.6	25.4	30	0
08/11/2014	35	25.5	30.25	0
09/11/2014	34.7	25.4	30.05	0.2
10/11/2014	35.5	25.7	30.6	0
11/11/2014	35.5	26.8	31.15	0
12/11/2014	35.3	26.2	30.75	0
13/11/2014	35.3	25.5	30.4	0
14/11/2014	32	25.3	28.65	0
15/11/2014	34	24.1	29.05	0
16/11/2014	34.2	24	29.1	0
17/11/2014	33.8	24.2	29	0
18/11/2014	32.6	23.8	28.2	0
19/11/2014	31.5	22.5	27	0
20/11/2014	31.7	22.1	26.9	0
21/11/2014	33.2	23	28.1	0
22/11/2014	34	23.7	28.85	0
23/11/2014	34.3	23.7	29	0
24/11/2014	34.7	24.7	29.7	0
25/11/2014	35	24.6	29.8	0
26/11/2014	34.8	24.7	29.75	0
27/11/2014	33.8	25.5	29.65	0
28/11/2014	35	23.5	29.25	0
29/11/2014	34.7	24.9	29.8	0
30/11/2014	35.2	25.6	30.4	0
01/12/2014	35.4	25.5	30.45	0
02/12/2014	31.6	25.9	28.75	0.7
03/12/2014	32.6	25	28.8	0
04/12/2014	33.3	25	29.15	1.7
05/12/2014	31.4	25.2	28.3	0
06/12/2014	34.8	24.6	29.7	0
07/12/2014	35	25.5	30.25	0
08/12/2014	34.4	24.6	29.5	0
09/12/2014	34	22.5	28.25	0
10/12/2014	33.8	22.7	28.25	0
11/12/2014	34.1	21.7	27.9	0
12/12/2014	33.2	23	28.1	0
13/12/2014	29.6	22	25.8	0
14/12/2014	30.7	21.7	26.2	0
15/12/2014	32.8	21.8	27.3	0
16/12/2014	31.7	22.7	27.2	0
17/12/2014	32	21.2	26.6	0
18/12/2014	31.7	20	25.85	0
19/12/2014	30.4	19.8	25.1	0
20/12/2014	32	21.5	26.75	0
21/12/2014	33	20.5	26.75	0
22/12/2014	29	20.5	24.75	0
23/12/2014	30	19.4	24.7	0
24/12/2014	32.2	19.4	25.8	0
25/12/2014	32.5	23.7	28.1	0
26/12/2014	35.2	23	29.1	0
27/12/2014	35	24.8	29.9	0
28/12/2014	33.6	24.8	29.2	0
29/12/2014	33.5	20.6	27.05	0
30/12/2014	30.2	19.8	25	0
31/12/2014	31.6	19	25.3	0
