iteration	K.maxValue	coverage.maxValue	proportion.bounds.logP	q.bounds.logP	maxMortality	slope	resistanceGain	R	fitnessPenalty
NA	NA	NA	NA	NA	NA	NA	NA	NA	NA
1	19802	0.312054	-4.77125	-5.56352	0.928331	6.92808	0.49096	44.517	0.361486
2	18130.6	0.634771	-5.29695	-5.67245	0.900994	1.38386	0.80241	45.0291	0.31575
3	12580.1	0.256742	-3.16025	-4.70733	0.947277	5.98419	0.672365	25.9715	0.11498
4	11255.2	0.578262	-5.09291	-4.17848	0.916605	8.50013	0.30686	15.05	0.0492965
5	10617.9	0.412074	-4.97004	-4.52771	0.989593	9.16208	0.548479	20.7342	0.346815
6	17555.7	0.107462	-3.81875	-5.51958	0.986721	4.44267	0.605176	48.8116	0.226673
7	12145.8	0.214418	-2.19281	-4.9846	0.907576	7.32612	0.504913	33.0571	0.0569755
8	16544.3	0.382971	-3.94782	-4.63203	0.918001	9.52563	0.560637	5.64016	0.132915
9	13949.9	0.600468	-3.77295	-5.31224	0.900915	3.11312	0.415323	15.1949	0.22807
10	11965.3	0.586965	-5.44458	-4.46202	0.954538	5.75507	0.236576	5.67809	0.121129
11	13349	0.692737	-4.54358	-4.05648	0.96374	9.64247	0.693232	27.17	0.178579
12	13836.9	0.487159	-5.84489	-4.94874	0.973904	5.62947	0.346273	38.9316	0.170311
13	15311.5	0.546315	-5.344	-4.41641	0.961041	4.03074	0.772285	48.7315	0.372985
14	19681.8	0.291534	-5.85697	-4.81049	0.942116	3.08454	0.127643	21.195	0.212773
15	13743.9	0.447533	-4.92508	-4.55673	0.905731	5.12349	0.325075	4.94046	0.10918
16	12049.7	0.768411	-3.424	-5.75294	0.959174	5.85567	0.695432	32.3744	0.166306
17	12430	0.487907	-2.67869	-5.71605	0.927528	1.59775	0.280417	14.595	0.190999
18	13955.8	0.524694	-2.21533	-4.5095	0.915119	7.67713	0.829564	3.43924	0.313651
19	16143	0.485827	-5.69178	-5.10639	0.905028	4.79381	0.767776	2.83532	0.175545
20	11170.1	0.822	-2.79206	-5.39081	0.95332	3.75412	0.374313	26.3226	0.074338
21	17537.6	0.878229	-5.53632	-4.04248	0.943544	3.20983	0.339186	22.6393	0.339042
22	13591.5	0.725806	-4.27944	-4.18172	0.931773	8.2541	0.705546	29.7084	0.211171
23	13678.7	0.408186	-5.10483	-5.30187	0.952549	1.98257	0.315595	46.8305	0.165982
24	14562.9	0.505538	-3.01307	-5.28245	0.974129	6.63322	0.126253	3.59187	0.0772637
25	10719.3	0.666333	-3.07149	-4.72348	0.974755	4.75842	0.241947	40.3203	0.280567
26	10672.8	0.899458	-2.97775	-4.3558	0.950974	5.36235	0.145632	13.2559	0.371663
27	15690.6	0.801874	-5.73754	-5.80245	0.962205	7.11007	0.325795	23.6422	0.0784888
28	11945.4	0.272647	-4.93584	-4.1754	0.963908	6.64555	0.238342	15.5337	0.227604
29	11816.5	0.501199	-4.22722	-5.00819	0.982688	6.26981	0.719719	8.78145	0.345579
30	16389.1	0.490448	-4.93107	-4.87382	0.936885	8.71393	0.730137	47.2072	0.359676
31	17066.2	0.247782	-4.43683	-4.51822	0.97196	6.15802	0.605902	38.2446	0.167717
32	17822	0.678764	-4.41834	-5.09325	0.903515	5.09235	0.547362	30.6694	0.0416263
33	11033	0.378358	-3.71592	-5.70537	0.940118	3.68516	0.240585	25.0276	0.235892
34	15680.8	0.349513	-4.81639	-4.60369	0.947989	5.6717	0.828557	17.7726	0.296808
35	15913.7	0.652528	-3.17501	-5.16666	0.976098	7.55453	0.698487	20.8691	0.149566
36	11198.3	0.362338	-4.65169	-4.05853	0.910654	2.55491	0.274584	48.3289	0.297309
37	19570.8	0.262776	-4.68186	-4.20869	0.956864	4.99243	0.615623	36.8356	0.234048
38	11711.1	0.519609	-4.01999	-4.93191	0.969453	2.8056	0.752751	17.9454	0.209259
39	16688.5	0.479109	-2.00679	-4.74645	0.971806	3.55509	0.747998	44.9365	0.382716
40	13968.1	0.763717	-5.19022	-4.71022	0.956187	7.76588	0.755977	41.7043	0.340128
41	10852.6	0.508006	-4.76564	-4.639	0.974331	6.29294	0.822342	46.6068	0.392982
42	17927.2	0.679502	-5.43962	-5.89986	0.90159	9.77369	0.792895	40.6388	0.372166
43	14595.7	0.792783	-4.39663	-4.66884	0.911714	8.91466	0.120725	17.8678	0.0618566
44	19489.3	0.829971	-4.1212	-4.01609	0.955205	5.92693	0.11125	43.4611	0.0138254
45	13926.2	0.757237	-2.62442	-4.24157	0.938142	1.39136	0.570155	19.8763	0.180621
46	13731.7	0.879584	-5.89118	-4.28456	0.975971	9.39118	0.339791	42.1156	0.323461
47	19971	0.396016	-4.70475	-5.51378	0.944996	7.62792	0.225963	49.9459	0.274209
48	11619.3	0.539021	-2.14694	-4.02104	0.932419	2.01355	0.500302	2.27659	0.100805
49	13099.6	0.337977	-2.32361	-5.36261	0.917138	6.08116	0.1998	20.3865	0.360833
50	12154.1	0.888563	-3.83608	-4.78068	0.973769	3.34563	0.502589	11.7387	0.289473
51	19051.3	0.862435	-4.15955	-5.84157	0.95751	3.4706	0.150923	10.1745	0.235572
52	19063.6	0.80416	-2.66052	-5.24713	0.937699	8.80557	0.149756	37.6296	0.316585
53	13434.5	0.584922	-2.85042	-5.33601	0.93959	9.19604	0.557196	12.459	0.362275
54	13296.9	0.608853	-4.73861	-4.13279	0.982387	6.81529	0.756724	39.946	0.39527
55	14643.6	0.112991	-5.63297	-4.94611	0.957304	7.42631	0.794936	29.9431	0.226382
56	19176.2	0.631675	-3.50823	-5.6568	0.921801	7.3849	0.335038	14.5394	0.0763335
57	10506.9	0.5529	-5.53151	-4.66703	0.901641	4.27813	0.721407	44.1266	0.163017
58	10634.6	0.534282	-3.31703	-5.97299	0.988475	4.66839	0.258422	26.1424	0.0640395
59	19135	0.628665	-5.84926	-4.1146	0.925748	2.07239	0.148871	10.2853	0.311612
60	19043.7	0.189087	-5.05698	-4.89981	0.929538	1.66274	0.278512	26.6869	0.379148
61	12312.4	0.713409	-3.8063	-5.53877	0.984124	8.09039	0.703339	41.4989	0.0187434
62	19073	0.646089	-4.10412	-4.31481	0.964644	3.6755	0.357939	47.5846	0.0894473
63	12910.9	0.887758	-4.84928	-4.34537	0.966033	7.00775	0.145478	48.7551	0.0997249
64	11304.9	0.293807	-2.95916	-5.79842	0.938993	9.35636	0.100117	6.7235	0.221832
65	18460.4	0.671777	-5.92884	-4.80229	0.965539	7.71418	0.426527	10.0725	0.217457
66	11697.6	0.538389	-2.66976	-4.11217	0.921939	7.94848	0.2761	49.3572	0.0780115
67	18653.3	0.169809	-2.82102	-4.20027	0.963182	4.73838	0.378713	18.923	0.000526118
68	18822.7	0.719884	-5.80015	-5.50545	0.974227	6.80515	0.242871	30.3442	0.254973
69	14717.2	0.662693	-5.01171	-4.48101	0.935905	4.14814	0.611374	38.1807	0.00419899
70	15146	0.529801	-4.72168	-4.39572	0.935628	1.03022	0.226433	49.8593	0.241895
71	19437.9	0.893815	-2.32517	-5.23491	0.958148	9.48395	0.342236	4.23059	0.377599
72	10304.9	0.859747	-3.82365	-5.55083	0.939262	9.54195	0.666166	35.8965	0.153178
73	12812.3	0.168604	-2.3047	-5.14418	0.972226	9.90568	0.58024	35.3991	0.224788
74	15366.9	0.797099	-5.24469	-5.14917	0.902627	3.8171	0.499761	41.9231	0.125435
75	19376.4	0.1799	-2.2533	-5.34859	0.950193	1.53247	0.624052	17.7325	0.0226021
76	10747.8	0.885542	-4.9728	-5.7819	0.978591	8.93264	0.89679	8.04646	0.129826
77	19362.6	0.850125	-5.29548	-4.46607	0.902214	7.59067	0.604125	3.84641	0.00891825
78	15159.2	0.154506	-4.05372	-4.25053	0.98927	3.02168	0.754812	11.3086	0.333648
79	12333	0.204319	-5.81724	-5.3144	0.912796	2.99464	0.461018	20.4409	0.207133
80	10062.2	0.534889	-5.59946	-4.57861	0.975839	4.42405	0.210373	29.8822	0.194687
81	16522.4	0.87545	-4.99382	-4.95658	0.97592	9.42772	0.388858	43.6949	0.218515
82	12842	0.278314	-3.19316	-5.02726	0.913491	8.47098	0.627563	12.5626	0.224926
83	10805.3	0.147309	-4.37722	-5.82786	0.924247	5.15019	0.778562	20.3458	0.0587655
84	13619.3	0.140438	-5.13153	-5.60686	0.907896	9.70422	0.225301	33.1921	0.29471
85	10492.3	0.460681	-2.25987	-4.09761	0.989382	5.65318	0.47445	22.1837	0.058155
86	12751.1	0.390418	-2.86003	-5.39753	0.926883	2.63508	0.729398	30.844	0.04392
87	12713.7	0.129813	-3.02389	-5.5281	0.921167	9.74913	0.402143	25.8041	0.124355
88	12602.4	0.732538	-3.35382	-4.55946	0.907049	3.14088	0.735588	42.5408	0.397322
89	13236.9	0.580142	-4.26718	-4.05278	0.958895	4.78497	0.427864	14.7605	0.349582
90	11866.4	0.355163	-2.77197	-4.87837	0.978074	6.46012	0.237541	5.80204	0.245806
91	10571	0.439208	-4.96402	-5.0967	0.91796	9.0668	0.333158	23.7017	0.219909
92	18544.4	0.289258	-3.23369	-4.14276	0.931518	6.06581	0.630972	2.15998	0.0562729
93	14925.7	0.579193	-5.26383	-5.82527	0.983621	7.91318	0.293678	9.02587	0.145227
94	14367.8	0.61297	-2.10328	-4.43192	0.96924	4.04344	0.515243	9.17152	0.109762
95	12038.8	0.454582	-5.25095	-5.21136	0.93511	3.20184	0.814248	29.3263	0.0721809
96	15051.1	0.112262	-4.22187	-4.48304	0.96891	5.30349	0.846981	35.4973	0.0709236
97	13668.4	0.415153	-3.62943	-4.75411	0.959444	8.46282	0.61633	32.9224	0.286517
98	15016.1	0.265551	-2.49995	-5.03482	0.974491	9.71672	0.688821	34.2356	0.374812
99	14634.7	0.780032	-4.63024	-4.59681	0.960999	4.09382	0.663477	11.3174	0.160707
100	11055.9	0.52091	-3.39358	-5.79272	0.935412	9.31981	0.57686	17.3306	0.392171
101	10533.5	0.803168	-2.19679	-5.64321	0.918105	6.58962	0.42804	30.0562	0.246188
102	19324.6	0.562672	-4.23307	-5.5598	0.983843	2.1617	0.319393	22.8595	0.189599
103	15700.6	0.728069	-2.16795	-5.08857	0.96637	5.22531	0.266623	24.9345	0.157732
104	11567.3	0.644667	-4.44677	-4.72083	0.965429	6.17245	0.216437	49.8083	0.198016
105	17048	0.850512	-2.84384	-4.79561	0.94673	3.88744	0.840965	31.8974	0.1775
106	19401.4	0.223016	-4.1692	-5.70694	0.927232	4.64665	0.648932	11.5247	0.0462199
107	14611.5	0.267709	-5.95503	-4.31707	0.90562	5.17706	0.592483	12.0013	0.176829
108	19915.5	0.615166	-5.50709	-5.85013	0.944561	2.43808	0.452426	2.34632	0.269517
109	19729.5	0.721918	-2.69342	-4.17303	0.972414	1.74805	0.439751	2.2204	0.240699
110	17606.1	0.370268	-5.1787	-5.10259	0.982056	7.0459	0.713812	6.03999	0.1203
111	18275.3	0.423821	-5.96624	-5.90835	0.987252	9.60875	0.624843	15.8297	0.349132
112	16321.2	0.371792	-2.80102	-4.24358	0.927161	6.42921	0.425448	17.5998	0.243762
113	13974.4	0.617605	-2.55537	-4.6157	0.902372	6.14234	0.756948	11.1656	0.273639
114	14504.4	0.117494	-4.21852	-5.82041	0.983023	5.53159	0.17128	25.5898	0.208643
115	14899.7	0.543487	-3.37304	-5.23226	0.989045	1.58062	0.34732	2.49503	0.332329
116	16643.3	0.457705	-4.6248	-4.22996	0.965076	5.57199	0.424269	46.7673	0.303654
117	15939.1	0.670416	-3.46326	-4.21912	0.962706	6.32501	0.664035	21.3346	0.203129
118	10759.7	0.102275	-2.28676	-4.11159	0.973068	5.3234	0.101991	25.5184	0.146294
119	16696.3	0.815637	-5.21866	-4.11737	0.932033	2.53156	0.629524	8.27331	0.39056
120	10016.3	0.270134	-5.06384	-4.67354	0.931233	2.42991	0.757834	9.08998	0.271631
121	19610.6	0.791882	-2.63	-4.62746	0.931358	5.15814	0.263931	43.3428	0.0898525
122	18216.8	0.425009	-2.45636	-4.69661	0.916162	7.24656	0.473951	39.1973	0.151805
123	14104.8	0.872737	-4.2709	-5.3069	0.942342	9.38179	0.249927	47.4789	0.239051
124	18378.9	0.29466	-3.75346	-5.572	0.908276	2.47798	0.482632	8.83176	0.189033
125	15841.5	0.261427	-5.12007	-5.52735	0.905515	4.29486	0.277235	7.00656	0.326366
126	18049.9	0.284267	-3.34906	-4.5992	0.959911	9.72604	0.831042	23.4579	0.194802
127	12552.8	0.233509	-4.53323	-5.7145	0.952222	5.07647	0.612059	25.9313	0.255727
128	18928.1	0.827758	-5.04764	-4.84954	0.971614	3.54532	0.212325	24.2391	0.104989
129	13115.7	0.819936	-4.49583	-5.64146	0.963515	9.33641	0.416462	4.99037	0.336096
130	11519.2	0.500025	-3.29927	-5.19655	0.955849	3.94749	0.800126	23.244	0.37945
131	15434.6	0.741234	-4.51845	-4.32245	0.947777	8.06343	0.47951	21.7821	0.346053
132	15966.4	0.769785	-5.37566	-5.61161	0.952175	9.51264	0.620998	31.4169	0.299201
133	14469.2	0.352537	-4.05947	-4.4258	0.959522	1.45846	0.330979	28.1488	0.278716
134	11064.2	0.34677	-2.87695	-4.56995	0.95562	8.48581	0.211791	35.7473	0.0644579
135	18997.2	0.784192	-2.02237	-5.48025	0.983405	1.78995	0.148738	34.8568	0.267316
136	12666.2	0.736671	-5.83282	-5.49185	0.980849	6.91289	0.522879	30.5759	0.020535
137	19108.7	0.73465	-4.73392	-5.50898	0.928257	1.34589	0.826277	45.8584	0.230131
138	12789.3	0.536785	-5.34302	-4.7727	0.940288	4.99879	0.292445	6.34718	0.307475
139	18179.2	0.635668	-5.66438	-5.42423	0.945597	2.866	0.890057	40.9309	0.256462
140	15823.3	0.734185	-5.97105	-4.40437	0.909057	9.58417	0.267587	44.2886	0.326944
141	13913.1	0.509867	-4.04133	-4.59591	0.95462	9.65962	0.732241	46.1107	0.204595
142	15600.1	0.641867	-2.16201	-4.36141	0.940485	2.75037	0.265933	43.9609	0.138317
143	14725	0.867554	-3.55405	-4.60768	0.924694	9.59954	0.154435	45.3773	0.273225
144	16411.4	0.497378	-3.34624	-4.88723	0.916651	6.04664	0.383631	11.026	0.0668458
145	14421.9	0.514091	-3.70289	-5.12995	0.984191	8.16308	0.387696	10.6569	0.270651
146	15525.3	0.146942	-3.97684	-5.60049	0.949481	3.29709	0.335327	28.8138	0.156066
147	19359.2	0.505642	-4.09752	-4.18294	0.988057	4.24043	0.32399	24.0427	0.0525483
148	13047.5	0.21756	-3.6395	-5.55443	0.987517	2.28454	0.530989	17.6239	0.288015
149	12831.3	0.228271	-4.30813	-4.37495	0.970099	7.96246	0.833232	42.4355	0.388906
150	10172	0.525628	-4.39068	-4.84126	0.908093	7.16681	0.260644	36.1956	0.174866
151	11137.1	0.647504	-2.90991	-4.22262	0.976262	5.43708	0.296854	31.9264	0.0391146
152	10829.9	0.13042	-5.51551	-4.443	0.915889	8.00407	0.881999	41.5823	0.0201831
153	17182.2	0.554654	-2.93294	-4.84596	0.943953	1.1099	0.233827	45.804	0.367188
154	12440.3	0.772411	-5.20763	-4.11888	0.90332	2.26413	0.371712	44.6806	0.0271362
155	16092.4	0.440937	-2.74406	-5.27986	0.934478	4.6625	0.253666	34.7286	0.388752
156	18453	0.873827	-3.77012	-4.45781	0.914377	1.7397	0.352166	7.86942	0.0799137
157	12284.4	0.623127	-3.85417	-4.08507	0.945991	6.7586	0.273482	33.4211	0.11852
158	15491.7	0.517663	-2.15839	-4.51679	0.949192	1.07347	0.194095	13.5628	0.187048
159	13444.5	0.451262	-5.31928	-5.50313	0.921999	6.23317	0.288325	18.7585	0.0180909
160	17284.6	0.498245	-3.03711	-5.8707	0.924787	9.0048	0.781518	21.7658	0.33978
161	17485.4	0.813583	-5.51951	-4.42073	0.967321	8.9512	0.78846	7.64542	0.296216
162	18806.7	0.590966	-4.02086	-4.69562	0.951373	9.68716	0.128001	38.0537	0.35562
163	10774.4	0.436373	-5.62043	-4.97756	0.937063	8.68331	0.180635	9.44096	0.333069
164	10350.9	0.386549	-3.21363	-5.03685	0.964195	9.25906	0.412762	5.34489	0.185795
165	14305.7	0.437959	-4.16337	-4.77623	0.957485	6.41713	0.14271	48.5663	0.188407
166	13497	0.885631	-3.61876	-5.2026	0.907242	2.25025	0.571535	48.2228	0.024685
167	15397.9	0.311651	-2.99625	-5.38412	0.958255	7.15104	0.870999	3.26171	0.0276731
168	19843.2	0.788762	-4.25627	-4.57258	0.912273	5.78921	0.178278	22.514	0.0923502
169	19477.1	0.227451	-3.43982	-5.30881	0.937458	7.50926	0.674866	12.3559	0.291686
170	14322.2	0.219781	-3.38464	-5.73237	0.918578	5.31267	0.273649	17.4779	0.15983
171	14337.3	0.303873	-2.55997	-5.61654	0.986965	4.68355	0.770464	34.999	0.274955
172	16266.3	0.714971	-4.33156	-5.6511	0.913214	8.37383	0.670331	38.5696	0.386342
173	17353.9	0.626616	-4.48756	-4.76284	0.922905	1.72743	0.227226	34.2914	0.183136
174	13811.7	0.188077	-4.52082	-4.53167	0.986667	5.42781	0.328576	6.6481	0.118865
175	18303.7	0.376345	-2.97293	-4.87766	0.922552	3.5165	0.704796	39.0723	0.0879786
176	10485.4	0.615777	-3.84621	-5.11012	0.944761	4.00266	0.602019	46.8757	0.0430694
177	19964.2	0.558915	-4.48246	-5.4304	0.949717	2.87606	0.809014	33.6373	0.00845407
178	13185	0.335023	-3.61001	-4.55357	0.963686	9.04406	0.125524	40.7042	0.307097
179	18440.5	0.835176	-4.34681	-4.03124	0.931018	4.11889	0.716552	2.71118	0.181864
180	14350.1	0.751129	-4.40271	-5.29628	0.974055	2.78434	0.533793	37.359	0.292621
181	19145.3	0.265607	-2.90787	-4.90612	0.924638	5.74349	0.485705	35.2314	0.0114394
182	15785.1	0.243605	-3.65891	-5.03196	0.958131	7.27499	0.196106	18.6325	0.0880125
183	18159.4	0.368336	-3.78377	-5.18207	0.911284	6.68683	0.606929	18.7374	0.291354
184	14965.6	0.637191	-4.03222	-5.84759	0.961206	3.24678	0.653653	18.5307	0.103547
185	14660.5	0.342657	-4.95981	-4.42869	0.92141	6.97266	0.299037	32.4682	0.272487
186	14242.4	0.334242	-3.44992	-5.53045	0.93743	1.10077	0.442784	45.1159	0.151423
187	11635.5	0.571637	-2.70022	-5.4017	0.912209	2.66889	0.646798	44.6108	0.22074
188	14277.2	0.526928	-5.61911	-5.95041	0.904344	3.04451	0.631721	42.9416	0.10313
189	13022.2	0.136691	-3.92184	-4.46554	0.913755	4.86872	0.329626	32.1786	0.117616
190	19765.4	0.823382	-4.89702	-4.54165	0.948816	3.50788	0.28331	3.08253	0.111182
191	11213.2	0.694597	-3.33918	-4.07958	0.948074	1.4372	0.564744	8.46505	0.156969
192	14626.7	0.341002	-3.3963	-5.07729	0.960097	9.49455	0.510259	41.8189	0.252531
193	14788	0.246251	-3.79178	-4.86254	0.929249	9.92278	0.540781	28.9732	0.373384
194	13015.4	0.504385	-3.95103	-5.44932	0.933572	1.78104	0.586727	11.3969	0.0503187
195	14041.7	0.363037	-3.72994	-4.33399	0.937329	7.82113	0.546444	42.6203	0.370407
196	13779.5	0.424563	-2.94938	-4.16324	0.968045	7.76969	0.468525	23.3723	0.222652
197	10643	0.163188	-2.04968	-5.97047	0.928426	6.15094	0.340696	10.3877	0.253045
198	13729.8	0.37915	-2.971	-5.50104	0.92097	4.52909	0.433276	29.1211	0.0936632
199	16252.8	0.268405	-2.48143	-4.59179	0.946981	7.93628	0.289076	49.1592	0.245092
200	11354.4	0.121728	-4.66396	-5.9409	0.976748	4.6245	0.781671	42.3729	0.164573
201	13064	0.896433	-5.12782	-5.04141	0.974556	6.07046	0.770291	25.7321	0.186677
202	10762.9	0.201571	-4.91097	-5.36164	0.97048	2.44608	0.511542	21.9528	0.158115
203	15210	0.715594	-4.63583	-5.06102	0.924075	8.38719	0.600943	47.6831	0.0529255
204	10945.8	0.609754	-3.30746	-4.97554	0.957144	5.47772	0.616943	24.6986	0.0962224
205	19167.2	0.260726	-2.40901	-4.30074	0.930155	2.32594	0.794329	26.9258	0.0952643
206	16897.4	0.810037	-2.1712	-5.04392	0.912435	8.22691	0.286259	37.5715	0.192416
207	15407.1	0.563785	-3.277	-4.32112	0.92496	6.95123	0.476666	26.9097	0.268723
208	18567.7	0.421132	-4.45781	-5.62782	0.96492	1.87746	0.446223	34.0273	0.146748
209	18494.4	0.721393	-2.58257	-5.01379	0.916933	2.39432	0.361403	45.4545	0.0496076
210	18743.9	0.441632	-5.58827	-4.02321	0.942667	7.54124	0.899319	37.4606	0.304199
211	15192.7	0.795137	-2.91718	-5.09918	0.90152	4.23558	0.466082	32.8668	0.351844
212	13075.6	0.297018	-2.11009	-4.49706	0.923025	4.88374	0.824639	42.061	0.19589
213	10297.8	0.477128	-4.07641	-5.81847	0.943463	5.19747	0.815383	47.9812	0.203653
214	18715.1	0.306252	-4.10949	-5.46382	0.968327	4.3152	0.398778	37.6964	0.357393
215	16052.1	0.815024	-4.85322	-4.0663	0.961566	5.99243	0.608063	31.229	0.265229
216	15379.4	0.727613	-5.40525	-5.26884	0.933482	4.17693	0.359191	47.736	0.342061
217	11485.7	0.183206	-3.08613	-5.31731	0.969368	3.34932	0.13493	24.1352	0.364249
218	15425.6	0.83377	-2.76612	-5.70032	0.940639	9.30113	0.419015	39.0222	0.0275989
219	15852.4	0.773108	-4.03702	-5.18861	0.936328	3.26733	0.241089	45.5887	0.345684
220	12370.3	0.85283	-3.71807	-4.92979	0.910813	7.06037	0.1765	23.9403	0.0440921
221	18420.9	0.308594	-2.30133	-5.40623	0.964358	8.32739	0.655621	36.8512	0.323913
222	16132.7	0.400518	-4.47644	-5.96692	0.983724	1.46681	0.75168	27.8648	0.236557
223	18867.8	0.472893	-4.29555	-4.86969	0.904471	3.59405	0.71543	18.4404	0.397912
224	13568.6	0.350962	-2.94015	-4.67439	0.928111	3.82765	0.898376	49.2387	0.0235663
225	10451.6	0.198685	-4.23742	-4.31172	0.95971	5.64755	0.307944	7.10153	0.341694
226	10951.4	0.767801	-5.95052	-5.94352	0.968613	8.25184	0.677052	38.7488	0.314324
227	14439.7	0.271546	-3.77962	-5.09524	0.961349	3.90918	0.421511	25.8195	0.113236
228	13004.1	0.258	-3.2472	-4.6442	0.964556	5.29463	0.454139	21.2396	0.00798096
229	10092.4	0.764647	-5.03303	-5.01477	0.939228	5.68279	0.783321	20.6356	0.249419
230	17620	0.725414	-3.02827	-5.86224	0.916101	4.34793	0.68272	14.1124	0.167263
231	10705.9	0.839921	-2.46684	-4.2954	0.941446	9.10741	0.667632	42.4951	0.106606
232	12177.6	0.211997	-5.43548	-5.28477	0.950001	2.10201	0.653447	49.7994	0.328142
233	18625.2	0.223748	-2.28348	-5.74089	0.987691	5.2829	0.581465	34.7854	0.334407
234	10915.7	0.212308	-2.07903	-5.77754	0.940007	2.98479	0.351381	33.119	0.148811
235	12658	0.3842	-3.61501	-5.35851	0.917651	6.63657	0.215353	7.99582	0.355414
236	11805.6	0.854438	-5.94669	-5.16515	0.91478	8.37048	0.379891	38.8442	0.162737
237	16928.9	0.355447	-4.38573	-5.37904	0.942211	5.59254	0.640275	47.6403	0.192882
238	18110.5	0.18971	-3.18882	-5.71039	0.982566	7.82779	0.271403	18.395	0.077047
239	16966.9	0.746429	-3.95688	-5.61503	0.987304	2.13355	0.128956	48.2828	0.238333
240	19636.6	0.155738	-3.44111	-5.47325	0.9737	2.21429	0.183164	15.0804	0.358327
241	19201.9	0.774877	-4.511	-5.26572	0.94768	8.92045	0.524957	2.40449	0.203345
242	19413.8	0.770932	-3.96155	-4.00335	0.970797	7.9109	0.23475	37.04	0.0804479
243	16500.3	0.293472	-2.96754	-4.07765	0.951902	8.07416	0.659419	16.4509	0.365545
244	13808.4	0.367825	-4.67158	-4.61943	0.917622	9.79357	0.775086	19.8113	0.378188
245	12949	0.109822	-3.85743	-4.279	0.918687	8.12	0.557844	2.01241	0.224019
246	10881	0.794131	-4.02784	-4.65713	0.914917	3.36615	0.504024	45.7658	0.0764364
247	19927.7	0.411896	-2.39373	-4.04798	0.921013	4.5006	0.893904	45.9371	0.178326
248	13405.7	0.830683	-2.71167	-5.56837	0.979578	4.76502	0.55188	36.4079	0.232856
249	18311	0.240055	-5.28595	-4.29668	0.925951	4.00805	0.607876	21.404	0.24987
250	16635.3	0.419045	-3.11987	-4.61331	0.913012	1.28918	0.336526	34.6841	0.213508
251	15885.8	0.693589	-2.33506	-5.45858	0.986424	5.72336	0.355218	14.0918	0.334256
252	10240	0.391912	-5.96201	-5.86179	0.938249	3.77167	0.420624	30.9618	0.159222
253	15027.9	0.573553	-5.41849	-5.2541	0.907452	1.66678	0.277858	28.2145	0.0547734
254	13462.7	0.429793	-2.78296	-4.33124	0.940555	8.54133	0.469079	43.191	0.10199
255	16334.8	0.871549	-4.09158	-5.23755	0.964457	4.53983	0.78552	35.3311	0.373845
256	19647.4	0.393992	-3.78766	-5.71908	0.90675	9.93515	0.726786	9.61397	0.131369
257	17314.7	0.846199	-5.90143	-5.63914	0.955333	4.74742	0.635103	45.0881	0.0686606
258	17269.9	0.165037	-3.39034	-5.68737	0.923956	8.95898	0.190522	23.5811	0.197376
259	14079	0.401527	-3.82735	-5.98048	0.975279	5.36836	0.207456	46.6916	0.073468
260	18786.4	0.437355	-2.80725	-5.22956	0.966097	5.27087	0.204195	15.2609	0.341286
261	16552	0.493056	-3.14603	-4.66598	0.951714	1.09362	0.110331	28.8806	0.130691
262	14297.3	0.177534	-5.03823	-5.70876	0.911535	4.59788	0.164495	11.7681	0.0161224
263	11377.8	0.253558	-2.04598	-5.98836	0.912063	3.06855	0.79663	10.4199	0.346445
264	10787	0.276232	-2.05595	-5.12103	0.953036	2.91437	0.845478	41.6788	0.0889605
265	14886.9	0.226702	-5.30665	-5.9347	0.979168	6.82743	0.248516	33.307	0.0468799
266	13314	0.202747	-2.95268	-5.26064	0.977021	1.06507	0.835619	18.3545	0.193626
267	10515.4	0.676178	-4.3545	-4.89265	0.968425	8.13631	0.392556	49.6903	0.304617
268	11845	0.838604	-3.10163	-5.65934	0.984769	4.67412	0.481524	6.08365	0.16007
269	14485.6	0.864962	-2.55069	-5.25751	0.920206	1.23658	0.868294	26.5053	0.0835385
270	15454.2	0.443485	-4.90323	-5.68015	0.961535	2.02645	0.777118	30.4496	0.349892
271	14770.4	0.892698	-2.49054	-4.88375	0.953996	4.57206	0.18867	39.7136	0.369398
272	14701.5	0.178393	-2.04382	-4.46914	0.915611	5.60521	0.505762	34.3995	0.122701
273	14202	0.161764	-4.53063	-5.58638	0.956955	5.14031	0.49022	22.5788	0.371379
274	14084.7	0.621484	-3.42998	-5.32254	0.963351	3.28331	0.366221	32.2767	0.0565774
275	18670.5	0.353215	-4.29131	-5.26717	0.905336	1.13325	0.470792	46.5122	0.153616
276	15276.8	0.530682	-4.68451	-4.97817	0.96286	5.23104	0.573208	28.6893	0.301509
277	10400.3	0.332077	-3.07783	-4.28715	0.970019	7.73178	0.344517	35.1917	0.389346
278	16803.7	0.196515	-3.22912	-5.33138	0.975426	3.05384	0.840394	5.07056	0.172033
279	19998.3	0.633258	-5.49765	-4.32717	0.944834	9.93741	0.178662	49.7375	0.38042
280	14994.4	0.54865	-2.83531	-4.50634	0.900797	3.22372	0.530175	22.0875	0.372613
281	13325.3	0.569678	-3.26138	-4.49973	0.96169	3.93792	0.681458	30.2702	0.0324021
282	17785.8	0.744663	-5.25412	-4.71997	0.948334	6.58763	0.391966	19.5722	0.287994
283	18857	0.809473	-2.72025	-5.02867	0.959378	5.89602	0.50863	27.1396	0.00373939
284	12465.6	0.203933	-5.78933	-5.84511	0.929655	5.73767	0.343816	14.6852	0.371122
285	16035.2	0.83648	-5.68008	-5.06316	0.919867	4.13082	0.701424	22.3349	0.330203
286	18895.7	0.381281	-3.37908	-5.11371	0.947581	7.3002	0.698232	34.4991	0.266613
287	17730.8	0.84413	-5.02433	-5.22266	0.946357	4.18789	0.683245	17.8906	0.365173
288	15895.1	0.710671	-3.49922	-5.32777	0.949595	8.51753	0.642191	24.1144	0.121203
289	17662.3	0.238955	-4.46898	-4.63652	0.986047	6.74879	0.168257	8.07298	0.216482
290	10243.3	0.149861	-4.48815	-4.64169	0.918536	4.39065	0.23081	27.8192	0.0229258
291	13852.2	0.122657	-2.22047	-4.64647	0.906633	5.48325	0.316559	41.9593	0.0308274
292	14908.3	0.432502	-3.68584	-4.97044	0.928741	1.93238	0.595761	30.0899	0.294172
293	14699.1	0.698937	-4.78641	-4.55487	0.927324	8.11235	0.129734	42.0016	0.363305
294	14824.8	0.382354	-4.32711	-5.20918	0.950511	7.86608	0.88272	43.5572	0.293934
295	19492.7	0.539477	-2.31945	-5.81108	0.940738	5.91161	0.5781	35.6268	0.284358
296	13900.1	0.330464	-4.86078	-5.0873	0.966707	8.23474	0.512553	31.7957	0.235064
297	19948.3	0.216403	-2.02586	-4.61607	0.984058	8.29715	0.826483	39.8003	0.0146884
298	13552.7	0.206795	-5.051	-4.72516	0.953856	1.62326	0.429074	14.0369	0.358745
299	18662.4	0.589783	-4.36819	-4.44044	0.900594	8.17794	0.706017	15.1127	0.223214
300	15205	0.116445	-2.12332	-5.55606	0.964283	2.95687	0.498034	5.2198	0.381305
301	12218.4	0.870775	-3.08969	-4.14574	0.970568	1.01541	0.80687	3.00975	0.0300941
302	10739.1	0.360848	-5.717	-4.54411	0.90136	5.40892	0.177549	26.6496	0.0313499
303	19714.6	0.301203	-3.22781	-5.73185	0.980547	6.99383	0.823159	28.3747	0.237125
304	19263.5	0.328373	-3.74349	-4.62154	0.953137	6.33694	0.410507	5.71564	0.387013
305	19111.9	0.237477	-2.74263	-4.42614	0.956373	8.94334	0.381003	20.5767	0.036739
306	16178.7	0.614273	-2.50262	-4.06357	0.989128	3.48062	0.775571	33.9778	0.102168
307	14939.6	0.733336	-3.36801	-4.15835	0.929841	1.93963	0.494422	30.5005	0.31498
308	12891.5	0.317742	-2.89773	-5.72117	0.932936	8.15274	0.158403	2.09011	0.107565
309	11183.3	0.59451	-2.61422	-4.99765	0.939619	6.52794	0.887214	27.2985	0.322242
310	11953.2	0.706083	-4.66523	-5.87836	0.954393	5.08196	0.172784	5.08214	0.0384387
311	17682.2	0.469598	-3.73483	-5.85895	0.977368	4.98225	0.686642	43.8224	0.0731148
312	19522.6	0.459553	-2.42011	-4.45848	0.95006	9.95804	0.803652	36.9084	0.0578699
313	13055.6	0.175416	-2.53734	-5.34271	0.908818	8.03114	0.639158	19.3074	0.100772
314	17901.2	0.683779	-5.87129	-5.64459	0.903021	2.71044	0.692318	18.4685	0.309292
315	15632.2	0.880923	-3.99761	-4.38407	0.931464	7.48326	0.348854	27.652	0.2161
316	18250.5	0.515723	-5.8043	-5.07559	0.923073	2.46589	0.356646	33.3636	0.33706
317	12766.6	0.680818	-5.03011	-4.39748	0.954207	9.21215	0.762535	8.7614	0.398716
318	15837.2	0.143746	-4.02877	-4.96126	0.919682	1.76994	0.285578	8.56312	0.385751
319	10934.4	0.415785	-5.48346	-4.79187	0.954957	1.95152	0.636017	46.2647	0.117495
320	12485.1	0.638705	-4.46484	-4.23799	0.947355	6.27682	0.506706	21.9868	0.229804
321	16128.9	0.717026	-2.24481	-4.88008	0.907977	1.95774	0.341357	20.8201	0.0926019
322	15307.3	0.59721	-3.89445	-5.02378	0.986501	9.01832	0.187174	45.206	0.281989
323	14540.6	0.540103	-2.17915	-5.94453	0.927544	3.38488	0.85066	4.097	0.330563
324	12495.9	0.33166	-3.9251	-4.92735	0.987753	7.73736	0.596558	14.3276	0.231013
325	18974.7	0.163704	-5.04041	-5.66485	0.947892	7.83567	0.103861	9.15058	0.331371
326	12416.6	0.215871	-5.95838	-5.76752	0.919595	3.87566	0.105564	41.6146	0.0637737
327	18584.6	0.799477	-4.83891	-4.63556	0.932709	5.80137	0.354934	21.713	0.212093
328	12730	0.661397	-5.65983	-5.9314	0.966429	9.59455	0.798479	47.2628	0.250427
329	11799.8	0.56538	-4.76008	-4.35073	0.916258	4.0687	0.322811	4.6427	0.158817
330	18969.8	0.596414	-4.65706	-5.966	0.902276	5.95234	0.131259	33.0073	0.191305
331	16871.1	0.201722	-4.62174	-4.08841	0.931168	9.75906	0.787025	39.2917	0.282104
332	16671.2	0.316608	-5.9327	-4.95032	0.950659	5.20403	0.247366	9.64162	0.302166
333	11785.7	0.263291	-3.18367	-4.28378	0.914152	2.39761	0.400438	39.4314	0.350264
334	18334.8	0.668319	-5.08341	-4.19041	0.917449	1.85533	0.779375	48.2316	0.262186
335	10382.3	0.32183	-5.16976	-4.99498	0.919509	1.55423	0.137898	30.0271	0.0289837
336	10168.6	0.678004	-3.01008	-5.53589	0.957801	9.57587	0.217925	15.3568	0.376979
337	14753	0.537075	-5.59332	-4.4521	0.945341	3.78459	0.42352	7.50706	0.385319
338	17730	0.684406	-4.7777	-4.03737	0.948749	3.49709	0.72811	32.4008	0.0130175
339	19036.2	0.748314	-2.64313	-5.03259	0.96179	8.16786	0.139659	13.0544	0.149763
340	12501.4	0.389188	-2.43012	-5.94898	0.912589	5.24628	0.2048	11.6271	0.131112
341	13861.7	0.884511	-5.15867	-4.89006	0.920827	6.76369	0.161397	8.22284	0.093422
342	17024.7	0.313042	-2.31259	-4.66335	0.922466	9.20605	0.375994	25.2356	0.382103
343	14210.6	0.205436	-4.4522	-5.94785	0.923744	5.70779	0.301032	47.5204	0.329408
344	16014.2	0.463746	-3.63582	-4.58039	0.905267	6.30453	0.23941	16.1121	0.0119922
345	17095.2	0.832827	-3.05512	-5.16111	0.97339	8.27467	0.4063	32.6201	0.148617
346	10278.4	0.495958	-3.90274	-5.12355	0.914251	7.56497	0.68036	2.92346	0.0982805
347	18704.9	0.51679	-5.60578	-4.93795	0.943744	2.81037	0.259349	35.1306	0.251929
348	10395.8	0.15286	-5.14759	-4.57537	0.967893	7.41921	0.765938	10.5752	0.260888
349	19081.9	0.134205	-2.1047	-4.131	0.912679	1.42037	0.852032	48.9598	0.357129
350	12798.5	0.475148	-5.50072	-5.29001	0.960406	8.2047	0.179925	41.5318	0.292847
351	17564.4	0.485316	-4.60345	-5.59208	0.982731	6.31115	0.801727	45.2485	0.062757
352	18474.9	0.790242	-2.27571	-4.80897	0.92939	6.09006	0.455183	15.4666	0.114391
353	12201.3	0.618739	-5.52212	-5.38659	0.95555	6.01955	0.51896	15.9712	0.207827
354	13458.8	0.797698	-2.76271	-4.13897	0.984788	4.92144	0.799801	35.8384	0.261402
355	15863.7	0.105407	-2.86687	-5.36515	0.964754	5.0677	0.712636	36.0686	0.356019
356	12164.4	0.753238	-3.97217	-5.27735	0.911867	7.5764	0.852876	11.0009	0.112668
357	17213.2	0.72456	-2.23431	-4.51116	0.931109	8.78169	0.635396	21.0488	0.124825
358	15777.2	0.354283	-4.13197	-4.62838	0.944174	1.41162	0.269306	39.6698	0.161807
359	17233.4	0.152508	-4.61128	-5.36704	0.927021	2.23022	0.499126	11.4993	0.0917235
360	15536	0.616157	-4.34349	-5.07248	0.959609	7.16145	0.399666	3.21629	0.0598487
361	16028.5	0.148646	-3.15009	-4.51304	0.951185	3.28738	0.614812	29.0275	0.139072
362	16902.2	0.268998	-5.54416	-4.82462	0.910779	7.65247	0.496124	28.0698	0.0453098
363	13125.6	0.599721	-5.4717	-4.40262	0.951548	8.69273	0.200388	4.53129	0.00023111
364	14118.7	0.464897	-5.88414	-4.26672	0.976665	1.81819	0.324185	33.8628	0.088575
365	11976.6	0.811116	-2.19034	-4.45501	0.96065	8.5117	0.118491	40.8573	0.205714
366	17995.7	0.493669	-3.81326	-5.11566	0.97557	4.48413	0.182097	14.3545	0.317864
367	15238.6	0.816501	-3.84956	-5.58102	0.909684	2.88678	0.230081	46.4077	0.08122
368	14173.9	0.807044	-4.18398	-5.48375	0.918445	8.57897	0.858312	5.51238	0.251327
369	16768.5	0.357175	-2.2962	-4.78801	0.96651	1.05999	0.446955	31.8386	0.00633142
370	18091.2	0.38048	-3.98145	-4.01012	0.963141	4.40658	0.525633	32.8194	0.0665195
371	15657.5	0.193477	-2.67412	-5.92475	0.916414	8.74863	0.844745	17.8065	0.316978
372	16747.2	0.394911	-3.06589	-4.36773	0.902057	9.28747	0.156305	49.6346	0.261796
373	14673	0.762063	-4.79337	-5.1092	0.912047	9.69934	0.821175	38.34	0.0809945
374	18294.9	0.566947	-2.0292	-5.8774	0.926494	3.10095	0.784162	4.1129	0.24738
375	12901.7	0.403839	-4.90428	-4.88963	0.914019	4.92979	0.56665	17.6819	0.134673
376	19890.8	0.518683	-4.00739	-5.12717	0.966846	9.51627	0.435859	37.3158	0.282408
377	10341.5	0.747527	-4.54882	-5.27328	0.944054	5.8751	0.643812	18.8332	0.257931
378	10699.4	0.702511	-4.80779	-4.65845	0.974361	8.79787	0.785887	21.5695	0.069725
379	12697	0.52319	-3.36468	-4.89552	0.962948	8.35016	0.337958	48.4338	0.0444308
380	16847.4	0.863782	-2.96025	-5.32098	0.983285	3.62149	0.135532	19.5567	0.0400518
381	17086.2	0.776721	-2.13471	-4.5244	0.937552	7.21526	0.83036	21.3919	0.376387
382	17570.9	0.585836	-3.76415	-4.83869	0.928613	5.91974	0.183587	25.0575	0.106383
383	14689.7	0.647113	-3.46814	-5.92338	0.928874	4.35035	0.370157	46.4747	0.200492
384	14025.7	0.63077	-3.95582	-5.93686	0.943363	7.19385	0.811218	19.1886	0.247161
385	12453	0.569073	-2.40568	-5.17148	0.935688	2.59573	0.68491	45.7038	0.282895
386	11315.4	0.682959	-2.56238	-4.87407	0.970377	9.89501	0.626061	40.378	0.273051
387	15091.3	0.187434	-4.29724	-5.13931	0.952942	3.0705	0.686304	23.3443	0.256256
388	13208.3	0.762709	-2.77371	-5.99153	0.914472	3.12939	0.558548	34.8818	0.150314
389	17599.7	0.503929	-2.37837	-5.88146	0.935206	5.76332	0.132548	32.3086	0.0948646
390	15587	0.854105	-5.90437	-5.80094	0.92329	1.35375	0.394053	21.4457	0.0353898
391	18057.1	0.213626	-4.71656	-5.49563	0.943018	4.25121	0.858653	32.0678	0.312767
392	19012.1	0.483861	-5.71373	-4.75882	0.941282	4.0165	0.645082	18.1732	0.163287
393	13522.2	0.891658	-5.62734	-5.00531	0.949377	2.99807	0.894592	25.1493	0.138755
394	19461.4	0.413317	-3.40499	-4.77505	0.906359	1.33755	0.438705	24.7346	0.0304761
395	12681	0.498817	-5.36633	-4.67874	0.969077	2.37136	0.539726	37.2775	0.295151
396	11894.9	0.392911	-3.4879	-4.49142	0.922595	4.15256	0.320739	24.9562	0.36876
397	10815.9	0.440095	-2.06505	-5.37146	0.97618	8.70454	0.684614	48.0501	0.274636
398	16934.5	0.896865	-3.24275	-4.93207	0.969603	6.86896	0.151954	31.7398	0.353043
399	18200.5	0.397962	-2.57144	-4.08726	0.952466	7.58337	0.317565	2.33224	0.0749066
400	18989.5	0.766675	-3.99145	-4.85504	0.971908	4.63723	0.534473	14.9167	0.211653
401	11148.5	0.632372	-4.0716	-4.79683	0.901162	1.59189	0.888553	36.1699	0.117181
402	10520.3	0.431958	-5.54889	-4.00754	0.910497	3.04013	0.417483	40.4183	0.348642
403	13476.3	0.273168	-5.35672	-5.22622	0.930751	8.56809	0.533269	42.9923	0.29541
404	15483.7	0.406469	-5.94116	-5.29872	0.912706	9.77746	0.166051	2.98531	0.386583
405	17327.8	0.445642	-3.31239	-4.25849	0.971125	3.81685	0.549111	10.6299	0.147018
406	14859.2	0.64828	-3.86205	-5.88821	0.981755	3.98228	0.740177	30.4005	0.276182
407	15796.8	0.44986	-5.37153	-4.13613	0.913063	4.51427	0.628262	36.9856	0.322487
408	19626.9	0.41058	-2.3618	-5.95211	0.958645	6.46954	0.14383	11.9486	0.288741
409	10868.6	0.862018	-2.54506	-4.91313	0.945908	9.84533	0.202834	48.4668	0.311059
410	19345.1	0.71881	-5.57581	-4.83158	0.904103	5.84243	0.618568	23.5383	0.148283
411	15262.9	0.636411	-4.36669	-5.31826	0.919933	3.70793	0.706964	31.631	0.337277
412	11759.5	0.700936	-3.41232	-5.92697	0.90816	2.63936	0.186354	27.7384	0.115819
413	14282.3	0.800396	-2.39101	-5.81705	0.938739	2.76061	0.76233	23.0977	0.147911
414	18024.9	0.673055	-5.39032	-5.61277	0.933065	8.96659	0.305632	12.0445	0.250921
415	18935.7	0.144757	-5.56375	-4.30745	0.983892	1.30636	0.593652	32.1096	0.0900406
416	11209.5	0.856618	-2.63237	-4.8478	0.978358	2.36716	0.778382	19.6919	0.0719984
417	18013	0.174469	-2.00002	-5.09184	0.916016	4.33336	0.172839	15.3284	0.176176
418	12081.6	0.551364	-5.11699	-5.3297	0.937236	5.97547	0.671525	35.9811	0.018863
419	15172.6	0.359254	-4.04421	-4.12787	0.920516	2.25701	0.448377	37.1545	0.276639
420	13787.2	0.357646	-4.63891	-5.24525	0.90832	7.94287	0.460588	12.9181	0.354913
421	13759	0.479618	-3.09436	-4.62371	0.936187	1.15755	0.745561	32.5083	0.356653
422	17705.7	0.639438	-5.39898	-4.64363	0.913618	5.61493	0.455802	20.2191	0.163726
423	16070.2	0.344105	-3.35957	-4.48784	0.906866	2.48856	0.874765	5.18806	0.00544487
424	16202.9	0.180266	-5.35166	-4.00881	0.935335	3.55894	0.662673	24.8038	0.206435
425	12233.2	0.336514	-3.13753	-5.99665	0.950432	8.83997	0.102608	24.3064	0.315585
426	18901.3	0.383389	-4.94878	-4.23466	0.936592	3.69448	0.435059	42.6759	0.195493
427	16819.2	0.845483	-3.52801	-5.54404	0.953372	9.24808	0.582221	12.8707	0.260494
428	12399.7	0.287621	-3.20879	-5.40356	0.956664	1.51823	0.83724	27.3874	0.00802601
429	10154.3	0.49204	-5.18183	-5.22035	0.953474	1.48228	0.441258	3.82087	0.257172
430	11046.9	0.6819	-5.42839	-4.50122	0.940153	2.8223	0.609089	7.25679	0.379839
431	15320.6	0.483104	-2.77762	-4.27701	0.909117	2.69081	0.593359	17.9912	0.382839
432	11579.5	0.726782	-4.18545	-4.75398	0.927989	7.52529	0.642588	38.5236	0.277718
433	17428	0.125667	-3.66752	-5.73934	0.98891	6.47367	0.426233	10.4619	0.0264161
434	14804.2	0.559229	-4.74727	-5.81445	0.904009	9.05078	0.113145	37.9175	0.101352
435	17867.3	0.826156	-3.31123	-4.25738	0.951052	5.34535	0.235876	20.3071	0.0673343
436	12536.9	0.735423	-2.74875	-5.55379	0.924431	5.46665	0.694376	11.1031	0.106979
437	16081.4	0.23369	-4.4985	-5.15526	0.925466	9.1236	0.336953	22.3921	0.239309
438	17104.1	0.218946	-2.59572	-4.85812	0.971035	3.26992	0.771316	12.1466	0.285945
439	16406.6	0.313926	-2.99444	-4.79967	0.983135	6.3756	0.699472	47.9298	0.0559323
440	17206	0.338924	-5.63614	-5.21511	0.936158	5.88264	0.245675	37.1	0.123635
441	11264	0.883309	-3.53555	-5.13382	0.913841	9.4336	0.727857	13.6834	0.263473
442	13510.7	0.581483	-2.05842	-4.96469	0.918999	9.61752	0.245172	40.5719	0.0346736
443	15338.7	0.307561	-4.75449	-5.78554	0.983592	6.25731	0.725693	12.9943	0.390228
444	14162.2	0.234413	-3.53783	-5.37398	0.901876	1.26019	0.407101	16.0352	0.153418
445	19384.5	0.499911	-4.05044	-5.49644	0.914071	1.67807	0.764991	38.8643	0.177913
446	13535.1	0.409082	-4.32372	-5.38065	0.921524	8.18534	0.313708	16.8305	0.16541
447	15084.4	0.36534	-3.96752	-5.84972	0.967681	6.05348	0.819177	34.1227	0.335475
448	13580.9	0.208956	-5.65416	-5.41476	0.985557	2.93807	0.669101	27.0827	0.318882
449	12369.2	0.691975	-3.17691	-5.57817	0.9194	7.37789	0.370474	36.3422	0.207275
450	13380	0.236441	-2.98032	-4.60068	0.973562	6.7835	0.25095	16.1083	0.0508088
451	15280.6	0.669915	-3.568	-4.09049	0.960518	3.74704	0.492519	30.6185	0.0846016
452	10441.5	0.304243	-3.1236	-5.15978	0.949886	4.80826	0.895904	38.9638	0.331148
453	13277.7	0.624573	-3.08292	-5.96829	0.988665	4.46687	0.590826	3.51539	0.296459
454	15951.5	0.643895	-5.92684	-5.44415	0.93579	2.57794	0.737873	14.2481	0.210149
455	15354	0.557422	-4.59483	-4.3051	0.932368	7.35663	0.217494	42.3569	0.248487
456	16154.9	0.694338	-3.66811	-4.73745	0.918274	5.2498	0.563387	40.5303	0.0221884
457	12479.7	0.712159	-4.58241	-4.86048	0.984391	3.1798	0.520916	20.0668	0.245461
458	17144.8	0.542405	-4.71111	-4.77903	0.980552	8.49386	0.681745	13.394	0.360183
459	17950.7	0.43317	-3.87776	-4.14687	0.922821	1.04038	0.595028	29.8261	0.198432
460	16233	0.376943	-3.99229	-4.03975	0.966945	2.67617	0.364291	37.8374	0.174454
461	19902.7	0.132184	-3.00506	-5.7913	0.970461	1.70342	0.736154	12.4857	0.0942264
462	16598.5	0.262004	-5.70904	-5.33578	0.958476	8.67646	0.519884	34.6383	0.326519
463	11584	0.340144	-5.57748	-4.81744	0.92209	2.92373	0.760989	13.5139	0.231866
464	17363.9	0.875006	-4.24509	-5.42062	0.97014	8.89478	0.74639	48.1717	0.0820294
465	14580.2	0.621775	-2.07071	-4.12186	0.914645	7.18208	0.524049	20.1351	0.305668
466	11080.9	0.157201	-5.79335	-5.98438	0.948563	2.96311	0.708201	9.2962	0.196805
467	12059.7	0.664508	-2.94549	-4.37991	0.98012	9.97364	0.636972	7.75927	0.396524
468	11270.3	0.84219	-3.54667	-5.67703	0.911899	1.3165	0.538431	36.2856	0.141515
469	17885.3	0.627704	-5.21252	-5.87503	0.963866	2.18706	0.377188	23.456	0.0972914
470	10134	0.6255	-3.21617	-5.28148	0.938796	5.66342	0.543808	35.8847	0.267835
471	19821.5	0.612116	-3.45262	-4.98358	0.968544	8.04052	0.759136	40.6677	0.105701
472	19785.4	0.605486	-3.40995	-4.24691	0.966979	1.88875	0.201707	27.5891	0.241589
473	19442.2	0.417748	-4.14201	-4.90595	0.984267	4.37138	0.121786	47.8538	0.324081
474	13633.7	0.169534	-2.57902	-4.8127	0.940892	4.63187	0.184409	34.331	0.280994
475	15737.1	0.246447	-5.53264	-5.35098	0.978849	1.65632	0.805905	17.0174	0.232156
476	16067.7	0.341621	-4.98342	-4.67695	0.924533	3.23627	0.561978	23.7896	0.0424535
477	12352.2	0.264745	-3.46684	-5.53758	0.980794	8.57087	0.229365	17.4165	0.00954826
478	11939.4	0.738253	-3.59876	-4.44988	0.931658	7.46033	0.710868	47.3514	0.225956
479	12573.8	0.160752	-2.29394	-5.44702	0.925234	5.83792	0.711419	7.40899	0.288962
480	19753.1	0.607974	-5.74146	-5.36898	0.984445	8.53187	0.252129	3.98906	0.387622
481	19583.6	0.740006	-3.47313	-5.56129	0.912882	6.4488	0.837714	13.22	0.0971036
482	17841.2	0.531546	-5.87613	-5.91597	0.97869	2.19898	0.409025	14.2212	0.279675
483	17894.5	0.343258	-4.77431	-5.80487	0.900412	6.39448	0.180823	40.8932	0.295893
484	17874.6	0.387739	-4.42639	-4.33652	0.948159	6.39037	0.281792	27.4754	0.215149
485	15114	0.452833	-5.27231	-4.70957	0.943248	7.32781	0.805071	17.0988	0.0630498
486	17135.1	0.570826	-4.9848	-4.15268	0.975632	6.00346	0.414581	12.7286	0.123115
487	18572.9	0.281767	-2.34658	-4.5375	0.914563	1.57171	0.816272	8.71062	0.156715
488	15616.2	0.279975	-4.82155	-4.38016	0.97086	5.26006	0.854445	6.55706	0.0097878
489	13395.2	0.480642	-5.40294	-5.57734	0.977051	7.69068	0.311562	4.60472	0.0120639
490	11401.4	0.837274	-5.30916	-4.43839	0.917734	6.59857	0.441798	46.2099	0.290473
491	15661.2	0.461777	-5.89399	-4.91063	0.963586	3.14713	0.510977	43.1642	0.339532
492	11381.8	0.299277	-5.98185	-4.032	0.934961	7.26921	0.856187	18.0725	0.360595
493	11101.2	0.365674	-3.72332	-5.85798	0.946251	6.02807	0.673602	33.805	0.00280292
494	16650.9	0.85826	-2.68251	-4.02897	0.941491	1.64158	0.329299	9.41643	0.242348
495	12183.3	0.167315	-3.79802	-4.02495	0.979018	1.56496	0.890508	10.5228	0.333515
496	18947.5	0.118627	-4.20773	-5.95469	0.930544	4.16587	0.648752	42.8238	0.129141
497	12985.1	0.873169	-5.44202	-5.72741	0.956733	1.50875	0.467185	5.28252	0.16152
498	18190.8	0.79663	-5.48938	-5.80878	0.962593	6.40891	0.456637	3.17339	0.283536
499	18489.7	0.398784	-4.74015	-4.83737	0.928489	1.2044	0.808207	42.5716	0.285304
500	14344.9	0.573861	-3.40242	-4.08163	0.941147	3.90625	0.731396	24.0243	0.240089
501	17037.6	0.421791	-5.41279	-4.71515	0.94293	4.26777	0.554816	2.88451	0.308643
502	16241.8	0.696487	-3.30249	-5.40531	0.950833	7.49189	0.487851	5.47494	0.0548683
503	18368.9	0.860387	-4.74961	-5.59037	0.977793	2.62604	0.153333	43.2917	0.237635
504	10020	0.392605	-3.10785	-4.90972	0.931696	9.47049	0.842647	12.2786	0.166807
505	10469.7	0.259846	-5.77909	-5.83758	0.934689	2.08609	0.251552	10.9102	0.126512
506	14009.4	0.494637	-3.93803	-5.52566	0.979046	4.17735	0.507323	41.7727	0.325507
507	12259.3	0.629671	-2.92731	-4.28883	0.975733	7.45198	0.55098	10.7548	0.277259
508	16983.7	0.774284	-5.08749	-5.83924	0.926961	7.03104	0.261863	47.779	0.199441
509	16195.1	0.420356	-4.17732	-5.58229	0.965801	8.75542	0.114985	16.1865	0.263793
510	14555.2	0.402962	-3.89799	-4.6874	0.92903	2.5436	0.865683	23.9035	0.13747
511	16310.1	0.21354	-2.03363	-5.10505	0.978413	7.01627	0.768655	6.16122	0.335805
512	10961.9	0.81412	-4.64346	-4.43248	0.909788	7.51801	0.893505	7.18543	0.0790593
513	12745.7	0.675463	-5.30084	-5.97771	0.940342	5.45225	0.163379	39.3726	0.087225
514	13241.3	0.45112	-5.7812	-5.1727	0.960686	9.29364	0.223471	48.0092	0.0649537
515	18001.8	0.656725	-3.60222	-5.38989	0.947217	9.53927	0.360177	30.2973	0.39515
516	12702.6	0.17881	-3.33019	-5.25106	0.937855	7.8846	0.401309	49.0864	0.39932
517	14984.5	0.587722	-5.23557	-4.75054	0.945187	3.36766	0.751015	27.9146	0.0372618
518	19884.4	0.882495	-5.72132	-5.71225	0.911371	8.88211	0.528824	11.1736	0.13247
519	13641.3	0.184521	-2.82796	-5.96065	0.942122	2.13903	0.372566	45.1722	0.10767
520	19810.9	0.464799	-2.18534	-5.47484	0.921289	8.31629	0.866582	43.7236	0.297626
521	17229	0.461358	-5.70489	-5.46889	0.988624	6.86148	0.712953	49.5526	0.182558
522	18777.1	0.466862	-4.19821	-4.71228	0.907774	6.56234	0.824888	6.30901	0.100184
523	14060.6	0.623546	-5.56575	-4.38749	0.975173	4.89621	0.724203	7.29257	0.0858145
524	16970.7	0.877138	-4.58428	-4.19297	0.945795	1.54486	0.48644	33.5277	0.343481
525	13284.5	0.369372	-2.44389	-4.30328	0.921496	5.89227	0.382348	24.4151	0.361853
526	10376.6	0.329417	-5.60902	-4.81822	0.9751	2.17266	0.657778	41.1735	0.353395
527	10107.2	0.307013	-2.45573	-4.21205	0.985132	3.17175	0.688479	44.0118	0.308125
528	16454.1	0.44253	-4.31673	-5.69922	0.962322	9.65364	0.760193	26.1767	0.292325
529	17476.7	0.181583	-2.63643	-4.45178	0.938415	8.60444	0.222424	44.7652	0.0125857
530	18080.3	0.157854	-4.73002	-4.9926	0.941766	5.63979	0.170802	42.1505	0.0593055
531	17051.5	0.324489	-3.54856	-5.79532	0.925589	1.52926	0.555599	16.5496	0.0457615
532	17454.7	0.154181	-2.57495	-5.95886	0.94427	4.45101	0.419498	7.77449	0.127303
533	14865.7	0.266857	-5.38237	-4.94419	0.957394	4.83034	0.484407	44.1651	0.125842
534	12124.1	0.716185	-2.49404	-5.16923	0.915746	9.87536	0.493014	10.0501	0.270835
535	18062.9	0.286925	-4.93947	-5.14212	0.986352	4.57497	0.678992	12.2594	0.270129
536	14186.4	0.756304	-4.84499	-4.36522	0.946802	2.52621	0.725458	5.44258	0.133499
537	18520.8	0.286022	-3.43371	-5.65351	0.938569	5.83135	0.349995	4.59006	0.241002
538	13417.1	0.195564	-5.27159	-4.47075	0.933952	9.97158	0.300644	19.5142	0.184724
539	14400.2	0.128313	-3.32332	-5.02476	0.930685	4.61074	0.220811	41.2334	0.229291
540	10361.3	0.187168	-2.27657	-5.8674	0.979886	7.29178	0.296663	42.9525	0.0423487
541	13335	0.506679	-3.86948	-5.56704	0.910157	6.18675	0.353306	12.8228	0.0690315
542	11658.4	0.310543	-4.85981	-5.83334	0.987129	5.54092	0.253273	28.2688	0.0655395
543	17710.2	0.729267	-5.83109	-5.69439	0.95327	2.7207	0.501404	35.597	0.0486803
544	17438.9	0.121195	-5.11498	-5.05572	0.908521	8.77552	0.451445	11.6929	0.298062
545	18813.8	0.164693	-2.40089	-5.77248	0.938042	1.4037	0.114248	14.4848	0.071288
546	13503.3	0.375215	-5.45914	-5.66248	0.933912	5.58475	0.871938	25.2305	0.209105
547	12094.3	0.847906	-3.7455	-4.23118	0.932824	4.71229	0.195803	22.2402	0.254493
548	13888.1	0.593587	-4.17244	-5.5153	0.955129	8.40309	0.875771	36.6155	0.352252
549	19120.5	0.238198	-5.17536	-4.83377	0.972316	9.05867	0.334164	39.8998	0.314429
550	11644.3	0.428344	-5.58492	-4.04018	0.916551	3.97589	0.326807	45.9851	0.142732
551	16589.6	0.315966	-4.61876	-5.74496	0.923667	4.83794	0.123348	44.6293	0.0393831
552	10684.8	0.100477	-4.0651	-5.31101	0.910535	3.15779	0.656866	5.88235	0.0739283
553	17010.4	0.404142	-4.42088	-4.26437	0.971462	9.3099	0.449706	9.68106	0.343927
554	13106.9	0.528157	-3.90529	-5.77196	0.906144	5.73086	0.622487	26.7337	0.395812
555	17836	0.385847	-5.82268	-5.38276	0.978261	3.72904	0.284357	22.9427	0.351518
556	12223.2	0.496521	-4.30169	-5.02027	0.93889	3.32716	0.362613	2.4574	0.249092
557	15943.8	0.503119	-4.84167	-5.67006	0.969898	7.60664	0.817803	37.9594	0.172887
558	18554.6	0.804919	-5.76437	-5.73505	0.976408	7.71239	0.61803	10.0084	0.21369
559	19988.5	0.649179	-3.90867	-5.91348	0.924359	9.02272	0.197383	13.9319	0.0110223
560	13688	0.653644	-4.38205	-4.95448	0.961836	5.94633	0.602564	46.6571	0.354477
561	13707.9	0.838102	-5.69682	-4.65272	0.948459	3.63876	0.291066	40.0274	0.29866
562	19853.6	0.373823	-4.52483	-4.5609	0.920265	5.13218	0.733092	19.9793	0.300241
563	11912.1	0.325727	-3.88109	-5.06414	0.968154	9.00027	0.208692	28.4821	0.363757
564	10987.7	0.564581	-2.7179	-4.01939	0.968702	6.70263	0.520569	45.3979	0.244541
565	10432.4	0.771309	-2.54267	-5.74283	0.948947	8.8576	0.272713	10.9642	0.366766
566	16514.2	0.561036	-2.60841	-4.84272	0.982287	9.37398	0.159989	16.738	0.344588
567	10597.6	0.831295	-3.07501	-5.15207	0.957981	6.42458	0.256103	7.68281	0.394035
568	17170.9	0.660264	-4.83316	-5.89244	0.922365	3.66032	0.559922	18.1011	0.170989
569	16108	0.697427	-4.83167	-4.25265	0.906463	5.55464	0.517204	32.0173	0.321883
570	10008.4	0.257484	-5.67048	-5.57411	0.987454	2.56821	0.485352	38.0421	0.108683
571	19936.2	0.852253	-4.21223	-4.98148	0.958765	8.55733	0.21961	21.1051	0.144038
572	12293	0.434757	-4.50395	-5.60247	0.901944	8.88788	0.458344	44.4597	0.309765
573	11739.2	0.176313	-2.83956	-5.47681	0.926175	9.44658	0.213322	36.7384	0.192255
574	18503.5	0.574456	-4.72522	-5.39468	0.905812	2.58574	0.641257	40.2329	0.347343
575	18285.2	0.798685	-2.44617	-5.99909	0.915422	7.06951	0.126896	31.288	0.367273
576	19501.9	0.677099	-2.7388	-4.6804	0.98935	8.84831	0.670689	43.0553	0.18507
577	16227.7	0.702244	-3.15463	-5.60528	0.906559	4.21485	0.887165	49.4755	0.37523
578	18241.7	0.562209	-5.13264	-5.21338	0.97129	1.22336	0.819474	46.5464	0.105496
579	18769.6	0.396991	-2.13642	-4.18771	0.985377	1.82104	0.430441	19.8045	0.0909434
580	17383.8	0.533304	-4.88533	-4.07406	0.906037	2.18902	0.722485	4.32236	0.387243
581	17498.3	0.251277	-5.58119	-5.64658	0.945095	9.55833	0.312009	18.5774	0.312127
582	12272.2	0.224342	-5.9969	-5.62193	0.914723	8.98693	0.629998	38.1981	0.0135063
583	11463.8	0.68843	-3.28475	-5.29296	0.968942	6.22226	0.327441	23.2744	0.253709
584	12240.1	0.11975	-4.71261	-4.92187	0.981603	4.29223	0.869269	40.4907	0.0589921
585	15221.9	0.687149	-5.42664	-5.98637	0.973343	1.20938	0.115515	11.2551	0.00655875
586	10545.7	0.868469	-4.44384	-4.15777	0.981387	3.71171	0.568209	7.3448	0.143382
587	19218.9	0.898026	-5.23742	-5.99546	0.982891	1.71277	0.883771	23.1591	0.252149
588	15872.7	0.777344	-5.01523	-4.40752	0.931897	3.96274	0.155305	7.5424	0.084974
589	10086.2	0.60409	-3.64298	-5.18594	0.947827	6.62336	0.813371	17.5349	0.0297884
590	18752.2	0.708832	-2.60226	-5.97465	0.928002	7.26044	0.321258	25.6853	0.233727
591	14054.6	0.666806	-4.35684	-4.10552	0.923575	3.31812	0.573867	43.6172	0.201345
592	15813.4	0.657721	-3.33322	-5.41781	0.951779	3.25382	0.575497	46.3705	0.398158
593	15723.7	0.861143	-2.23845	-4.14852	0.933425	8.44528	0.39492	20.9621	0.140098
594	12549.8	0.880746	-3.98487	-5.34016	0.957879	2.35357	0.697419	9.85436	0.321357
595	17859.7	0.789535	-2.11828	-5.23069	0.911035	8.1942	0.879945	27.4228	0.375728
596	11605.2	0.145473	-5.1431	-5.11766	0.911216	6.79477	0.295564	13.8063	0.332686
597	15675	0.171926	-3.73743	-5.50765	0.934073	2.94435	0.739401	49.462	0.122131
598	11989.3	0.74906	-5.33059	-5.51756	0.956106	6.76955	0.429635	29.5412	0.00182822
599	13261.8	0.825509	-5.01607	-4.22508	0.913264	6.87906	0.885579	14.1765	0.396285
600	19318.1	0.131694	-2.75624	-5.24139	0.94747	5.05226	0.104313	38.6785	0.0827896
601	13483.1	0.348328	-4.36151	-4.65143	0.934165	4.10134	0.85996	9.92715	0.286181
602	10797.3	0.667921	-4.59837	-5.42969	0.988117	3.60347	0.737077	27.9995	0.126339
603	16536.3	0.330181	-3.56444	-4.40089	0.959073	4.6069	0.687405	46.979	0.381049
604	15079.8	0.446918	-3.26838	-4.56233	0.969827	6.10539	0.721682	17.2618	0.281393
605	14449.5	0.118052	-5.6416	-4.06588	0.963023	5.78516	0.598837	20.9545	0.223701
606	15102.1	0.529061	-2.34331	-4.24977	0.945886	7.07783	0.244161	14.9744	0.28756
607	16305.8	0.829168	-2.01054	-4.54812	0.904625	4.0551	0.632899	46.9161	0.254166
608	13570.6	0.200148	-4.24148	-4.65592	0.919342	5.10959	0.255619	16.524	0.283719
609	11077.9	0.75776	-3.2755	-4.1086	0.979719	1.69105	0.264003	31.4462	0.0216996
610	16996.6	0.766148	-5.02019	-5.05903	0.96027	2.76791	0.843301	26.5502	0.228977
611	14416.9	0.351509	-2.51541	-4.41371	0.930386	6.9782	0.214849	8.11893	0.370207
612	15985.4	0.316808	-2.08032	-4.05177	0.917339	6.80065	0.565835	30.7718	0.275758
613	14740.5	0.818988	-5.4555	-4.29383	0.935478	1.1747	0.541994	48.941	0.0965541
614	13609.9	0.280774	-5.75175	-5.65445	0.905215	8.14346	0.440504	8.99924	0.0148515
615	16786	0.840331	-5.2097	-5.18197	0.983449	6.13112	0.801	41.4243	0.383947
616	16346.2	0.374851	-2.14802	-4.41021	0.967498	4.96613	0.133165	16.3801	0.142821
617	14313.7	0.593849	-3.72592	-5.92093	0.930277	7.68307	0.41363	29.2017	0.048028
618	17257.1	0.707629	-2.17215	-4.7387	0.907355	1.99774	0.142217	7.08524	0.217998
619	19564.3	0.898582	-2.41606	-5.67436	0.907016	8.60966	0.567717	4.19245	0.218129
620	14153.9	0.709771	-3.62526	-4.16641	0.967775	4.90839	0.796982	48.1243	0.111338
621	11679.9	0.304895	-3.0346	-4.44434	0.984596	7.60024	0.19035	8.41314	0.268085
622	17772.1	0.739518	-5.42015	-4.18452	0.915243	8.09867	0.23264	25.658	0.116551
623	16575	0.275763	-5.66285	-5.37534	0.962514	1.29985	0.531973	43.1165	0.154921
624	17640.2	0.68997	-2.92203	-4.6091	0.960843	1.23132	0.561294	38.4763	0.265828
625	11095.9	0.557987	-4.56248	-4.31394	0.977625	8.45205	0.861551	39.8409	0.269861
626	17792.9	0.730505	-4.30797	-4.62569	0.985991	4.23071	0.495871	37.4112	0.113196
627	13895	0.616905	-4.23004	-4.56439	0.900254	2.60346	0.546367	32.6307	0.205297
628	16048.5	0.47837	-3.22228	-5.0167	0.900854	3.72297	0.331981	16.3219	0.264097
629	15766.4	0.419511	-5.13731	-5.08198	0.93228	8.30286	0.632462	48.5142	0.144596
630	15511.8	0.399285	-5.29081	-5.04884	0.973208	7.02918	0.472665	36.4857	0.304868
631	12825	0.777924	-4.51215	-4.96704	0.977206	9.87094	0.302967	37.0775	0.185479
632	17340.5	0.185935	-3.68323	-4.34185	0.901794	2.21692	0.872091	3.48578	0.362595
633	11414.8	0.866195	-2.8752	-5.72581	0.971008	4.13432	0.542539	7.92314	0.196336
634	18686.7	0.601897	-5.20286	-5.9284	0.926032	5.62115	0.287307	9.53818	0.170426
635	13225	0.864011	-5.51105	-5.30228	0.933815	6.94165	0.167239	38.8092	0.259338
636	13161.6	0.135666	-5.39539	-4.78247	0.951596	9.88726	0.709843	21.09	0.24274
637	15711.4	0.583583	-2.69135	-4.86478	0.939767	3.44662	0.694443	31.1767	0.0907635
638	14942.6	0.127714	-2.25063	-4.36346	0.985224	8.33539	0.117437	6.49927	0.352758
639	14955.2	0.283982	-5.84294	-4.50348	0.987601	3.16492	0.310751	41.3227	0.032897
640	14579.9	0.556462	-2.26733	-4.74872	0.920068	5.37801	0.2687	22.4423	0.317447
641	19396.1	0.134557	-3.59096	-5.7563	0.933319	7.31709	0.170141	39.5435	0.133981
642	14790.6	0.511052	-2.87172	-5.93368	0.925071	7.11844	0.261291	26.5844	0.041535
643	10222.5	0.470638	-2.65623	-5.58474	0.908458	8.0212	0.716882	12.1239	0.302688
644	15189.5	0.843939	-2.72518	-5.17862	0.954669	2.06102	0.203792	30.9312	0.0852715
645	19278.1	0.550157	-2.26043	-5.24315	0.986768	9.09403	0.743117	19.7497	0.27953
646	15344.8	0.484376	-4.75957	-4.74281	0.926816	2.79213	0.270007	22.1461	0.113698
647	14811.4	0.619652	-5.64536	-4.00026	0.907657	7.39451	0.220365	18.2185	0.183506
648	16857.1	0.277262	-3.60781	-4.17793	0.951474	2.46751	0.136072	19.9121	0.336454
649	14873.3	0.359025	-2.89247	-4.90007	0.977945	8.78803	0.509323	4.7327	0.144906
650	11997	0.895437	-5.73139	-5.39874	0.905111	4.73094	0.787804	31.5567	0.110597
651	15256.4	0.705082	-5.32368	-4.51588	0.932169	3.77363	0.342588	13.3633	0.187336
652	11704.2	0.654955	-2.35459	-4.70144	0.981827	2.11122	0.436546	21.8399	0.242878
653	18838	0.600882	-4.4304	-4.04896	0.926375	1.15195	0.880074	4.78347	0.180803
654	14919.8	0.801154	-4.91481	-4.49219	0.957712	9.83544	0.6653	29.6729	0.140772
655	11530.9	0.567846	-2.1402	-5.40996	0.903798	1.13823	0.791383	36.7975	0.124449
656	16822.1	0.235515	-5.88281	-5.54933	0.972983	3.89067	0.598219	5.13834	0.173897
657	16837	0.491698	-5.33574	-5.74957	0.912413	8.6448	0.763626	39.5089	0.164871
658	17945.7	0.752636	-3.59596	-4.27001	0.909505	6.89548	0.588852	8.32637	0.228544
659	18592.4	0.248664	-5.10285	-5.91195	0.946967	2.82836	0.884384	7.59304	0.102497
660	12809.7	0.731321	-5.6489	-4.26974	0.943844	5.57946	0.281406	7.83243	0.337626
661	13767.9	0.347975	-2.88637	-4.31868	0.977239	5.49665	0.878498	32.5447	0.0512932
662	18383.7	0.481416	-2.79645	-4.35926	0.91552	6.88789	0.702407	36.2243	0.202019
663	11682.9	0.309796	-3.91208	-5.45183	0.913935	9.99361	0.841808	28.7708	0.393537
664	10216.9	0.541532	-2.64815	-4.00463	0.953648	3.11657	0.820434	5.90038	0.0322402
665	11625.4	0.190408	-3.87288	-4.21455	0.972603	6.12642	0.312985	42.263	0.0839859
666	16394.8	0.846402	-2.412	-4.4799	0.974893	3.92409	0.514345	16.6451	0.398977
667	16770.7	0.241907	-5.09901	-4.27521	0.985765	5.04173	0.457432	23.8428	0.0759985
668	12306.2	0.232692	-4.40877	-5.28886	0.939431	3.56638	0.368995	40.2749	0.0449138
669	14093.7	0.422966	-4.57875	-5.20108	0.936414	4.47999	0.308117	9.26711	0.118365
670	16919.9	0.255304	-4.94677	-4.96843	0.92995	8.0737	0.43147	4.30039	0.334984
671	17973.9	0.280983	-4.9967	-5.76002	0.939811	2.56199	0.249524	24.2085	0.264447
672	10336.2	0.775625	-2.38311	-5.66124	0.926658	9.5666	0.565544	35.7108	0.338612
673	17983.9	0.300033	-5.99134	-4.35698	0.95766	1.73705	0.767161	40.1499	0.204172
674	17008.6	0.858565	-3.49421	-4.06811	0.92053	4.97715	0.233494	15.9671	0.112343
675	19154	0.114726	-4.69809	-5.68992	0.952688	9.3972	0.827462	26.2396	0.378761
676	12115.4	0.812235	-2.12525	-5.52109	0.960147	2.16085	0.88128	33.7002	0.0171304
677	19331.4	0.161279	-5.80916	-4.3472	0.985879	9.07412	0.733875	47.272	0.154789
678	13871.3	0.620443	-4.09494	-5.00187	0.96668	5.22037	0.467743	19.065	0.0334156
679	15759.5	0.455941	-3.16662	-5.45616	0.942458	2.41669	0.265409	45.5242	0.193519
680	15566.1	0.822874	-5.76813	-5.6961	0.965781	6.03233	0.472881	49.9762	0.00131116
681	15749.9	0.302826	-2.68754	-4.92396	0.956527	7.50513	0.43697	29.2389	0.190781
682	12199.9	0.650761	-2.18164	-4.74514	0.958856	7.3681	0.294561	34.5513	0.0928383
683	12969	0.680472	-4.26077	-5.13465	0.987943	5.52419	0.679592	40.0007	0.214493
684	16183.3	0.197291	-4.96072	-4.47353	0.954771	9.49738	0.168929	35.5176	0.284897
685	14198.7	0.514952	-5.22753	-5.39274	0.903176	6.11294	0.754211	8.66494	0.0604934
686	11362.1	0.278699	-2.50468	-4.83474	0.941727	3.57477	0.25496	19.3301	0.187643
687	17656.9	0.194746	-5.00308	-4.97278	0.967142	5.03798	0.789236	28.3096	0.0349597
688	16469.8	0.158745	-3.24993	-4.07259	0.900005	8.35672	0.469722	36.095	0.162397
689	18167.5	0.220841	-3.06218	-5.41209	0.980385	9.82836	0.73441	20.5211	0.33837
690	14499.6	0.525449	-4.13337	-4.38277	0.980966	4.70545	0.583272	33.7558	0.388355
691	11153.4	0.433605	-3.74951	-5.80703	0.916837	8.90906	0.107011	27.9555	0.327229
692	11294.8	0.58916	-3.1263	-4.02717	0.906285	1.70176	0.610032	28.6146	0.16906
693	18147.9	0.170914	-2.6986	-4.19426	0.924131	2.90656	0.741286	25.2872	0.214068
694	17543.2	0.806061	-2.56514	-4.0128	0.936911	6.60743	0.106396	14.8695	0.0257909
695	13698.5	0.581901	-4.67297	-4.49406	0.976855	3.92703	0.210615	20.1563	0.0281943
696	14450.9	0.878428	-2.29147	-4.47432	0.929459	1.0483	0.613389	16.908	0.222947
697	13083.2	0.426862	-4.20898	-5.8824	0.949285	1.33152	0.589931	26.7816	0.266106
698	16495.6	0.781968	-2.73073	-4.91435	0.982858	7.22906	0.160184	39.4549	0.23275
699	14136.6	0.416651	-5.67541	-5.34485	0.941092	1.84967	0.263004	21.8861	0.168384
700	12016.4	0.817617	-5.91571	-4.79379	0.910301	7.10146	0.74385	9.79465	0.342611
701	16489.5	0.172833	-2.36919	-5.42639	0.967611	5.39866	0.494149	4.4526	0.0792397
702	11288.1	0.449287	-5.60225	-5.61901	0.90593	1.44802	0.570449	15.7424	0.15427
703	17442.8	0.785001	-3.68939	-5.49318	0.943086	8.43863	0.588347	10.7074	0.01551
704	12000.5	0.769	-2.81773	-4.26212	0.946616	6.20079	0.40345	33.0305	0.253501
705	10417.4	0.10807	-2.93139	-4.42323	0.926296	8.42637	0.108577	2.72186	0.0048193
706	14830.1	0.535334	-3.92968	-4.26136	0.941316	4.32793	0.544181	31.5714	0.0539897
707	18695.3	0.700512	-5.57107	-5.98295	0.945024	8.87405	0.293022	13.1804	0.381821
708	19456.4	0.295439	-3.66385	-4.37662	0.979241	7.34941	0.397841	20.704	0.13694
709	16364.5	0.103219	-3.57839	-4.73211	0.987864	2.77843	0.815147	22.9796	0.128519
710	16422.4	0.298207	-3.20053	-5.17612	0.91889	5.1863	0.502057	49.114	0.305323
711	14654.2	0.708249	-2.5977	-4.2329	0.941866	9.80514	0.584118	46.3071	0.183638
712	13540.8	0.685428	-4.78105	-5.82338	0.938643	7.12863	0.610748	26.3775	0.357755
713	19733.6	0.576244	-2.03967	-4.20651	0.904835	1.11942	0.489111	26.0728	0.0337011
714	19302.6	0.687626	-2.53205	-4.335	0.929716	4.5082	0.849729	44.0814	0.384851
715	11760.1	0.755801	-2.64527	-4.41568	0.961949	7.18358	0.804274	43.8671	0.00250063
716	18221.8	0.55564	-5.16269	-4.6903	0.973484	6.84882	0.152639	44.8333	0.191886
717	12618.5	0.783984	-2.50908	-4.70213	0.962046	2.74201	0.29154	39.3398	0.299928
718	19184.5	0.318402	-3.88883	-5.2496	0.934766	9.81979	0.395813	35.6547	0.328967
719	15161.4	0.655816	-2.48504	-4.16453	0.988776	7.70047	0.144147	19.4246	0.0504303
720	17071.5	0.308951	-2.75499	-4.06177	0.950237	1.92071	0.634296	34.4663	0.310179
721	16713.1	0.245581	-2.93826	-5.00324	0.937783	3.53007	0.491615	19.1566	0.189911
722	15068.1	0.136972	-4.2858	-5.78242	0.985028	5.54836	0.550283	44.5444	0.0250331
723	18635.7	0.517064	-3.47642	-5.86458	0.903774	6.85609	0.578629	27.0294	0.284554
724	18407.1	0.258503	-5.14819	-4.64999	0.911075	4.3091	0.214395	41.3878	0.258408
725	18079.1	0.753755	-5.38645	-5.01156	0.945428	7.74785	0.587575	33.2056	0.23356
726	12920.5	0.327041	-4.57086	-4.80604	0.945479	7.89427	0.877064	3.12478	0.0213959
727	10972.1	0.848134	-3.00328	-5.8958	0.927885	6.67668	0.832062	43.5987	0.397124
728	12134.3	0.787585	-5.1849	-4.20298	0.972639	1.16296	0.270594	21.5204	0.374154
729	11666.8	0.511888	-4.06159	-5.48639	0.9198	1.023	0.591373	47.1088	0.298948
730	12935.9	0.894785	-5.97632	-5.14061	0.969202	1.50229	0.318756	22.278	0.289893
731	12959.6	0.751571	-2.4745	-5.19543	0.949537	8.65043	0.228689	44.2443	0.0518252
732	15559	0.765329	-2.79178	-5.27121	0.977402	6.2044	0.873577	14.4501	0.2482
733	15046	0.592587	-2.20619	-5.07976	0.97941	2.49927	0.675944	20.2522	0.0532299
734	12724	0.435429	-5.48497	-4.54764	0.925887	9.15342	0.2191	29.3112	0.319346
735	17501.4	0.793437	-4.55361	-5.88671	0.937955	2.29403	0.239158	27.5319	0.0254112
736	15922.1	0.584219	-4.13653	-4.53531	0.979927	3.4627	0.478953	33.4548	0.344005
737	13217.8	0.230165	-5.08816	-5.59439	0.978796	3.95669	0.189399	30.7043	0.127817
738	15297.9	0.192515	-5.15375	-4.76828	0.932628	7.8564	0.797701	9.21736	0.325919
739	10834.6	0.296316	-3.48838	-5.47011	0.941034	7.66283	0.361712	30.1814	0.0173178
740	16165.6	0.754442	-4.25325	-4.74005	0.920133	2.24189	0.166731	29.3837	0.139951
741	15135.7	0.29241	-3.23634	-5.58958	0.902467	3.33482	0.397473	24.3473	0.391711
742	14269.6	0.125117	-5.86261	-4.03433	0.900713	9.9133	0.749371	33.2588	0.301009
743	14230.2	0.572585	-4.79645	-4.40915	0.95435	3.73823	0.471657	26.042	0.024241
744	18889.9	0.890949	-2.6557	-4.87092	0.953634	2.97858	0.855369	28.6495	0.0707818
745	19545.1	0.550786	-2.53105	-5.27506	0.981455	3.43678	0.639553	37.791	0.310571
746	19023.1	0.651406	-4.6957	-4.0444	0.932562	8.81774	0.385007	6.58656	0.215263
747	10250.4	0.542196	-5.10816	-5.85579	0.950341	4.95007	0.62396	43.7799	0.194015
748	13371.5	0.182545	-2.84658	-5.43425	0.949055	3.80459	0.718685	36.536	0.15253
749	15906.8	0.166331	-3.58445	-5.82932	0.982517	5.09793	0.57642	35.4491	0.220039
750	16371.8	0.124407	-2.3397	-5.06718	0.949014	4.81669	0.579873	28.0497	0.091413
751	16620.3	0.41719	-3.58069	-5.89184	0.907558	3.63249	0.862665	27.2048	0.380295
752	10200.4	0.10661	-4.10007	-4.35277	0.917487	7.64403	0.620742	19.0239	0.0343447
753	10280.8	0.138561	-4.88293	-4.23812	0.988208	9.86046	0.396633	24.6097	0.0828127
754	10192.5	0.745736	-5.89772	-4.99108	0.964873	9.11241	0.390399	47.0563	0.190099
755	19429.6	0.111554	-2.0615	-5.08487	0.944284	7.47278	0.569558	46.151	0.308956
756	17624.3	0.407482	-3.15792	-5.68464	0.985276	5.41864	0.600397	39.2008	0.171555
757	19678.5	0.298934	-3.01964	-5.48824	0.915169	7.77854	0.839633	35.0809	0.0159619
758	14732.3	0.521817	-4.86623	-5.9389	0.903626	4.58314	0.158111	39.1486	0.109374
759	16738.5	0.711708	-2.81405	-5.91615	0.968267	3.44879	0.723858	9.75692	0.0615384
760	10926.1	0.333557	-3.13424	-5.69277	0.979309	8.3187	0.35931	2.57098	0.369917
761	12854.5	0.78095	-5.22184	-4.09818	0.928625	6.24917	0.790202	44.4209	0.279137
762	17581.9	0.606098	-5.47693	-4.05559	0.954126	8.10558	0.586327	8.86672	0.196623
763	19537.5	0.197809	-3.34159	-4.52323	0.984648	7.84223	0.366859	13.4276	0.344947
764	11337	0.64251	-4.56785	-5.56478	0.901211	6.18081	0.279978	41.0208	0.108133
765	16110.4	0.7856	-4.60499	-4.60555	0.964109	3.66869	0.47596	18.872	0.200167
766	16612.1	0.565725	-4.87826	-4.90268	0.976879	7.24032	0.878074	5.76403	0.39128
767	12063.4	0.638372	-2.08554	-5.54063	0.909601	4.36259	0.651613	8.92521	0.136724
768	17802.1	0.745484	-5.45165	-4.73404	0.965167	2.27738	0.481627	11.8643	0.368061
769	11546.5	0.653132	-3.86663	-5.49901	0.943193	6.91427	0.376178	13.8312	0.366321
770	12102.9	0.1334	-3.67866	-5.19189	0.959034	4.69782	0.748502	37.8703	0.238621
771	15646.2	0.414048	-3.96863	-5.1317	0.930469	1.19741	0.449411	34.1107	0.0957048
772	11452	0.364363	-2.70631	-5.53279	0.919139	2.83969	0.413212	13.8661	0.266966
773	14768.3	0.606596	-2.46876	-5.13799	0.920365	7.79275	0.654713	49.5788	0.147345
774	13353.6	0.489363	-4.95234	-5.83062	0.965444	3.3857	0.574417	31.0357	0.188358
775	14600.7	0.579527	-4.97698	-4.37266	0.974684	1.96731	0.286593	15.5966	0.227094
776	11839.2	0.71773	-4.59096	-5.41813	0.962435	6.55328	0.301779	12.3866	0.320808
777	12675.4	0.86973	-4.65523	-5.63553	0.975336	4.55396	0.458435	36.5656	0.201801
778	10423.4	0.611844	-5.37937	-5.15093	0.955425	3.99576	0.25801	42.1838	0.342812
779	10909.5	0.577415	-5.25683	-4.56657	0.902762	1.4724	0.583079	42.8594	0.129441
780	14386.5	0.367147	-3.38396	-4.14053	0.904706	6.35593	0.764271	43.9401	0.258827
781	13177.5	0.142027	-4.33757	-5.87265	0.954062	4.42971	0.153896	41.0898	0.312992
782	19006.5	0.668913	-3.04124	-5.05625	0.922753	9.22506	0.19881	21.2521	0.225531
783	12410	0.507852	-3.48357	-5.96323	0.936652	8.63774	0.537219	38.6412	0.0107945
784	12519.4	0.282572	-4.28167	-4.2107	0.968785	8.8366	0.206862	3.5606	0.262953
785	15417.4	0.474333	-5.49303	-4.68822	0.900509	1.36867	0.30916	15.7116	0.157203
786	17698.4	0.356268	-3.41928	-5.95643	0.929128	9.36178	0.411647	48.999	0.329985
787	12774.1	0.547734	-3.93547	-5.88505	0.985639	9.79213	0.527754	31.2341	0.239617
788	11476.1	0.476054	-2.43746	-4.41938	0.981176	9.12811	0.434316	13.6487	0.351095
789	13710.9	0.231234	-2.61753	-4.78561	0.951965	6.51766	0.528602	22.6722	0.0316541
790	17763.4	0.271136	-3.42528	-4.17029	0.933144	7.43523	0.304033	17.2745	0.000996049
791	16864.1	0.207647	-5.99501	-4.55016	0.9385	5.8105	0.831786	29.0023	0.262489
792	17336.8	0.662319	-4.07255	-4.95204	0.98894	8.26759	0.746487	34.1696	0.123303
793	13652.4	0.20823	-2.82852	-5.35366	0.905453	2.93214	0.275852	14.8353	0.135152
794	13361.9	0.782715	-3.1301	-5.17531	0.961132	1.49048	0.750042	47.4166	0.202608
795	10314.3	0.319455	-4.4752	-4.1608	0.903481	3.52126	0.865351	6.92912	0.275356
796	15006.3	0.855328	-5.75285	-5.51076	0.937102	3.42648	0.348518	26.4663	0.145644
797	15978.4	0.110497	-5.91784	-4.34985	0.923416	2.61489	0.480447	13.9806	0.350672
798	12990.4	0.14573	-3.36272	-4.39097	0.90416	3.40598	0.165537	3.35366	0.340471
799	19244.8	0.6748	-4.15561	-4.096	0.947103	5.38958	0.696202	18.2904	0.168517
800	14530.9	0.242839	-5.93734	-4.69274	0.909217	4.95141	0.386539	43.2579	0.0555559
801	11923	0.388495	-2.98958	-5.69158	0.932063	1.18191	0.393249	8.37434	0.290985
802	16722.5	0.560297	-4.00847	-4.29174	0.972474	9.46691	0.289887	44.7941	0.0800138
803	15443	0.466063	-2.52045	-5.44383	0.989523	4.87386	0.194816	13.3071	0.00595578
804	19833.4	0.549524	-4.01247	-5.00774	0.934585	8.66577	0.89853	8.48081	0.18021
805	13990.2	0.2097	-3.83371	-4.82105	0.943597	8.42207	0.863509	4.40952	0.341027
806	19199.2	0.274542	-5.31502	-4.88495	0.917028	7.89208	0.795684	25.0982	0.221252
807	17152.1	0.229043	-3.29011	-5.66784	0.972173	3.40085	0.407217	4.86364	0.0752284
808	10052.8	0.140941	-4.92368	-4.16911	0.923824	7.22151	0.112147	42.2801	0.166487
809	19235.6	0.87642	-2.60677	-5.7759	0.960018	1.89614	0.869702	2.14369	0.0726807
810	18416.8	0.842488	-5.812	-5.19849	0.952885	1.83593	0.109098	13.7249	0.200994
811	19796.7	0.626226	-2.01658	-5.30434	0.913536	2.34234	0.209136	15.5829	0.0165997
812	16430.3	0.139938	-4.87273	-5.8527	0.910957	4.07647	0.646267	49.3022	0.139388
813	15595	0.250718	-3.25351	-5.6372	0.926206	5.96138	0.85406	20.0116	0.327872
814	17390.6	0.760445	-5.87519	-4.25421	0.930809	9.40606	0.363413	11.8922	0.259688
815	14258.6	0.221931	-5.7261	-5.76219	0.901331	2.01781	0.497541	27.5592	0.255328
816	14392.5	0.48161	-4.802	-4.81517	0.985498	2.51246	0.206122	4.89978	0.0069262
817	15249.5	0.405119	-4.00352	-4.39836	0.935051	6.00555	0.552864	18.6779	0.389764
818	19650.9	0.893062	-4.81066	-5.32598	0.946645	8.72353	0.386076	37.217	0.0868139
819	11503.9	0.51244	-3.1877	-4.24483	0.977731	1.60473	0.676083	32.7686	0.36889
820	17961.7	0.742086	-2.43341	-5.04764	0.90291	4.93497	0.503343	27.6967	0.365726
821	18035.9	0.335249	-3.51791	-4.9399	0.972079	1.90091	0.192177	14.6563	0.00724452
822	12590.5	0.314552	-5.32665	-4.3694	0.939146	5.0199	0.861941	2.59681	0.364656
823	11907.1	0.467271	-4.27561	-4.32929	0.981036	9.14126	0.720494	2.79192	0.130226
824	11729.1	0.657363	-5.76147	-5.33377	0.903095	2.89821	0.689722	10.1582	0.307852
825	12565.1	0.695242	-4.64456	-4.59298	0.907176	1.63307	0.116441	48.853	0.348275
826	11591.3	0.472626	-5.23052	-5.0517	0.9675	9.27147	0.74474	26.9676	0.169688
827	11224.2	0.67409	-3.764	-4.94333	0.93487	5.34865	0.477374	31.3362	0.390936
828	15990	0.545196	-4.53913	-4.48942	0.909324	6.4855	0.450784	44.9682	0.0842638
829	12972.4	0.360101	-2.62064	-5.90235	0.94984	5.86849	0.346404	46.1601	0.303457
830	10323.1	0.389664	-5.83939	-5.62459	0.950939	4.03813	0.247132	11.4362	0.394566
831	10722.4	0.828392	-4.89046	-4.9584	0.906691	1.27998	0.224341	29.8955	0.0622514
832	12520.6	0.591236	-4.44808	-4.28048	0.982217	5.11402	0.464908	10.3215	0.31133
833	11242.8	0.663362	-4.35137	-4.94091	0.963396	9.34484	0.422269	33.9309	0.244296
834	13825.1	0.889369	-5.61353	-4.93457	0.908628	5.45615	0.709344	30.8694	0.222106
835	12635	0.790778	-3.25999	-4.5052	0.939942	7.97629	0.417635	25.3311	0.320346
836	19864.2	0.217868	-3.84275	-5.46674	0.926621	4.55916	0.305476	11.5707	0.0659831
837	11555.7	0.489889	-4.12759	-4.75687	0.989731	8.61543	0.702057	48.6223	0.374611
838	12645.1	0.405968	-2.81057	-5.2184	0.904548	3.30409	0.464671	4.81173	0.119908
839	17637.4	0.19945	-4.08451	-5.35485	0.988371	1.6134	0.317627	39.7287	0.00453782
840	11397.9	0.320794	-5.16545	-5.52229	0.982113	8.01649	0.71459	40.8294	0.131929
841	16479.2	0.737041	-5.69552	-5.04476	0.944461	5.33721	0.378226	21.6045	0.17342
842	18533.5	0.501715	-2.09344	-5.75028	0.913383	4.39482	0.44408	19.2683	0.135819
843	17519.7	0.513026	-3.83047	-4.69853	0.9538	6.96422	0.146417	44.2297	0.384201
844	10626.5	0.253754	-3.69686	-5.812	0.952827	6.28385	0.175091	38.4268	0.0947965
845	10603.6	0.704513	-2.91484	-5.20594	0.972812	9.63825	0.380168	16.2778	0.29027
846	10873	0.5983	-4.11732	-5.41119	0.952619	3.22077	0.187391	47.4061	0.264842
847	13153.3	0.402161	-4.81534	-4.63183	0.925334	6.71486	0.532242	14.8071	0.268954
848	11434.7	0.779417	-4.70351	-4.7171	0.985829	7.14586	0.11781	16.2142	0.174013
849	14014.2	0.43893	-2.46109	-4.82639	0.923138	4.25871	0.619791	29.7574	0.287199
850	15389.1	0.149378	-3.04898	-5.06868	0.903949	5.68974	0.661047	6.96039	0.0701016
851	18615.9	0.370681	-5.67896	-4.29905	0.909867	2.64825	0.780799	17.1749	0.160976
852	13847.4	0.429158	-5.75804	-5.1188	0.933683	3.61522	0.527073	3.29982	0.377975
853	12884.8	0.349989	-2.36583	-5.54697	0.942602	9.42008	0.283104	15.4152	0.399998
854	16664.5	0.887014	-2.38606	-5.25254	0.977539	7.20382	0.554041	10.8419	0.257224
855	11002.9	0.749893	-4.67685	-5.84353	0.967079	8.70319	0.51443	45.915	0.324845
856	17672.1	0.453961	-5.07575	-4.32544	0.960829	4.20103	0.86053	18.2582	0.211435
857	17468.4	0.120008	-5.73343	-5.45408	0.922244	2.30156	0.107864	18.9612	0.22106
858	14523.5	0.249677	-5.52762	-5.57393	0.978509	4.77406	0.896869	45.5488	0.0260047
859	18185.9	0.575786	-2.42537	-5.05337	0.941966	9.67953	0.572123	23.6516	0.141868
860	16009.5	0.468008	-2.22496	-5.7682	0.916791	4.10781	0.201412	7.44439	0.150677
861	10180.2	0.339758	-2.21125	-4.07144	0.915767	7.41138	0.174205	3.71938	0.0744213
862	17757.8	0.285411	-4.24806	-4.57623	0.957028	1.26753	0.891901	38.1392	0.320716
863	16564.5	0.345598	-5.63046	-4.57032	0.902552	8.73727	0.873641	12.68	0.103635
864	18794.8	0.532769	-4.57568	-4.19962	0.980306	3.83731	0.621874	46.9658	0.126808
865	11521.3	0.707172	-5.27868	-4.20448	0.908853	6.09531	0.864792	37.5149	0.0396233
866	15477.7	0.372027	-4.545	-4.54269	0.946167	5.29163	0.849502	20.5705	0.00236707
867	15575.4	0.60382	-4.55948	-5.43301	0.978152	9.27016	0.462707	31.6784	0.250107
868	18100.7	0.816898	-4.91663	-4.85622	0.973876	7.09152	0.660315	32.7331	0.32285
869	18728	0.527509	-4.39348	-5.78811	0.928957	5.936	0.700586	6.22858	0.384511
870	13937.5	0.811794	-2.58417	-5.62861	0.946497	3.18963	0.876415	41.0545	0.15228
871	16283.4	0.15191	-5.82575	-5.67854	0.944386	2.38559	0.603626	7.17564	0.319807
872	13306.8	0.84891	-3.62305	-5.2243	0.954852	8.39225	0.776363	16.9313	0.137918
873	14372.3	0.582491	-4.18808	-4.92532	0.955975	3.41439	0.518245	23.1837	0.0993176
874	11851.5	0.301622	-5.07691	-4.12857	0.930003	1.80984	0.651029	28.5733	0.197866
875	19777.8	0.713627	-3.52501	-5.28702	0.979557	5.51696	0.627017	22.7618	0.0601907
876	18237.5	0.544555	-2.90223	-5.6321	0.98985	7.46866	0.483898	14.3847	0.15563
877	17115.1	0.690775	-4.16762	-5.44079	0.98621	9.74319	0.192907	23.0583	0.003522
878	18397.4	0.324923	-5.97525	-5.90033	0.965027	6.35477	0.488349	42.7228	0.302902
879	10030.2	0.697841	-5.92072	-5.10048	0.958374	7.62098	0.373267	20.8018	0.215699
880	19253.5	0.779154	-5.41184	-4.30939	0.957155	6.44434	0.409643	24.5862	0.35397
881	19599.8	0.426118	-4.40623	-4.7607	0.939366	8.98256	0.46352	27.2755	0.331674
882	18875.7	0.851806	-5.28293	-5.66944	0.941597	1.08657	0.834177	29.5894	0.150864
883	11829.2	0.658793	-2.85983	-4.01578	0.910208	7.40795	0.544816	15.6458	0.0433301
884	18329	0.448265	-5.00426	-4.70407	0.923356	6.49003	0.535895	13.5711	0.300611
885	15806.9	0.672395	-2.37551	-5.45218	0.986893	3.58803	0.658895	3.63733	0.212807
886	19294.6	0.102625	-4.61449	-5.72907	0.9697	2.66489	0.119604	4.02547	0.0295995
887	14478	0.32251	-3.0242	-4.6611	0.934371	2.33742	0.772856	3.77257	0.301756
888	14844.1	0.603028	-2.2432	-4.48518	0.90494	6.83816	0.162077	48.4011	0.0378898
889	13981.8	0.640705	-3.67482	-4.09292	0.955451	3.00729	0.198287	2.66549	0.104521
890	10044.9	0.159601	-2.22864	-4.98813	0.966205	9.23127	0.647565	25.5507	0.393975
891	16352.9	0.665356	-2.4775	-4.76594	0.90939	5.16992	0.332485	24.8567	0.199733
892	12387.7	0.15092	-3.17142	-4.10788	0.9717	7.34414	0.552354	19.3962	0.179757
893	19606.9	0.321544	-2.73335	-5.42227	0.975007	4.37851	0.889346	31.955	0.0542672
894	12070.4	0.166825	-4.5058	-5.21754	0.981945	8.82962	0.782901	6.18642	0.0358614
895	11497.5	0.290361	-2.09063	-4.15444	0.929256	6.50848	0.556041	8.18136	0.142069
896	19703.2	0.610658	-3.65345	-5.25898	0.948326	5.82376	0.513471	16.4273	0.0472352
897	19743.6	0.138012	-2.98615	-4.8973	0.976569	8.20988	0.886077	28.8343	0.0361063
898	13149.2	0.123497	-3.64527	-5.78729	0.938324	2.31689	0.44492	22.9157	0.247654
899	11014.1	0.720759	-5.55714	-4.33972	0.960371	9.03575	0.345438	16.5953	0.318524
900	16274.2	0.608232	-4.46368	-5.43631	0.955007	8.59526	0.121167	19.1354	0.293563
901	17163.5	0.869314	-5.24323	-4.12251	0.942786	2.00752	0.222144	33.8921	0.392777
902	11887	0.106192	-4.31253	-5.33817	0.989662	2.69624	0.257454	29.4469	0.121994
903	10475.2	0.363867	-3.64888	-4.53941	0.980064	6.37101	0.130554	15.81	0.179149
904	18957.2	0.327206	-5.2642	-4.9188	0.943658	1.37008	0.599468	22.7081	0.0208074
905	15546	0.599116	-2.39688	-5.4656	0.920657	2.09732	0.185122	29.5024	0.184045
906	18640.7	0.72248	-4.89394	-4.58592	0.986289	7.92854	0.110613	16.8333	0.32876
907	10269.6	0.808054	-4.37378	-5.48528	0.955715	6.9312	0.691649	5.38639	0.0478558
908	14513.8	0.689169	-3.69271	-5.18795	0.927766	9.85507	0.656721	37.5516	0.18624
909	11231	0.826914	-3.11587	-4.58906	0.917265	7.63943	0.382926	29.6328	0.0985683
910	19285.8	0.12894	-2.20383	-5.26306	0.952323	7.55165	0.73116	19.6569	0.324505
911	14149.8	0.45687	-3.05751	-4.58602	0.958588	5.43209	0.147917	39.6268	0.181359
912	10557.3	0.458401	-3.26417	-4.21723	0.906002	9.23743	0.774158	37.7181	0.0369961
913	12875.4	0.470157	-4.08089	-4.08264	0.908972	5.01331	0.140421	32.2223	0.0861149
914	17296.2	0.471506	-4.68876	-4.39372	0.911628	1.87259	0.459411	12.2041	0.0380448
915	15460.5	0.841226	-2.21837	-5.7782	0.940776	7.80588	0.810815	36.6891	0.354074
916	12321.2	0.220367	-4.33366	-4.10127	0.92214	6.69575	0.453582	36.447	0.0683232
917	13199.9	0.230674	-2.0738	-4.99976	0.984926	1.91797	0.536445	24.5513	0.141038
918	18269.6	0.104739	-4.98927	-5.64802	0.95069	5.77595	0.541307	36.0024	0.136334
919	16299.5	0.820214	-3.50289	-4.68266	0.934434	6.99461	0.807664	28.4346	0.023755
920	18849.6	0.241005	-3.54283	-5.7979	0.981647	9.45861	0.668528	22.0264	0.040802
921	14976.5	0.288634	-3.44471	-5.3461	0.956508	2.04854	0.71836	35.0463	0.199014
922	17194.9	0.523995	-4.15195	-4.78665	0.97274	7.79694	0.752892	38.5872	0.114791
923	17402.7	0.224802	-2.66413	-5.37738	0.934274	6.57727	0.447314	35.2954	0.0193611
924	10665.7	0.786678	-2.11342	-4.43426	0.989947	5.0237	0.847741	5.59118	0.0695931
925	13791	0.738953	-2.7878	-4.85218	0.903375	7.96602	0.404987	17.3713	0.271423
926	17275.8	0.372896	-3.20697	-4.13459	0.965644	6.23979	0.678347	3.87353	0.208319
927	16885.7	0.462941	-5.70015	-4.76753	0.964059	9.17556	0.638346	10.2371	0.176428
928	16751.7	0.452569	-2.09862	-5.46133	0.988468	4.90556	0.739018	12.651	0.172492
929	10567	0.50915	-3.71175	-5.97806	0.915334	2.1226	0.136975	6.39008	0.227463
930	11343.9	0.109079	-4.43216	-5.89758	0.902135	9.33304	0.367276	4.39675	0.280119
931	17912.6	0.568123	-3.11114	-5.75545	0.962127	3.79757	0.303442	24.451	0.236386
932	19872	0.142448	-2.15485	-4.72928	0.904253	1.43101	0.836752	8.60151	0.046759
933	18911.8	0.64529	-3.14155	-4.86624	0.969543	6.53838	0.175656	16.7305	0.36319
934	19511	0.114388	-3.80906	-4.44788	0.967258	7.13647	0.759522	3.96506	0.132372
935	12028.7	0.184845	-2.35704	-5.08363	0.932945	6.33927	0.652461	25.4636	0.135258
936	12430.8	0.641181	-3.91785	-5.12596	0.916298	6.71562	0.666474	40.202	0.111709
937	16706.5	0.254405	-5.47328	-4.98704	0.910061	9.94958	0.384125	47.8221	0.0523172
938	12621.6	0.126713	-5.74543	-5.54383	0.980196	3.86938	0.432162	41.2761	0.182344
939	18125	0.882091	-4.11456	-5.7234	0.97648	1.24433	0.673584	40.7532	0.0575476
940	19668.1	0.10098	-3.88644	-4.34231	0.908676	9.08374	0.823496	25.403	0.104314
941	18431.5	0.191752	-3.29475	-4.80519	0.93322	2.70293	0.231426	6.69225	0.0177851
942	18605.9	0.430567	-5.85246	-5.29534	0.917874	8.75831	0.585444	17.1367	0.0610503
943	15128.5	0.323966	-2.51973	-4.52013	0.936067	9.17109	0.810374	32.688	0.11614
944	16951.6	0.595544	-3.28184	-4.43664	0.924894	6.72679	0.368189	30.5181	0.0816178
945	10991.9	0.225924	-3.19905	-4.67009	0.923914	2.84545	0.614269	23.813	0.0405096
946	11874.6	0.628955	-3.50588	-4.82999	0.925479	5.70687	0.523406	6.01909	0.358974
947	15625.2	0.444676	-3.56007	-4.91786	0.902863	8.41272	0.133787	43.4123	0.376783
948	13420.3	0.743615	-4.94045	-4.61032	0.935992	3.85168	0.353629	9.36739	0.164339
949	18357.3	0.803664	-2.71469	-5.01836	0.900343	1.76193	0.298172	49.1905	0.347712
950	10895	0.807779	-2.85415	-5.86968	0.965927	2.85652	0.848016	31.0606	0.313456
951	19955	0.890142	-5.0668	-4.22042	0.951269	4.46448	0.322274	33.599	0.318362
952	11772	0.193655	-3.70445	-4.58295	0.956025	2.04111	0.562845	34.9607	0.0101574
953	16218.9	0.759539	-2.88173	-5.23984	0.930893	4.8523	0.124106	28.5313	0.14383
954	11748	0.659997	-5.36268	-5.73608	0.95977	9.9891	0.403142	25.8816	0.306754
955	15505.5	0.291122	-4.14765	-4.68453	0.921082	6.55229	0.857032	6.87384	0.260266
956	16943.7	0.4752	-5.78749	-5.75808	0.9628	2.50302	0.790797	41.1267	0.086475
957	19558.5	0.172258	-4.87107	-5.90744	0.925163	2.06293	0.139175	45.6383	0.019823
958	11427.7	0.650174	-2.30806	-4.38856	0.914982	5.50871	0.644017	26.2612	0.17944
959	11441.1	0.703406	-2.34853	-5.03944	0.952103	3.64683	0.83471	31.1297	0.218884
960	10581.8	0.239721	-2.26814	-4.72729	0.919213	4.20499	0.404545	15.2084	0.0976513
961	13259	0.795327	-4.79172	-5.43969	0.970236	6.66644	0.310021	12.5225	0.120536
962	16604.7	0.69959	-2.58979	-4.27359	0.936468	1.98001	0.867397	29.0966	0.0491503
963	17123.4	0.273755	-3.79344	-5.60868	0.956322	4.08428	0.191468	24.7678	0.231364
964	16445.7	0.249193	-2.45069	-4.53292	0.981241	6.66093	0.243721	11.8184	0.38334
965	13625.4	0.174098	-2.52412	-5.90538	0.973091	7.87502	0.516316	12.772	0.278354
966	13138.1	0.206057	-3.80229	-4.18928	0.921723	8.54553	0.839167	44.3589	0.367737
967	11121.2	0.410193	-5.77359	-4.22628	0.98709	1.00195	0.365241	9.90505	0.205086
968	10122.9	0.444825	-5.35457	-4.73021	0.918197	7.28297	0.74205	46.0479	0.119594
969	17249.2	0.395778	-5.4665	-5.59834	0.909966	8.05445	0.350765	6.78836	0.277066
970	17378.2	0.866651	-5.46151	-5.63148	0.94472	2.15117	0.38814	6.81096	0.099194
971	11111.7	0.546528	-5.90956	-5.68207	0.971389	3.48476	0.162675	38.2889	0.209996
972	17740.4	0.456056	-5.19869	-5.62356	0.910438	1.83797	0.47786	28.1932	0.134085
973	14038.5	0.634033	-3.75715	-4.37139	0.96625	3.02898	0.141261	6.45814	0.237469
974	17416.2	0.346023	-5.86569	-5.16399	0.98135	4.41987	0.817047	33.5588	0.206316
975	18347.3	0.835809	-2.89068	-4.96207	0.900176	2.45742	0.79204	41.8658	0.25814
976	17817.3	0.182043	-3.04709	-5.83571	0.946283	7.04993	0.314776	49.3981	0.316004
977	19094.9	0.588178	-3.32563	-4.82259	0.980645	7.99205	0.707922	26.4276	0.24355
978	12268.8	0.824614	-2.33123	-4.12554	0.920717	6.73759	0.846171	15.8821	0.028752
979	11028	0.553628	-5.05395	-4.52847	0.927379	3.86104	0.812607	13.133	0.15857
980	10844.6	0.52078	-5.0707	-5.59742	0.970703	4.52107	0.597468	21.6537	0.0679379
981	16794.8	0.379588	-2.01239	-5.70229	0.930088	1.27445	0.461825	5.97565	0.219486
982	13032.2	0.115782	-3.51501	-4.1039	0.945671	3.09089	0.299696	22.4848	0.306066
983	17522.8	0.821378	-5.54029	-5.74715	0.94863	9.7307	0.422725	44.9058	0.21697
984	18511.9	0.488749	-2.13169	-5.47934	0.971262	4.72073	0.443956	48.6888	0.128133
985	10655.8	0.337293	-3.94223	-4.77174	0.961441	8.28897	0.691149	42.7726	0.0141883
986	19693.3	0.83247	-4.20039	-5.99398	0.942516	9.18281	0.769563	47.1329	0.246693
987	11329.4	0.729664	-5.33834	-4.19689	0.911478	9.67125	0.157409	12.9864	0.359459
988	17937.5	0.385113	-3.52155	-5.20659	0.974877	7.998	0.12249	10.8192	0.210775
989	10142.8	0.211111	-5.55498	-5.14616	0.921648	4.80339	0.390959	40.0971	0.155426
990	11168.9	0.244545	-5.68729	-4.15082	0.983205	9.62506	0.437624	22.7985	0.0633954
991	12342.6	0.427799	-3.09991	-5.91874	0.979827	2.73664	0.650213	43.4912	0.175986
992	12864	0.156618	-4.41597	-5.19256	0.977865	2.40554	0.892769	9.52161	0.169226
993	14123.5	0.552496	-3.45746	-5.15671	0.959233	7.75171	0.66208	34.4265	0.0662133
994	15036.3	0.857307	-5.79968	-5.76512	0.925709	1.79357	0.537784	17.0718	0.27234
995	10117.3	0.252192	-4.82735	-5.35722	0.936784	6.50469	0.374532	31.4909	0.115282
996	14220.7	0.723293	-5.98472	-4.47694	0.968008	2.3121	0.521971	45.3167	0.230688
997	19229.3	0.761196	-3.57385	-5.0703	0.927672	6.21849	0.851496	24.5064	0.171696
998	10076.4	0.742986	-4.19545	-4.80114	0.918979	4.84301	0.101006	26.851	0.110294
999	18739.2	0.68605	-5.19217	-4.46155	0.91878	8.62394	0.408406	34.7492	0.234574
1000	17309.1	0.758616	-3.55771	-4.85128	0.965307	8.24363	0.356991	30.1296	0.0779455
