date	smin	smax	smean	tmean
01/01/2009 	25.435951  	29.81361   	28.75500   	 2.55705270
02/01/2009 	24.433104  	30.18269   	27.56221   	 2.18471009
03/01/2009 	24.159752  	30.35472   	28.10786   	 2.30463536
04/01/2009 	23.867859  	29.74658   	26.95729   	 2.24118855
05/01/2009 	22.175846  	28.63588   	26.49678   	 1.87793536
06/01/2009 	25.962511  	30.62670   	29.09743   	 1.82157552
07/01/2009 	24.041912  	30.80855   	28.59055   	 1.38439775
08/01/2009 	21.787485  	30.49008   	27.67113   	 1.28288886
09/01/2009 	20.525229  	29.84396   	26.48830   	 1.05962745
10/01/2009 	22.926443  	30.33078   	26.59066   	 0.83982402
11/01/2009 	16.624159  	29.61889   	23.30251   	 0.22552434
12/01/2009 	17.441833  	23.17929   	19.64484   	 0.47588136
13/01/2009 	18.765707  	23.64500   	21.30730   	 1.64558591
14/01/2009 	17.394859  	24.70739   	21.21475   	 1.79761872
15/01/2009 	17.281748  	25.73650   	21.20198   	 1.66934800
16/01/2009 	15.765188  	25.20432   	20.16890   	 1.49849085
17/01/2009 	11.334328  	25.00539   	18.06994   	 1.54697485
18/01/2009 	15.850719  	19.86403   	17.23631   	 2.32923977
19/01/2009 	19.356155  	23.96686   	22.32091   	 2.79480362
20/01/2009 	22.409555  	24.01500   	23.13122   	 3.05305211
21/01/2009 	21.519840  	23.12880   	22.82657   	 2.89953941
22/01/2009 	15.876798  	22.92896   	19.98146   	 2.25251482
23/01/2009 	15.996940  	24.86172   	21.02384   	 2.57804242
24/01/2009 	20.557589  	26.11334   	23.19119   	 3.25839284
25/01/2009 	18.725025  	24.95858   	22.30334   	 3.03296638
26/01/2009 	19.172270  	25.88489   	23.07079   	 2.68334811
27/01/2009 	19.212788  	25.97707   	23.07605   	 2.21743211
28/01/2009 	20.147528  	26.37875   	23.71786   	 1.88630724
29/01/2009 	19.286736  	26.40553   	23.36295   	 1.51053603
30/01/2009 	19.759516  	26.34649   	23.69021   	 1.15476900
31/01/2009 	21.507528  	26.38392   	24.73443   	 0.84703825
01/02/2009 	22.012270  	27.41821   	25.62451   	 0.59562084
02/02/2009 	23.684616  	27.99908   	26.69700   	 0.60114008
03/02/2009 	25.711943  	28.29896   	27.32143   	 0.84851246
04/02/2009 	25.013668  	28.73612   	27.26537   	 0.95726527
05/02/2009 	24.952631  	28.74723   	27.46589   	 1.05388527
06/02/2009 	22.101068  	28.17618   	26.16228   	 1.24557371
07/02/2009 	23.095572  	27.96306   	26.08935   	 1.43404230
08/02/2009 	22.946596  	28.46089   	25.77844   	 1.45356674
09/02/2009 	17.394348  	28.56067   	23.81753   	 1.44463506
10/02/2009 	18.985846  	29.37999   	25.46059   	 1.59719814
11/02/2009 	22.247156  	29.20447   	25.46122   	 1.72558968
12/02/2009 	21.885473  	29.13363   	25.57517   	 1.86495987
13/02/2009 	22.033628  	29.35305   	25.98888   	 2.05115110
14/02/2009 	22.343639  	29.76630   	26.38930   	 1.95074566
15/02/2009 	17.887205  	29.65114   	24.18759   	 1.95709347
16/02/2009 	18.744682  	28.52499   	23.82986   	 2.41735426
17/02/2009 	15.504084  	27.81921   	22.82360   	 2.84371894
18/02/2009 	16.159031  	26.47777   	22.41149   	 2.71600496
19/02/2009 	15.518378  	24.98277   	20.77200   	 2.58513335
20/02/2009 	12.889872  	22.50673   	17.88475   	 2.78596468
21/02/2009 	13.306458  	23.54167   	19.10035   	 3.01769340
22/02/2009 	12.029927  	23.75926   	18.69760   	 3.38730213
23/02/2009 	11.867394  	27.40280   	18.91304   	 3.77167907
24/02/2009 	12.871260  	27.54725   	20.22642   	 3.89663263
25/02/2009 	10.786149  	27.00874   	19.31739   	 4.08796736
26/02/2009 	 9.001172  	24.25163   	16.96219   	 4.41554489
27/02/2009 	 8.386584  	27.08986   	16.71277   	 4.89839310
28/02/2009 	10.225613  	27.37858   	18.79883   	 5.03089599
01/03/2009 	13.701249  	28.00079   	21.01031   	 4.95522132
02/03/2009 	14.766628  	28.20990   	21.51520   	 5.05997040
03/03/2009 	10.039357  	27.13674   	18.64611   	 5.06206474
04/03/2009 	 9.113688  	23.16682   	14.97389   	 4.86332008
05/03/2009 	12.020188  	22.02212   	17.52078   	 4.89961076
06/03/2009 	14.537126  	21.98885   	19.03276   	 4.92754930
07/03/2009 	12.279604  	23.94092   	19.34726   	 4.79612875
08/03/2009 	 9.924278  	21.66265   	16.16904   	 5.03157169
09/03/2009 	11.447214  	19.87498   	17.09390   	 5.07422221
10/03/2009 	12.163091  	23.65957   	18.05421   	 4.98242722
11/03/2009 	12.758759  	25.05229   	18.42819   	 4.95846322
12/03/2009 	11.819379  	25.66524   	18.22196   	 5.17136524
13/03/2009 	13.635481  	26.29664   	20.05184   	 5.37060001
14/03/2009 	12.771151  	26.37142   	19.26755   	 5.58519430
15/03/2009 	12.102929  	25.56890   	19.07072   	 5.83516250
16/03/2009 	12.224854  	26.29115   	19.20382   	 6.08114422
17/03/2009 	13.464180  	26.63300   	20.64051   	 6.31461839
18/03/2009 	13.735265  	25.44868   	19.79935   	 6.35874122
19/03/2009 	12.843247  	25.49372   	20.63800   	 6.42962617
20/03/2009 	14.019339  	24.88667   	20.51387   	 6.48417726
21/03/2009 	13.980069  	24.29049   	21.17384   	 6.56398968
22/03/2009 	12.887938  	22.22671   	19.30824   	 6.63931337
23/03/2009 	12.272141  	26.05656   	18.46742   	 6.74636685
24/03/2009 	13.508288  	23.25539   	18.07661   	 6.45199473
25/03/2009 	12.307017  	24.63314   	17.78183   	 6.33066068
26/03/2009 	10.254474  	22.11851   	16.26394   	 6.43903701
27/03/2009 	11.412058  	23.17385   	16.78334   	 6.33553709
28/03/2009 	11.115047  	25.18690   	18.32228   	 6.28205043
29/03/2009 	12.431616  	25.60994   	18.20231   	 6.36331343
30/03/2009 	12.067533  	25.76818   	19.27226   	 6.16975389
31/03/2009 	12.692451  	26.04709   	18.95692   	 6.40439517
01/04/2009 	14.100025  	25.71703   	19.89902   	 6.75933619
02/04/2009 	15.965484  	26.19723   	21.75051   	 7.32566996
03/04/2009 	16.639971  	26.14031   	22.22765   	 7.78472458
04/04/2009 	 9.104994  	24.96233   	19.99078   	 8.24856750
05/04/2009 	11.323810  	24.21686   	19.29408   	 8.48702834
06/04/2009 	13.682982  	25.85210   	20.44136   	 8.62053744
07/04/2009 	14.518471  	26.29018   	20.94897   	 8.89469332
08/04/2009 	12.402036  	24.63414   	18.34570   	 8.98477215
09/04/2009 	13.336067  	24.53561   	18.29417   	 8.98224699
10/04/2009 	14.042861  	25.50471   	19.74471   	 9.46324076
11/04/2009 	16.153870  	26.44838   	21.63642   	 9.90757630
12/04/2009 	17.489882  	26.79622   	22.68281   	10.15525883
13/04/2009 	18.365335  	27.07294   	23.20001   	10.30729874
14/04/2009 	18.798510  	27.41990   	23.66557   	10.39624826
15/04/2009 	19.614313  	27.87638   	24.32265   	10.68086368
16/04/2009 	19.559769  	27.85106   	24.35519   	11.14811450
17/04/2009 	20.791033  	28.04719   	24.72304   	11.09566424
18/04/2009 	22.335718  	27.43490   	25.30240   	10.74928675
19/04/2009 	22.237503  	27.40064   	25.29726   	10.84274870
20/04/2009 	22.339447  	27.80295   	25.77357   	11.39969699
21/04/2009 	22.639740  	28.32694   	26.12046   	11.79559922
22/04/2009 	23.233345  	28.80435   	27.09932   	11.60341507
23/04/2009 	23.458101  	29.24075   	27.06081   	11.61216048
24/04/2009 	23.983530  	29.71992   	27.50398   	11.81026912
25/04/2009 	24.530630  	30.17021   	28.05759   	11.91907314
26/04/2009 	25.092731  	30.26247   	28.40411   	12.15485126
27/04/2009 	24.617796  	30.62527   	28.22276   	12.30590872
28/04/2009 	24.537430  	30.64992   	28.16033   	12.24080618
29/04/2009 	24.952732  	30.65336   	28.22597   	12.36619095
30/04/2009 	25.450794  	30.67696   	28.47586   	12.66170313
01/05/2009 	26.066097  	30.76575   	28.87471   	13.25155477
02/05/2009 	25.588184  	30.88446   	29.08467   	13.47799581
03/05/2009 	23.800119  	30.48619   	28.27189   	13.42381398
04/05/2009 	21.709776  	29.65991   	27.36899   	12.85186251
05/05/2009 	22.346489  	29.86739   	26.31632   	11.75423680
06/05/2009 	21.824120  	28.85841   	25.98515   	11.65810307
07/05/2009 	22.084625  	28.17945   	25.71801   	12.32965221
08/05/2009 	22.390760  	27.47210   	24.95205   	12.68884007
09/05/2009 	21.331732  	26.84610   	23.84392   	12.49600583
10/05/2009 	21.308271  	29.05479   	25.26763   	12.81609484
11/05/2009 	22.426313  	29.87269   	27.11585   	12.89378401
12/05/2009 	24.505833  	30.10774   	28.47894   	12.74203978
13/05/2009 	26.402105  	30.17784   	29.30357   	12.80089804
14/05/2009 	27.262812  	30.23795   	29.35788   	12.92200601
15/05/2009 	26.401209  	30.25033   	28.93510   	13.00792700
16/05/2009 	21.228270  	29.77042   	26.06154   	13.07703080
17/05/2009 	21.299644  	27.34200   	24.63573   	13.45512690
18/05/2009 	19.930019  	25.28048   	22.97049   	13.62441093
19/05/2009 	19.984383  	23.77595   	22.24662   	13.67038488
20/05/2009 	19.724709  	24.74592   	22.34746   	13.89852456
21/05/2009 	19.370287  	26.43575   	23.59860   	14.27466432
22/05/2009 	20.375153  	27.46069   	24.62588   	14.52158717
23/05/2009 	20.794788  	28.37064   	25.11816   	14.99142140
24/05/2009 	21.654215  	29.29604   	26.35078   	15.33937393
25/05/2009 	22.706476  	29.75483   	26.99786   	15.85757565
26/05/2009 	22.086187  	29.88547   	26.54201   	16.35123626
27/05/2009 	20.800999  	28.22523   	24.19155   	15.42862495
28/05/2009 	20.204277  	26.86219   	23.77144   	14.97098313
29/05/2009 	20.136801  	28.72150   	24.30310   	15.60398958
30/05/2009 	21.741465  	29.69850   	26.27704   	15.99542705
31/05/2009 	24.026087  	30.20672   	27.87156   	16.30078085
01/06/2009 	25.328983  	30.31851   	28.71403   	16.78169024
02/06/2009 	26.209667  	30.40263   	29.32874   	16.70371505
03/06/2009 	27.390015  	30.45559   	29.74487   	15.95807336
04/06/2009 	27.722525  	30.18567   	29.50590   	14.92389347
05/06/2009 	27.489492  	30.71272   	29.42002   	14.14162143
06/06/2009 	26.467987  	31.69018   	29.73803   	13.97414442
07/06/2009 	28.750092  	31.74334   	30.64922   	13.85457716
08/06/2009 	27.797571  	31.70230   	30.25242   	14.59654673
09/06/2009 	26.259602  	31.58500   	29.67189   	15.18429850
10/06/2009 	24.464643  	30.78124   	27.85818   	15.50717813
11/06/2009 	27.113445  	31.35705   	29.48396   	15.80371515
12/06/2009 	27.106092  	31.32104   	29.55284   	15.86792835
13/06/2009 	25.255722  	31.42952   	28.64765   	16.05589658
14/06/2009 	21.958410  	31.48984   	27.97958   	16.67738128
15/06/2009 	22.415094  	31.31139   	27.68679   	17.09173449
16/06/2009 	25.755085  	31.56911   	28.97734   	17.28277556
17/06/2009 	20.712852  	31.08513   	27.57675   	17.28539638
18/06/2009 	19.725584  	30.33027   	27.29404   	17.26429137
19/06/2009 	18.791992  	26.99571   	23.67981   	17.02945801
20/06/2009 	18.485731  	27.46590   	22.41500   	16.63661925
21/06/2009 	18.385357  	30.64180   	24.51416   	16.70165881
22/06/2009 	21.929623  	31.77687   	27.30154   	16.76762935
23/06/2009 	23.765478  	32.18482   	28.92688   	17.02511406
24/06/2009 	26.464083  	32.17957   	30.54841   	17.42035687
25/06/2009 	27.944550  	32.06153   	31.15184   	17.87248405
26/06/2009 	28.436073  	31.99401   	31.02940   	18.60317409
27/06/2009 	28.281870  	31.89459   	30.86298   	19.06033095
28/06/2009 	28.526030  	31.86137   	30.81244   	19.63561022
29/06/2009 	29.428471  	31.93548   	31.03563   	20.38650119
30/06/2009 	29.804745  	32.01457   	31.25113   	20.86179070
01/07/2009 	29.985008  	32.09548   	31.41068   	21.17601581
02/07/2009 	29.920052  	32.15313   	31.61491   	21.36464798
03/07/2009 	29.093714  	32.20689   	31.61378   	21.75393152
04/07/2009 	28.753456  	32.08009   	30.92606   	22.50042307
05/07/2009 	27.604599  	32.23397   	30.61091   	22.34593228
06/07/2009 	22.413204  	32.04450   	29.09284   	22.20209348
07/07/2009 	20.737190  	28.31685   	24.80355   	20.87901799
08/07/2009 	21.963003  	28.32050   	24.97104   	20.01383169
09/07/2009 	21.947168  	27.35377   	24.81280   	17.83057310
10/07/2009 	23.133675  	30.32197   	27.00747   	16.19004214
11/07/2009 	22.855299  	29.64843   	25.62470   	16.48247127
12/07/2009 	21.237074  	29.90907   	25.54419   	17.01890596
13/07/2009 	20.160044  	29.50682   	25.13268   	17.71767493
14/07/2009 	20.329958  	29.84170   	25.47647   	18.69428321
15/07/2009 	19.054649  	29.37123   	24.99128   	19.45141915
16/07/2009 	19.363041  	26.12317   	22.97008   	19.55556210
17/07/2009 	21.155066  	28.15089   	25.10452   	19.67159955
18/07/2009 	22.305231  	27.04539   	24.35068   	18.92456559
19/07/2009 	21.267990  	25.09960   	23.82249   	18.54712001
20/07/2009 	22.844925  	24.13246   	23.55337   	18.11538414
21/07/2009 	21.821136  	26.36540   	23.75475   	18.44562554
22/07/2009 	22.158352  	26.98915   	24.40369   	18.85005792
23/07/2009 	22.159088  	27.61325   	25.05852   	18.95737481
24/07/2009 	22.600386  	27.58217   	24.70729   	18.76498846
25/07/2009 	22.410971  	27.05210   	24.44511   	18.40293936
26/07/2009 	21.592661  	27.94620   	24.73935   	18.64941017
27/07/2009 	21.962091  	28.61863   	25.70532   	19.11891496
28/07/2009 	21.261541  	28.57957   	25.51706   	18.96652019
29/07/2009 	22.561409  	28.72366   	26.14156   	19.28686635
30/07/2009 	19.841284  	28.72817   	23.58876   	19.00645177
31/07/2009 	20.029598  	27.09074   	23.02597   	17.89967906
01/08/2009 	20.933573  	26.82336   	24.34057   	18.35785659
02/08/2009 	22.990843  	27.35391   	25.29103   	18.76379685
03/08/2009 	20.775837  	27.28882   	24.59695   	18.97284536
04/08/2009 	20.912964  	28.10724   	24.90624   	19.24855280
05/08/2009 	21.711569  	28.96098   	25.68389   	19.77486142
06/08/2009 	22.854841  	29.61537   	26.91337   	20.31948443
07/08/2009 	23.723139  	29.82068   	27.27487   	20.65815882
08/08/2009 	24.862179  	30.07652   	28.06616   	20.77218048
09/08/2009 	24.585844  	30.35124   	28.34878   	20.81184292
10/08/2009 	24.841406  	30.47828   	28.50814   	20.98285631
11/08/2009 	24.531168  	30.47191   	28.32472   	20.90701787
12/08/2009 	24.380882  	30.41504   	28.00420   	20.48250612
13/08/2009 	25.384630  	30.57384   	28.50446   	20.45499857
14/08/2009 	24.591179  	30.63920   	28.28306   	20.59183959
15/08/2009 	21.006220  	29.90373   	26.20316   	19.99569599
16/08/2009 	21.376253  	26.82738   	24.87501   	20.21144398
17/08/2009 	21.664148  	27.50971   	25.36967   	20.11571217
18/08/2009 	21.045540  	28.86700   	25.43023   	19.81708169
19/08/2009 	21.453918  	30.09583   	26.10563   	19.88293831
20/08/2009 	22.392181  	30.71743   	27.19744   	20.11887066
21/08/2009 	20.101061  	29.67741   	25.41962   	20.10504170
22/08/2009 	21.207882  	29.60901   	25.80203   	19.69696681
23/08/2009 	22.597303  	30.42828   	26.95367   	19.96799835
24/08/2009 	24.172676  	30.76834   	28.12466   	20.03501121
25/08/2009 	24.448853  	30.95336   	28.57060   	20.18710856
26/08/2009 	22.977514  	30.69911   	27.16866   	19.56976187
27/08/2009 	22.826307  	29.27420   	26.09291   	19.45659192
28/08/2009 	23.551809  	27.84482   	25.19581   	18.21771876
29/08/2009 	25.302504  	27.89596   	26.54156   	16.91426901
30/08/2009 	25.381931  	26.22696   	26.08196   	16.00864891
31/08/2009 	25.961695  	26.20141   	26.08451   	16.16826864
01/09/2009 	23.901871  	26.22122   	25.47198   	16.88680939
02/09/2009 	23.719421  	25.16533   	24.51259   	16.94326816
03/09/2009 	22.261328  	27.68572   	24.87008   	16.66992946
04/09/2009 	26.705994  	29.75300   	28.55342   	16.04750371
05/09/2009 	26.325111  	29.12886   	28.64346   	15.86189705
06/09/2009 	25.624914  	28.88789   	28.11331   	15.60512185
07/09/2009 	24.850744  	29.02281   	27.82398   	15.62203207
08/09/2009 	25.611607  	28.55130   	27.65505   	16.06924021
09/09/2009 	27.079351  	28.54781   	27.96183   	16.46838709
10/09/2009 	25.942482  	28.86830   	27.66625   	16.75215459
11/09/2009 	27.242767  	29.10614   	28.37559   	16.75029596
12/09/2009 	27.811831  	29.43382   	28.79489   	16.78333384
13/09/2009 	27.107088  	29.68724   	28.96050   	16.61761761
14/09/2009 	27.157688  	30.18063   	29.18146   	16.43621546
15/09/2009 	27.624905  	30.13677   	29.60517   	16.46945441
16/09/2009 	27.674360  	30.45781   	29.71919   	16.47910899
17/09/2009 	27.810501  	30.60717   	29.87340   	16.17341771
18/09/2009 	28.155478  	30.85370   	30.12560   	16.19391849
19/09/2009 	28.628084  	31.09241   	30.40187   	16.39520838
20/09/2009 	29.035366  	31.29970   	30.61422   	16.77706261
21/09/2009 	29.011606  	31.32400   	30.50813   	16.66956711
22/09/2009 	28.433855  	31.40296   	30.41624   	16.22505627
23/09/2009 	28.850626  	31.11164   	30.32945   	15.95972216
24/09/2009 	28.361183  	31.82553   	30.80024   	16.24492971
25/09/2009 	28.880123  	32.04590   	31.09509   	16.45640558
26/09/2009 	29.392784  	32.21038   	31.41023   	16.55114512
27/09/2009 	29.687256  	32.20867   	31.63962   	16.54000368
28/09/2009 	30.076080  	32.21019   	31.54587   	16.56145302
29/09/2009 	29.243629  	31.48847   	30.68060   	16.07362334
30/09/2009 	27.745697  	31.50317   	30.48679   	15.94522742
01/10/2009 	29.099018  	31.95730   	30.85977   	15.75784562
02/10/2009 	28.934456  	31.73248   	30.69615   	14.61674962
03/10/2009 	28.709784  	32.93915   	31.56429   	13.41245868
04/10/2009 	29.262699  	32.62089   	31.37726   	12.66252257
05/10/2009 	24.936291  	31.77050   	29.13783   	12.59068451
06/10/2009 	24.265301  	32.56311   	29.42031   	12.74291231
07/10/2009 	21.259308  	31.24844   	26.28813   	13.54922003
08/10/2009 	24.220518  	31.98739   	28.55548   	13.42403444
09/10/2009 	26.207285  	32.26936   	29.31314   	13.06081923
10/10/2009 	25.818130  	31.87059   	29.44057   	12.57849538
11/10/2009 	22.306223  	31.82240   	27.36449   	12.24409356
12/10/2009 	22.413208  	29.07816   	27.08863   	11.62750765
13/10/2009 	28.017834  	31.77462   	29.87249   	11.27279488
14/10/2009 	26.705818  	32.58005   	30.41728   	10.92438122
15/10/2009 	29.336859  	32.48213   	31.65684   	10.82756605
16/10/2009 	29.103422  	32.76109   	31.52136   	10.09045484
17/10/2009 	31.234520  	33.04887   	32.10595   	10.07707645
18/10/2009 	31.295605  	33.14712   	32.44254   	 9.53422441
19/10/2009 	28.995064  	33.12449   	32.01885   	 9.61050781
20/10/2009 	28.641384  	33.20103   	31.76606   	 9.40110266
21/10/2009 	25.572920  	33.18940   	31.26927   	 9.08745114
22/10/2009 	23.185663  	33.06268   	30.13081   	 8.68434688
23/10/2009 	25.428541  	31.88148   	28.99200   	 8.70647285
24/10/2009 	23.936844  	31.73384   	27.94285   	 8.94867583
25/10/2009 	23.547632  	29.09636   	25.38706   	10.33786283
26/10/2009 	25.152643  	27.82832   	27.25422   	11.11419511
27/10/2009 	26.764828  	28.05890   	27.43172   	11.16522948
28/10/2009 	25.226610  	27.93567   	27.27729   	11.24287645
29/10/2009 	25.676512  	27.75440   	27.26646   	11.40770918
30/10/2009 	25.900257  	27.90265   	27.21353   	11.22520149
31/10/2009 	25.251747  	28.91854   	27.50878   	10.84072449
01/11/2009 	21.720537  	29.03729   	26.41324   	10.95097891
02/11/2009 	21.037987  	26.57034   	24.18796   	11.15742652
03/11/2009 	22.047125  	28.16068   	24.50104   	10.58971562
04/11/2009 	20.487095  	25.95040   	23.20651   	10.03701993
05/11/2009 	21.404068  	25.87662   	24.63046   	 9.71237455
06/11/2009 	20.825403  	26.26106   	24.18479   	 9.69170590
07/11/2009 	21.246334  	26.54808   	24.71210   	 9.78286896
08/11/2009 	19.568218  	26.36615   	24.14032   	 9.35255255
09/11/2009 	20.236385  	27.36302   	24.85062   	 9.20328971
10/11/2009 	21.851831  	28.25546   	26.17964   	 9.09801769
11/11/2009 	22.100414  	28.12558   	25.62349   	 8.97055688
12/11/2009 	19.224289  	28.02277   	24.07202   	 8.73321029
13/11/2009 	16.742022  	26.42952   	21.59370   	 9.13076274
14/11/2009 	18.835217  	25.39278   	22.55244   	10.14622496
15/11/2009 	23.733713  	27.18624   	25.53724   	10.09004146
16/11/2009 	23.346466  	26.00573   	25.26381   	10.11302129
17/11/2009 	20.575073  	27.35709   	24.00919   	 9.97389793
18/11/2009 	23.134504  	29.89255   	26.48440   	10.22554696
19/11/2009 	26.342403  	30.12274   	28.56241   	10.73730109
20/11/2009 	22.921652  	30.22413   	26.92389   	 9.99216948
21/11/2009 	21.801491  	28.61583   	25.79197   	10.18992903
22/11/2009 	19.531199  	28.59133   	23.59286   	10.41330570
23/11/2009 	26.991602  	29.84268   	28.41729   	10.11107173
24/11/2009 	28.936790  	29.94932   	29.61361   	10.16526892
25/11/2009 	26.648676  	29.97411   	28.32400   	10.30809073
26/11/2009 	26.264978  	30.35968   	29.03376   	 9.47298259
27/11/2009 	29.555990  	30.52186   	30.33836   	 9.05206245
28/11/2009 	27.516914  	30.47636   	29.95531   	 8.40052198
29/11/2009 	26.768770  	30.07045   	28.43236   	 8.39579082
30/11/2009 	25.965132  	29.71364   	28.20540   	 8.19232722
01/12/2009 	22.873720  	29.69008   	26.99892   	 7.77633329
02/12/2009 	23.001781  	29.59528   	26.99947   	 7.02599464
03/12/2009 	14.685275  	28.70291   	22.98032   	 6.81897830
04/12/2009 	15.159875  	25.25637   	20.33875   	 7.08614853
05/12/2009 	15.433800  	25.21495   	19.07447   	 6.89499720
06/12/2009 	14.828660  	23.44231   	19.42024   	 7.59168502
07/12/2009 	17.560911  	24.52877   	21.47232   	 7.99865587
08/12/2009 	17.641054  	24.00137   	21.41358   	 7.72673271
09/12/2009 	16.346855  	24.53953   	20.22140   	 7.46902031
10/12/2009 	17.224152  	24.27382   	20.26655   	 7.68062955
11/12/2009 	17.151571  	24.07664   	20.57633   	 7.75679110
12/12/2009 	17.196339  	26.46372   	23.09893   	 7.55133012
13/12/2009 	17.619652  	26.97569   	23.61077   	 6.81953385
14/12/2009 	19.837284  	27.46016   	24.21569   	 6.37153988
15/12/2009 	19.997389  	27.46998   	23.82724   	 5.36481878
16/12/2009 	13.667450  	27.12619   	21.75192   	 4.58666798
17/12/2009 	10.913312  	24.62485   	17.70501   	 3.83876088
18/12/2009 	12.016640  	27.16268   	20.46753   	 3.40149753
19/12/2009 	17.939117  	27.29602   	23.15342   	 3.01952127
20/12/2009 	11.539060  	27.32705   	16.31123   	 2.00837427
21/12/2009 	12.321579  	17.94780   	14.88176   	 1.81763506
22/12/2009 	13.449205  	20.57211   	16.68375   	 1.70034239
23/12/2009 	13.262567  	19.75271   	16.82577   	 1.83464092
24/12/2009 	14.454308  	19.82991   	17.79960   	 1.69896819
25/12/2009 	17.625441  	24.43022   	19.85040   	 2.09261905
26/12/2009 	14.631001  	24.88533   	19.84171   	 3.15565835
27/12/2009 	18.729656  	21.49515   	20.10441   	 3.43546020
28/12/2009 	17.436295  	21.89023   	20.04944   	 3.50538560
29/12/2009 	16.806009  	24.40201   	20.42474   	 3.33790090
30/12/2009 	16.613375  	25.21470   	22.11085   	 3.11007190
31/12/2009 	17.340660  	25.92916   	22.95773   	 2.91835851
01/01/2010 	17.320385  	27.09138   	24.21355   	 2.90703706
02/01/2010 	17.493244  	26.92614   	23.06270   	 2.48304201
03/01/2010 	19.454569  	27.60539   	24.24835   	 2.29660563
04/01/2010 	19.351969  	27.79113   	23.64910   	 2.11300358
05/01/2010 	17.513258  	28.24697   	22.28221   	 2.13613520
06/01/2010 	14.425477  	27.36217   	20.10800   	 1.97985909
07/01/2010 	14.360778  	27.10922   	19.90480   	 1.88401796
08/01/2010 	15.776628  	26.27151   	21.24280   	 1.67094225
09/01/2010 	18.963890  	27.95229   	24.35444   	 1.38502922
10/01/2010 	23.297302  	28.58824   	27.49631   	 1.74013022
11/01/2010 	25.146650  	28.62116   	27.53570   	 1.65382789
12/01/2010 	20.326035  	28.87093   	26.22599   	 1.18674616
13/01/2010 	23.232380  	27.93647   	26.20928   	-0.17555972
14/01/2010 	17.759523  	27.87787   	24.51420   	-0.10360744
15/01/2010 	20.911165  	27.50598   	24.58005   	-0.08625393
16/01/2010 	21.016590  	26.52029   	23.71836   	-0.14576561
17/01/2010 	19.762228  	27.16343   	23.83070   	 0.06603018
18/01/2010 	19.027510  	27.06221   	22.83964   	 0.37470934
19/01/2010 	19.547409  	27.05932   	23.43858   	 0.76565153
20/01/2010 	20.206364  	27.96238   	24.15912   	 0.74052072
21/01/2010 	18.968765  	28.33877   	24.46956   	 0.84249004
22/01/2010 	18.372896  	27.95276   	23.38333   	 0.38157116
23/01/2010 	14.559511  	26.59131   	21.82053   	 0.30919060
24/01/2010 	15.280626  	24.66609   	20.70813   	 0.10044010
25/01/2010 	17.060564  	24.33674   	21.56509   	-0.11256240
26/01/2010 	20.274982  	25.65932   	23.54717   	-0.45577538
27/01/2010 	16.640999  	26.49795   	22.92456   	-0.52331991
28/01/2010 	16.434462  	24.59020   	21.85698   	 0.18998328
29/01/2010 	16.820408  	27.91132   	22.79319   	 0.71240235
30/01/2010 	18.564554  	28.56566   	24.00061   	 0.77540886
31/01/2010 	17.128611  	27.70617   	23.15081   	 0.77015762
01/02/2010 	14.802789  	29.05674   	21.58351   	 1.04522444
02/02/2010 	12.687186  	29.15137   	19.53533   	 1.14399149
03/02/2010 	12.465980  	27.92810   	19.86315   	 1.34066032
04/02/2010 	12.981688  	28.69561   	20.24599   	 1.48451863
05/02/2010 	14.122744  	27.97663   	20.72183   	 1.59209509
06/02/2010 	15.522711  	27.12559   	21.35785   	 1.77671944
07/02/2010 	16.105656  	25.84850   	21.33466   	 1.69747633
08/02/2010 	17.370817  	26.34595   	23.13155   	 1.31613818
09/02/2010 	20.772570  	27.60435   	25.37181   	 0.98722306
10/02/2010 	19.144941  	29.20815   	25.02319   	 0.54596943
11/02/2010 	20.216312  	29.01574   	26.59266   	 0.56012350
12/02/2010 	22.719772  	29.70042   	28.00054   	 0.42753012
13/02/2010 	23.161404  	30.01225   	28.23237   	 0.20765081
14/02/2010 	24.883924  	30.21977   	28.49443   	 0.01029313
15/02/2010 	25.595303  	30.39441   	28.58077   	-0.30356265
16/02/2010 	18.136650  	30.36871   	25.65249   	-0.62593626
17/02/2010 	17.862926  	28.74797   	24.35731   	-0.57196448
18/02/2010 	20.757654  	28.21459   	24.58820   	-0.38462321
19/02/2010 	16.926321  	28.99797   	23.40378   	 0.05641261
20/02/2010 	16.925407  	23.79878   	18.80846   	 0.55502880
21/02/2010 	16.439316  	24.65609   	19.85188   	 0.63173519
22/02/2010 	18.219656  	23.59664   	20.90626   	 0.95918492
23/02/2010 	19.449591  	26.16804   	23.07918   	 1.12261864
24/02/2010 	19.471064  	26.80261   	24.25931   	 1.24152397
25/02/2010 	16.480101  	26.01732   	22.66480   	 1.60776144
26/02/2010 	15.952021  	23.69962   	19.49380   	 2.26899895
27/02/2010 	17.409512  	23.57808   	21.76409   	 2.88917409
28/02/2010 	19.074646  	22.93585   	21.22381   	 3.07374260
01/03/2010 	19.502224  	25.07626   	21.00652   	 3.22993012
02/03/2010 	19.477381  	26.41090   	22.02004   	 3.19023271
03/03/2010 	18.476255  	27.05922   	22.78888   	 3.18253985
04/03/2010 	18.790510  	27.77376   	24.35677   	 3.19080554
05/03/2010 	19.719660  	28.16894   	24.39916   	 3.04278488
06/03/2010 	18.997936  	29.97356   	25.23633   	 2.77114170
07/03/2010 	20.314154  	28.96400   	25.41544   	 2.36568369
08/03/2010 	22.172441  	29.03402   	26.58732   	 2.44324178
09/03/2010 	21.169523  	29.05028   	26.55357   	 2.45503524
10/03/2010 	23.113216  	28.55747   	26.56839   	 2.44386036
11/03/2010 	23.192873  	29.58501   	27.51345   	 2.51624655
12/03/2010 	21.478317  	29.81080   	26.91034   	 2.77521278
13/03/2010 	19.612389  	29.52461   	25.96351   	 3.03474515
14/03/2010 	18.867990  	28.59963   	24.53214   	 3.61988375
15/03/2010 	18.276688  	28.19043   	23.71902   	 3.93542216
16/03/2010 	16.722284  	29.84795   	23.13821   	 4.41008041
17/03/2010 	13.820158  	29.13952   	21.98347   	 4.42982111
18/03/2010 	14.401528  	29.40941   	21.65157   	 4.66539790
19/03/2010 	12.159972  	29.46762   	19.96221   	 5.11886714
20/03/2010 	10.740530  	28.53234   	21.12450   	 5.57503170
21/03/2010 	12.504788  	26.18880   	18.86247   	 6.25512497
22/03/2010 	11.759089  	25.72440   	18.83546   	 6.39006755
23/03/2010 	12.711831  	25.28839   	19.33725   	 6.47704472
24/03/2010 	13.906806  	24.10156   	19.82077   	 6.71574885
25/03/2010 	15.124998  	24.14343   	20.58850   	 7.12864900
26/03/2010 	13.913488  	23.18973   	19.61630   	 7.49651081
27/03/2010 	12.948781  	23.11900   	18.32976   	 7.54082209
28/03/2010 	10.873551  	22.97890   	17.07879   	 7.51207226
29/03/2010 	10.285591  	25.97102   	18.15828   	 7.50956450
30/03/2010 	11.909139  	26.16814   	18.86000   	 7.74259434
31/03/2010 	10.346961  	25.67802   	16.26206   	 7.55867381
01/04/2010 	13.657511  	22.95659   	18.30923   	 6.62935079
02/04/2010 	15.800371  	22.62064   	19.53408   	 6.33034812
03/04/2010 	15.311521  	22.18334   	19.25907   	 6.61534548
04/04/2010 	16.254438  	23.34660   	20.14099   	 7.01557758
05/04/2010 	13.441151  	23.26585   	19.25934   	 7.13706658
06/04/2010 	12.691463  	22.78763   	18.66443   	 7.50749612
07/04/2010 	17.025547  	22.62303   	20.46906   	 7.81374119
08/04/2010 	18.606083  	23.28616   	20.75489   	 8.22491309
09/04/2010 	18.709679  	24.53102   	21.79160   	 8.54432718
10/04/2010 	17.812016  	25.95308   	22.59998   	 8.71706182
11/04/2010 	18.039600  	26.82733   	23.59323   	 8.47745270
12/04/2010 	18.902525  	27.48670   	25.05689   	 8.30436513
13/04/2010 	20.175951  	28.04984   	26.01250   	 8.21853979
14/04/2010 	20.981947  	28.56027   	26.25322   	 8.34858572
15/04/2010 	21.915649  	29.15343   	27.09080   	 8.37713335
16/04/2010 	23.225550  	29.42986   	27.65372   	 8.49329966
17/04/2010 	23.634340  	29.88238   	27.74863   	 8.82617333
18/04/2010 	24.369148  	30.28477   	28.21015   	 9.15307506
19/04/2010 	24.575048  	30.65515   	28.52845   	 9.49636692
20/04/2010 	23.734613  	30.62128   	28.28399   	 9.57656763
21/04/2010 	24.660625  	29.49597   	27.42945   	 8.73498771
22/04/2010 	24.879900  	30.27504   	27.76567   	 8.63279469
23/04/2010 	24.919313  	31.21797   	28.83957   	 9.23497953
24/04/2010 	22.874161  	31.60618   	28.62408   	 9.63250049
25/04/2010 	23.404528  	31.73511   	28.83318   	 9.87393423
26/04/2010 	23.951252  	31.73299   	28.85543   	10.14330471
27/04/2010 	23.228910  	31.70659   	28.51516   	10.49411583
28/04/2010 	24.566408  	31.78311   	28.39071   	10.98366761
29/04/2010 	25.447603  	32.06123   	29.22702   	11.08799523
30/04/2010 	23.809172  	31.98794   	28.67330   	11.54911933
01/05/2010 	21.996243  	31.55382   	26.54631   	11.82832023
02/05/2010 	22.518690  	31.59506   	27.94538   	11.48549420
03/05/2010 	26.516041  	31.79448   	29.82559   	10.30234337
04/05/2010 	28.027443  	31.55481   	30.33698   	 9.57827981
05/05/2010 	27.364523  	31.31042   	29.98432   	 9.74686795
06/05/2010 	28.770554  	31.61867   	30.60239   	10.00005498
07/05/2010 	28.800634  	31.69069   	30.68129   	 9.85694194
08/05/2010 	29.264942  	31.66782   	30.80392   	 9.94534562
09/05/2010 	28.811907  	31.63478   	30.89329   	10.12636360
10/05/2010 	29.166397  	31.81421   	31.12314   	10.22523189
11/05/2010 	28.793762  	32.00715   	31.08177   	10.14165696
12/05/2010 	29.400936  	32.10507   	31.36422   	 9.58349663
13/05/2010 	29.481415  	31.75799   	31.04448   	 9.14649012
14/05/2010 	28.641464  	31.96638   	30.86815   	 9.50591089
15/05/2010 	28.886795  	32.21024   	30.93112   	 9.92216716
16/05/2010 	28.580746  	32.10026   	31.04437   	10.15416292
17/05/2010 	27.502615  	32.35333   	30.52013   	10.67275580
18/05/2010 	28.498636  	32.51997   	31.02015   	11.27291824
19/05/2010 	28.623072  	32.41527   	31.12320   	11.89419049
20/05/2010 	26.319578  	32.57544   	30.43927   	12.62650363
21/05/2010 	28.188046  	32.63095   	30.78831   	13.50630053
22/05/2010 	29.372961  	32.72998   	31.51239   	14.00763184
23/05/2010 	27.455128  	32.74843   	31.41765   	14.63432389
24/05/2010 	27.594444  	32.73565   	31.21385   	15.19372229
25/05/2010 	26.448925  	32.86646   	31.51222   	14.91101907
26/05/2010 	28.818266  	32.89249   	31.89007   	14.58895193
27/05/2010 	29.715693  	32.82027   	31.93659   	14.28166880
28/05/2010 	26.896448  	32.80673   	30.85552   	14.40402844
29/05/2010 	24.419632  	32.68865   	29.35754   	14.21570186
30/05/2010 	22.433889  	32.54404   	28.66509   	14.31615281
31/05/2010 	21.483719  	32.23168   	27.00661   	14.52074573
01/06/2010 	25.226269  	32.13804   	28.60510   	14.70941114
02/06/2010 	27.198389  	32.51143   	30.07439   	15.10625611
03/06/2010 	27.902473  	32.57702   	30.74451   	15.73111961
04/06/2010 	28.358196  	32.63406   	31.20148   	16.30800291
05/06/2010 	28.533218  	32.65614   	31.50295   	16.77291381
06/06/2010 	27.292459  	32.64601   	31.44814   	17.04618752
07/06/2010 	23.368055  	32.10910   	29.33546   	17.35840114
08/06/2010 	23.668098  	30.87384   	28.10434   	17.53311185
09/06/2010 	23.924076  	30.76859   	28.03730   	17.82262814
10/06/2010 	23.932476  	31.66547   	28.52078   	17.96617595
11/06/2010 	24.618818  	32.04810   	29.13509   	18.24470941
12/06/2010 	23.820362  	32.05587   	29.09279   	17.87303809
13/06/2010 	25.370798  	32.25964   	29.60038   	17.48534628
14/06/2010 	25.555313  	32.40658   	29.87300   	17.70615538
15/06/2010 	28.349472  	32.47191   	31.16497   	17.13960230
16/06/2010 	28.930092  	32.49384   	31.37486   	16.77076391
17/06/2010 	30.667427  	32.58628   	32.04529   	16.64157478
18/06/2010 	31.247465  	32.64914   	32.27046   	16.34348528
19/06/2010 	32.072613  	32.61029   	32.33257   	15.29640450
20/06/2010 	32.120205  	32.50139   	32.29735   	13.79365422
21/06/2010 	32.363480  	32.97112   	32.55574   	13.20977940
22/06/2010 	32.525002  	33.03162   	32.82496   	13.82200023
23/06/2010 	32.362526  	33.03375   	32.87718   	15.22886940
24/06/2010 	32.329422  	33.12569   	32.92389   	16.15124627
25/06/2010 	32.095638  	33.17143   	32.93950   	16.58315988
26/06/2010 	31.938456  	33.16787   	32.94540   	17.12380560
27/06/2010 	32.021027  	33.22601   	32.97112   	17.67277396
28/06/2010 	31.893501  	33.20895   	32.98133   	18.69850787
29/06/2010 	31.721062  	33.26872   	32.95453   	19.12264097
30/06/2010 	31.522387  	33.27057   	32.97205   	19.33724805
01/07/2010 	30.598202  	33.27721   	32.58638   	19.76665608
02/07/2010 	30.465937  	33.30161   	32.46265   	20.48763724
03/07/2010 	30.778225  	33.42590   	32.64871   	20.95379559
04/07/2010 	28.956005  	33.49835   	32.17199   	21.21295921
05/07/2010 	28.777893  	33.14764   	31.56634   	21.40493604
06/07/2010 	27.882151  	32.92628   	31.04218   	21.30523098
07/07/2010 	26.916098  	32.78521   	30.85666   	20.62198794
08/07/2010 	27.273685  	32.50764   	30.64561   	20.55005924
09/07/2010 	27.264740  	32.42322   	30.76666   	20.89573872
10/07/2010 	28.564648  	33.12523   	31.20503   	21.61215464
11/07/2010 	28.504776  	33.23141   	31.34589   	22.00771336
12/07/2010 	28.830021  	33.19313   	31.86968   	21.90135634
13/07/2010 	27.545858  	32.87933   	30.66132   	21.59916067
14/07/2010 	28.348324  	32.97037   	31.36785   	21.80215017
15/07/2010 	22.331711  	32.82428   	28.31230   	21.09651697
16/07/2010 	19.776400  	29.93409   	25.20905   	19.74224758
17/07/2010 	19.107389  	29.00946   	24.60489   	19.28346113
18/07/2010 	19.814001  	29.43646   	24.97413   	19.19795986
19/07/2010 	22.080759  	30.56228   	26.60229   	19.76968567
20/07/2010 	23.798292  	30.97458   	28.22265   	20.31220992
21/07/2010 	25.289253  	31.16269   	29.12273   	20.60700901
22/07/2010 	23.874430  	30.81760   	28.44030   	20.58215177
23/07/2010 	24.779758  	30.45798   	28.15682   	20.59592541
24/07/2010 	26.227797  	31.35223   	29.21629   	20.49041649
25/07/2010 	26.204561  	31.55217   	29.74052   	20.52474550
26/07/2010 	26.951618  	31.60535   	30.23880   	20.59595625
27/07/2010 	26.826740  	31.63806   	30.24726   	20.60364914
28/07/2010 	26.858881  	31.69378   	30.39388   	20.71763730
29/07/2010 	27.625759  	31.78789   	30.82320   	20.68938561
30/07/2010 	27.432228  	31.81693   	30.84711   	20.47960830
31/07/2010 	22.216778  	31.70121   	28.88121   	19.78826451
01/08/2010 	22.498211  	31.08860   	27.13592   	19.96044036
02/08/2010 	24.137646  	31.25516   	28.18074   	20.35194806
03/08/2010 	24.239220  	31.19542   	28.26049   	20.47399084
04/08/2010 	21.784172  	30.82965   	27.00101   	20.25857186
05/08/2010 	19.418001  	27.53359   	24.54762   	19.88276656
06/08/2010 	19.784588  	27.37399   	24.36898   	19.62909083
07/08/2010 	18.337173  	28.06096   	24.09255   	19.63602912
08/08/2010 	19.179514  	28.45893   	24.30875   	19.62091374
09/08/2010 	20.730835  	30.21816   	25.64693   	19.75613372
10/08/2010 	18.023432  	30.52448   	25.31808   	19.67788776
11/08/2010 	17.689201  	28.87415   	23.32819   	19.62945004
12/08/2010 	17.883984  	29.49532   	23.83845   	19.60651688
13/08/2010 	17.870144  	29.66466   	23.95083   	19.39119995
14/08/2010 	19.006552  	29.77466   	24.55256   	19.69844210
15/08/2010 	21.072174  	30.88614   	27.65515   	19.62436795
16/08/2010 	23.069138  	30.26185   	27.38557   	19.61042778
17/08/2010 	22.379839  	29.54664   	25.69428   	19.55495608
18/08/2010 	18.974087  	27.36944   	24.22361   	18.86451610
19/08/2010 	19.155340  	26.69839   	23.26565   	18.41828223
20/08/2010 	18.678793  	26.56075   	22.70193   	18.28557682
21/08/2010 	18.582926  	26.18212   	22.43489   	18.59954886
22/08/2010 	16.718533  	24.85276   	21.74149   	19.07545714
23/08/2010 	15.202724  	28.17591   	20.45253   	19.18884834
24/08/2010 	15.825139  	22.96886   	20.34396   	17.58267923
25/08/2010 	18.953514  	23.07773   	21.70945   	16.63571773
26/08/2010 	17.305769  	26.75808   	22.36548   	16.99234164
27/08/2010 	17.946045  	27.73894   	23.99813   	16.85636832
28/08/2010 	19.829115  	27.15897   	24.09826   	16.39754945
29/08/2010 	17.673342  	26.23221   	22.73055   	15.45195282
30/08/2010 	20.458941  	27.00318   	23.59001   	15.23489596
31/08/2010 	19.677887  	28.03049   	24.25913   	15.22386342
01/09/2010 	19.245472  	28.31511   	24.57102   	15.76030568
02/09/2010 	20.259550  	28.36465   	25.35955   	16.13984962
03/09/2010 	20.518032  	28.18206   	25.15493   	16.17717193
04/09/2010 	20.724663  	28.37006   	25.63776   	16.37932082
05/09/2010 	18.934685  	28.66091   	24.85416   	16.30532914
06/09/2010 	19.265196  	29.07734   	24.89154   	15.98631793
07/09/2010 	18.787769  	28.59902   	25.43410   	15.16054694
08/09/2010 	18.709686  	28.67509   	24.82780   	14.95542890
09/09/2010 	17.317196  	28.72387   	24.05097   	15.36421239
10/09/2010 	16.803967  	28.75552   	23.22378   	15.76960607
11/09/2010 	12.751329  	27.15354   	20.32771   	16.18069951
12/09/2010 	13.754143  	26.39063   	19.67369   	16.68367116
13/09/2010 	13.962417  	26.70733   	20.32812   	16.53712877
14/09/2010 	12.577608  	23.63280   	18.21417   	16.55094516
15/09/2010 	17.633587  	22.72476   	20.37436   	15.36600876
16/09/2010 	18.151917  	22.66607   	21.17182   	14.35098996
17/09/2010 	18.926973  	22.93914   	21.10836   	13.56225570
18/09/2010 	18.830509  	22.96549   	20.36764   	12.96692961
19/09/2010 	18.417583  	24.40839   	21.02830   	12.86720691
20/09/2010 	15.700110  	26.35717   	20.82983   	13.53328534
21/09/2010 	14.915199  	24.77812   	19.92587   	14.11134309
22/09/2010 	14.771727  	25.59031   	20.36852   	14.33203820
23/09/2010 	14.870233  	25.75238   	20.72618   	14.69960761
24/09/2010 	15.135755  	26.28480   	21.05325   	15.04179291
25/09/2010 	16.972763  	25.57078   	21.56234   	14.32953338
26/09/2010 	14.824766  	26.08495   	20.06988   	13.87821903
27/09/2010 	15.192517  	26.36951   	20.63117   	14.00888145
28/09/2010 	15.443631  	26.45409   	21.11641   	14.06577472
29/09/2010 	14.356056  	26.22495   	20.54935   	13.70512724
30/09/2010 	12.711405  	25.35146   	20.07128   	13.11564461
01/10/2010 	 9.741798  	23.78534   	17.22131   	13.11814394
02/10/2010 	 8.346069  	18.64106   	14.77503   	13.24605352
03/10/2010 	12.184698  	22.09226   	17.56145   	13.98339272
04/10/2010 	13.148134  	21.40344   	18.09507   	14.55688486
05/10/2010 	13.728053  	22.67582   	18.62467   	15.06978569
06/10/2010 	12.130259  	24.08640   	18.87625   	15.42530572
07/10/2010 	14.097590  	23.57526   	18.72000   	15.48951640
08/10/2010 	15.415969  	25.08983   	20.62567   	15.54464602
09/10/2010 	16.779306  	25.65498   	21.73152   	15.21374740
10/10/2010 	17.780481  	26.61419   	23.26774   	14.66245538
11/10/2010 	18.833006  	26.88593   	24.17453   	14.17268189
12/10/2010 	19.545210  	27.53455   	25.17776   	14.10268390
13/10/2010 	20.735096  	27.80009   	25.13062   	13.87108425
14/10/2010 	22.451147  	28.19830   	25.96822   	13.85889633
15/10/2010 	22.985617  	28.34870   	25.95393   	13.46477727
16/10/2010 	21.164783  	28.39448   	25.88203   	12.45140288
17/10/2010 	23.893490  	29.06826   	27.73691   	12.05683289
18/10/2010 	18.395824  	29.31888   	25.21266   	11.10709314
19/10/2010 	17.930561  	25.40560   	21.12616   	10.03721138
20/10/2010 	17.844997  	25.41574   	20.92746   	 9.65625785
21/10/2010 	19.798664  	28.30240   	23.61040   	 8.61632439
22/10/2010 	23.660013  	29.57201   	26.93851   	 9.03618354
23/10/2010 	20.129528  	28.91324   	24.74485   	 9.18938073
24/10/2010 	18.801044  	26.30934   	22.15792   	 8.88260647
25/10/2010 	21.465244  	28.51335   	25.00893   	 8.41463486
26/10/2010 	18.598373  	27.09706   	24.33576   	 8.01058297
27/10/2010 	14.246518  	25.61780   	19.39943   	 8.35476332
28/10/2010 	16.591993  	23.54650   	19.82949   	 9.32001489
29/10/2010 	14.185694  	21.63048   	18.41875   	 9.77030931
30/10/2010 	12.704974  	22.52612   	18.56226   	 9.84671434
31/10/2010 	13.908410  	23.84102   	19.99345   	 9.96881815
01/11/2010 	16.969131  	23.71229   	20.85522   	10.01114313
02/11/2010 	12.438937  	23.57465   	18.33639   	 9.98934543
03/11/2010 	14.013025  	20.09476   	18.10920   	10.55524180
04/11/2010 	14.186326  	24.78482   	21.33647   	11.37129756
05/11/2010 	22.329733  	25.24388   	24.20444   	12.21273464
06/11/2010 	20.907806  	24.75154   	23.68592   	11.85804772
07/11/2010 	19.314247  	26.00085   	23.40817   	11.37071892
08/11/2010 	19.441517  	26.13877   	23.30099   	10.20885136
09/11/2010 	20.515896  	26.99161   	24.76011   	 9.19834103
10/11/2010 	19.552631  	27.43904   	25.14503   	 8.70517136
11/11/2010 	15.060485  	27.06734   	20.91407   	 7.57763020
12/11/2010 	18.170002  	25.37837   	22.87167   	 8.12101424
13/11/2010 	22.376900  	27.78626   	24.88623   	 8.57128249
14/11/2010 	22.534706  	26.20615   	24.75128   	 8.60623519
15/11/2010 	20.178949  	25.39543   	22.96634   	 8.38970420
16/11/2010 	19.042089  	25.38215   	23.02142   	 8.10990218
17/11/2010 	18.961308  	26.11651   	23.39459   	 7.56872606
18/11/2010 	15.933906  	26.30651   	22.87404   	 7.15763728
19/11/2010 	17.809872  	26.07595   	22.18961   	 6.98600954
20/11/2010 	17.929178  	26.20439   	22.28892   	 7.00461408
21/11/2010 	17.616163  	27.59875   	22.90004   	 6.94413678
22/11/2010 	20.891991  	28.48469   	25.35114   	 6.90432433
23/11/2010 	22.179325  	28.67645   	26.37335   	 6.76580960
24/11/2010 	22.059189  	28.41186   	25.86579   	 6.11363961
25/11/2010 	20.816492  	28.48577   	25.14638   	 5.66423763
26/11/2010 	21.424232  	28.53137   	25.25740   	 5.13325781
27/11/2010 	20.309921  	28.15452   	23.89935   	 4.47204696
28/11/2010 	17.717043  	28.25091   	23.68811   	 3.89648249
29/11/2010 	21.034719  	28.21913   	25.38906   	 3.44615626
30/11/2010 	23.584612  	28.94158   	27.14211   	 3.25949074
01/12/2010 	25.259315  	29.45306   	28.04026   	 2.44696378
02/12/2010 	25.923981  	29.62323   	28.87630   	 2.19525843
03/12/2010 	26.992407  	30.01916   	29.00520   	 2.18466373
04/12/2010 	18.422022  	29.77037   	24.60068   	 0.82555423
05/12/2010 	16.595940  	25.36066   	20.53864   	 0.74434798
06/12/2010 	17.743923  	27.79000   	22.49745   	 1.11170526
07/12/2010 	19.676298  	28.46972   	24.19123   	 0.97006561
08/12/2010 	21.365683  	29.24994   	25.87744   	 1.04699076
09/12/2010 	24.091814  	29.27911   	26.78121   	 1.37591422
10/12/2010 	22.095182  	27.14177   	25.00345   	 1.36371693
11/12/2010 	23.888538  	27.30289   	25.85696   	 2.64662074
12/12/2010 	24.822895  	28.12574   	26.90869   	 3.66366120
13/12/2010 	27.095758  	30.23859   	28.73917   	 3.79088492
14/12/2010 	28.360582  	30.36405   	29.43134   	 3.11408328
15/12/2010 	28.197058  	30.38458   	29.41713   	 2.32374840
16/12/2010 	24.079214  	29.79428   	27.97326   	 2.28041595
17/12/2010 	20.370596  	29.79517   	27.13473   	 1.88848284
18/12/2010 	16.677965  	28.76381   	24.67523   	 1.38591239
19/12/2010 	18.183809  	29.33187   	25.02084   	 0.62122992
20/12/2010 	22.650291  	29.70841   	26.98786   	 0.35633093
21/12/2010 	18.968069  	29.13307   	25.05107   	-0.05628182
22/12/2010 	22.227644  	30.24449   	27.07969   	-0.24716262
23/12/2010 	24.347109  	30.44979   	28.08949   	-0.04779455
24/12/2010 	26.940798  	30.81572   	29.67620   	 0.38262818
25/12/2010 	28.742514  	30.89660   	30.01159   	 0.05302110
26/12/2010 	27.884676  	30.68481   	29.76597   	 0.03682622
27/12/2010 	25.598259  	30.82711   	28.87878   	 0.36090569
28/12/2010 	21.596565  	30.87789   	26.92713   	 0.12000227
29/12/2010 	21.395088  	30.34172   	26.93644   	-0.07470398
30/12/2010 	24.193563  	30.55498   	27.64300   	 0.11000725
31/12/2010 	23.373228  	30.15347   	27.48850   	 0.40382928
01/01/2011 	24.762911  	30.19135   	27.98074   	 0.84419087
02/01/2011 	25.034779  	30.47513   	28.20880   	 0.94081058
03/01/2011 	24.179535  	30.97919   	27.91186   	 1.09017509
04/01/2011 	17.675592  	30.71944   	25.34793   	 1.15982681
05/01/2011 	12.641289  	26.29336   	18.76138   	 0.75434794
06/01/2011 	12.543272  	26.64922   	19.22520   	 0.64927931
07/01/2011 	14.846085  	26.60281   	20.63591   	 0.90138340
08/01/2011 	12.297023  	26.28120   	17.97296   	 1.84706896
09/01/2011 	14.052114  	18.65727   	17.20113   	 2.58368484
10/01/2011 	14.474683  	20.19930   	17.68715   	 2.05889640
11/01/2011 	12.006898  	21.47006   	17.48694   	 1.69659773
12/01/2011 	11.749271  	19.87338   	15.89561   	 1.72244100
13/01/2011 	12.243603  	19.47944   	15.65497   	 2.09455483
14/01/2011 	13.188018  	17.80312   	16.10142   	 3.09279189
15/01/2011 	15.650933  	20.79237   	18.64892   	 4.37410881
16/01/2011 	16.855312  	21.88307   	19.60831   	 4.43325559
17/01/2011 	14.971866  	21.10369   	18.95823   	 4.75821629
18/01/2011 	15.316181  	22.38731   	18.94902   	 4.74664764
19/01/2011 	15.194829  	23.57276   	19.39892   	 4.63092743
20/01/2011 	14.423564  	24.98252   	20.31985   	 4.28872178
21/01/2011 	14.702413  	25.81446   	20.88223   	 3.90288283
22/01/2011 	15.575878  	26.22931   	21.75085   	 3.93451293
23/01/2011 	16.481976  	26.44313   	22.81979   	 4.05490803
24/01/2011 	16.654898  	27.19664   	23.47500   	 4.29879649
25/01/2011 	17.305519  	27.09093   	22.71676   	 4.32777638
26/01/2011 	15.128353  	27.73026   	21.89444   	 4.08676894
27/01/2011 	17.377350  	27.80171   	22.87943   	 3.40416602
28/01/2011 	19.105936  	27.80390   	24.67684   	 2.55617427
29/01/2011 	20.561825  	28.73058   	25.52612   	 2.05664965
30/01/2011 	19.839520  	28.55871   	25.01706   	 1.65916526
31/01/2011 	19.927107  	28.86116   	24.77260   	 1.74831319
01/02/2011 	11.951751  	26.66718   	20.82217   	 1.25752803
02/02/2011 	 8.974614  	24.18260   	16.74388   	 1.48083453
03/02/2011 	 7.207860  	23.90484   	13.64618   	 2.24550210
04/02/2011 	11.559239  	21.52665   	16.90129   	 3.78473509
05/02/2011 	18.362801  	25.43163   	21.77937   	 4.81982037
06/02/2011 	19.495869  	26.38454   	23.20872   	 5.47063259
07/02/2011 	19.134916  	28.57533   	24.15566   	 5.44433771
08/02/2011 	18.720266  	28.43883   	25.10553   	 5.23219395
09/02/2011 	17.999138  	26.43352   	22.53017   	 4.99057021
10/02/2011 	16.028465  	27.05715   	22.41175   	 5.00924403
11/02/2011 	17.366232  	25.67883   	21.91359   	 5.08544951
12/02/2011 	14.505189  	24.88046   	20.09618   	 4.50820569
13/02/2011 	14.114529  	23.06248   	19.56941   	 4.54746203
14/02/2011 	11.097996  	21.08316   	17.90314   	 4.57678452
15/02/2011 	10.795060  	22.71506   	17.11878   	 4.62371605
16/02/2011 	12.555529  	22.74107   	18.03746   	 4.69360093
17/02/2011 	13.390204  	24.95577   	19.57613   	 4.54332171
18/02/2011 	15.167333  	25.44250   	20.73053   	 3.90649552
19/02/2011 	16.722462  	25.17332   	21.05675   	 3.26601371
20/02/2011 	18.479294  	26.32047   	22.67468   	 2.58316611
21/02/2011 	19.731075  	26.57738   	23.70192   	 1.75322098
22/02/2011 	20.037292  	26.85375   	24.41260   	 1.10337130
23/02/2011 	15.403725  	27.08189   	22.21659   	 0.67031933
24/02/2011 	13.671459  	25.11845   	20.32044   	 0.95168099
25/02/2011 	15.752075  	24.76125   	20.66689   	 1.57102343
26/02/2011 	15.723535  	24.46290   	20.81838   	 2.40410533
27/02/2011 	16.573492  	21.03650   	18.80287   	 3.08629862
28/02/2011 	16.633648  	23.79959   	21.03444   	 3.02270685
01/03/2011 	18.331774  	26.38570   	22.90340   	 2.96682061
02/03/2011 	19.970213  	26.76905   	24.43317   	 2.82150906
03/03/2011 	21.637918  	27.59237   	25.51554   	 2.70706442
04/03/2011 	22.346279  	28.04255   	26.29592   	 2.75812756
05/03/2011 	24.145891  	28.86974   	27.28361   	 3.21235052
06/03/2011 	23.877983  	28.90217   	27.22379   	 3.26620550
07/03/2011 	24.634483  	29.35510   	27.80582   	 3.28880982
08/03/2011 	22.981955  	29.67760   	27.53170   	 3.15971086
09/03/2011 	15.699341  	29.76678   	23.66348   	 3.22198352
10/03/2011 	16.454226  	25.50835   	20.48243   	 3.89565679
11/03/2011 	17.357191  	23.15765   	21.44767   	 4.47275643
12/03/2011 	17.005301  	24.98033   	21.15237   	 4.45084138
13/03/2011 	16.690039  	25.63200   	21.61808   	 4.77049538
14/03/2011 	16.069435  	24.44535   	20.81958   	 5.16767277
15/03/2011 	17.578268  	24.96199   	21.95868   	 5.54937455
16/03/2011 	17.604254  	26.26002   	23.09244   	 5.78983220
17/03/2011 	19.207716  	28.06077   	24.62732   	 5.75558202
18/03/2011 	20.557775  	28.73615   	25.85436   	 5.71530021
19/03/2011 	21.553030  	29.22619   	26.25717   	 5.76771918
20/03/2011 	22.627781  	29.57606   	26.79908   	 5.89816216
21/03/2011 	23.398521  	30.05010   	27.37876   	 5.98884548
22/03/2011 	24.097713  	30.15583   	27.92663   	 6.24668451
23/03/2011 	24.153309  	30.32957   	27.99669   	 6.75419925
24/03/2011 	24.928190  	30.51549   	28.64135   	 7.05537541
25/03/2011 	25.488544  	30.74813   	29.06091   	 7.31071475
26/03/2011 	25.014511  	30.83961   	29.23495   	 7.16227949
27/03/2011 	26.605305  	30.93588   	29.55809   	 6.90807081
28/03/2011 	26.651871  	30.92398   	29.83430   	 6.83387745
29/03/2011 	26.809076  	30.98280   	29.82480   	 6.93975937
30/03/2011 	26.158016  	31.02012   	29.52501   	 7.25012784
31/03/2011 	21.715405  	30.46754   	27.31161   	 7.67771213
01/04/2011 	21.060211  	26.49670   	23.94149   	 8.20443482
02/04/2011 	21.132355  	28.91683   	24.42929   	 8.62362411
03/04/2011 	22.173216  	29.53072   	26.17663   	 8.89316553
04/04/2011 	23.323149  	29.75652   	26.88474   	 9.06035286
05/04/2011 	22.033266  	28.92393   	24.76649   	 9.22071528
06/04/2011 	23.230669  	25.66798   	24.69272   	 9.60096206
07/04/2011 	23.326981  	27.43753   	25.43788   	 9.81783360
08/04/2011 	23.588604  	28.91419   	26.74374   	 9.84687082
09/04/2011 	23.595211  	29.43062   	27.03122   	10.13518155
10/04/2011 	24.724419  	29.83276   	27.75915   	10.47095941
11/04/2011 	25.577593  	30.03466   	28.44425   	10.79389892
12/04/2011 	26.119635  	29.94853   	28.70912   	10.39848512
13/04/2011 	25.641895  	29.24077   	28.03749   	10.10479418
14/04/2011 	25.621853  	30.05332   	28.72454   	10.28723530
15/04/2011 	25.382498  	30.35387   	28.95794   	10.53483305
16/04/2011 	25.946907  	30.51241   	29.27863   	10.50589341
17/04/2011 	26.437632  	30.61759   	29.58036   	10.69144831
18/04/2011 	27.091528  	30.74985   	29.85489   	10.90103598
19/04/2011 	27.546883  	30.93466   	30.00554   	11.19057508
20/04/2011 	28.190525  	30.97938   	30.13995   	11.62692535
21/04/2011 	28.377268  	31.05885   	30.17080   	12.15973391
22/04/2011 	28.552294  	31.11037   	30.18990   	12.69478752
23/04/2011 	28.726231  	31.09504   	30.29383   	13.14666951
24/04/2011 	29.420624  	31.10263   	30.52706   	13.61540822
25/04/2011 	28.812998  	31.12938   	30.58531   	13.88036629
26/04/2011 	28.440538  	31.10071   	30.71801   	13.76894983
27/04/2011 	27.722382  	31.12308   	30.59066   	12.80682413
28/04/2011 	29.331860  	31.12368   	30.87567   	12.47988149
29/04/2011 	29.505480  	31.15080   	30.82030   	12.48152041
30/04/2011 	29.160608  	31.12946   	30.74141   	12.23766045
01/05/2011 	29.764788  	31.47761   	30.96185   	11.87184201
02/05/2011 	30.289511  	31.58577   	31.18367   	11.50602589
03/05/2011 	30.428850  	31.71086   	31.44541   	11.37741341
04/05/2011 	30.832016  	31.77427   	31.51450   	11.56301343
05/05/2011 	30.443535  	31.78085   	31.42974   	11.72935853
06/05/2011 	30.502037  	31.87525   	31.47996   	12.02063121
07/05/2011 	30.597113  	31.94242   	31.57899   	12.51073321
08/05/2011 	30.377710  	32.07911   	31.51649   	12.87162427
09/05/2011 	30.931473  	32.01574   	31.65918   	13.30762661
10/05/2011 	30.910702  	32.01278   	31.80057   	13.64362731
11/05/2011 	31.285686  	32.00147   	31.80171   	14.21968134
12/05/2011 	30.900658  	32.04285   	31.88338   	14.68045441
13/05/2011 	31.025959  	32.12352   	31.95927   	14.78246492
14/05/2011 	30.675266  	32.12792   	31.95182   	14.67310564
15/05/2011 	30.686422  	32.17793   	31.89284   	14.52101632
16/05/2011 	30.376410  	32.19769   	31.68088   	13.96621501
17/05/2011 	30.621649  	32.14972   	31.68824   	13.75804096
18/05/2011 	30.722059  	32.19506   	31.72312   	14.14075810
19/05/2011 	30.554531  	32.32397   	31.86951   	14.61149814
20/05/2011 	30.771757  	32.34392   	32.09226   	14.92467578
21/05/2011 	30.875313  	32.36173   	32.15601   	15.43229445
22/05/2011 	30.558418  	32.37159   	31.81275   	15.82197932
23/05/2011 	30.556061  	32.04485   	31.35864   	15.66091148
24/05/2011 	31.307875  	32.64040   	32.10500   	14.23337773
25/05/2011 	30.863688  	32.54077   	32.03275   	14.50632153
26/05/2011 	31.447636  	32.49556   	31.99973   	14.72497320
27/05/2011 	30.912264  	31.86890   	31.36667   	14.42370182
28/05/2011 	30.768379  	31.27531   	31.01719   	14.06996310
29/05/2011 	30.702240  	30.99221   	30.84858   	14.37345735
30/05/2011 	30.552988  	30.99110   	30.75662   	15.09742067
31/05/2011 	30.593746  	31.19277   	30.85647   	15.35816214
01/06/2011 	30.798779  	31.52923   	31.07867   	15.47969270
02/06/2011 	30.999218  	31.63705   	31.35810   	15.92453498
03/06/2011 	31.035789  	31.61495   	31.44246   	16.45182685
04/06/2011 	31.028214  	31.64703   	31.47349   	16.97378576
05/06/2011 	31.410679  	31.66209   	31.52514   	16.93010175
06/06/2011 	31.526588  	31.72256   	31.61095   	16.91325422
07/06/2011 	31.431650  	31.86251   	31.65691   	17.31319217
08/06/2011 	29.166777  	31.79235   	31.22400   	17.44446762
09/06/2011 	24.251532  	31.57605   	29.49368   	16.70294688
10/06/2011 	26.587774  	31.52213   	29.75065   	17.20626847
11/06/2011 	23.399649  	31.59729   	29.10681   	17.05959320
12/06/2011 	23.494270  	31.08114   	28.42982   	16.92646444
13/06/2011 	21.209766  	31.40752   	27.18327   	16.70325168
14/06/2011 	22.020214  	30.90023   	27.25271   	17.16708791
15/06/2011 	24.128847  	31.63184   	28.39586   	17.44442161
16/06/2011 	25.603359  	31.68108   	29.35428   	17.61088045
17/06/2011 	23.371460  	30.98190   	27.63484   	17.44175164
18/06/2011 	23.798792  	31.07989   	27.48498   	16.82475348
19/06/2011 	25.803919  	30.59765   	29.00509   	15.47039407
20/06/2011 	25.198515  	29.45551   	28.12688   	16.03242942
21/06/2011 	24.814375  	29.37657   	27.73750   	16.63726441
22/06/2011 	24.907961  	29.56641   	27.55826   	16.39776631
23/06/2011 	25.088318  	30.41652   	28.09441   	16.26752484
24/06/2011 	25.120026  	29.01514   	27.72070   	16.61531381
25/06/2011 	24.813078  	29.87270   	28.13821   	16.48868942
26/06/2011 	24.590076  	29.33999   	27.87089   	17.05700521
27/06/2011 	24.614662  	30.24242   	28.37601   	17.99884566
28/06/2011 	25.680384  	30.47944   	28.81170   	19.00639574
29/06/2011 	25.421432  	30.45878   	28.58558   	19.55847073
30/06/2011 	25.992344  	30.62717   	28.99043   	19.19541188
01/07/2011 	26.158628  	30.63027   	29.42952   	18.95735002
02/07/2011 	27.274137  	30.64890   	29.96070   	18.31417028
03/07/2011 	27.872021  	30.74454   	30.00312   	17.39257987
04/07/2011 	26.711952  	30.75215   	29.85342   	16.67504323
05/07/2011 	27.876150  	30.71986   	30.13140   	17.15844063
06/07/2011 	27.326853  	30.77591   	29.76182   	17.69351327
07/07/2011 	26.540693  	30.55994   	29.03824   	17.51029551
08/07/2011 	25.369331  	30.70210   	29.21841   	18.23625775
09/07/2011 	23.814911  	30.49852   	28.41007   	18.42033378
10/07/2011 	23.927435  	29.15896   	26.88691   	18.31778244
11/07/2011 	24.382946  	30.16184   	28.07838   	18.87496058
12/07/2011 	25.965393  	30.79916   	28.99119   	19.17301699
13/07/2011 	28.028469  	30.86274   	30.11880   	17.99687159
14/07/2011 	28.605663  	30.25438   	29.84457   	16.79547864
15/07/2011 	28.374367  	29.76379   	29.33431   	16.67266838
16/07/2011 	26.503567  	29.86849   	28.86759   	17.05472263
17/07/2011 	18.105532  	29.43723   	25.00528   	17.30087523
18/07/2011 	18.974447  	26.79718   	23.93712   	16.86267453
19/07/2011 	21.050974  	24.80453   	23.79130   	16.64012361
20/07/2011 	22.314953  	26.82628   	24.26962   	17.16517631
21/07/2011 	23.281620  	27.92124   	25.44359   	17.82317444
22/07/2011 	24.131672  	28.07060   	26.49061   	17.79631305
23/07/2011 	24.940231  	29.73574   	27.86837   	16.21775675
24/07/2011 	24.415672  	29.98965   	28.68274   	15.24958056
25/07/2011 	24.524521  	29.56441   	26.59507   	15.05112775
26/07/2011 	21.614769  	27.11118   	25.60982   	15.57796901
27/07/2011 	21.364204  	26.94733   	24.72801   	16.32509800
28/07/2011 	21.159134  	28.51967   	25.22429   	17.00700800
29/07/2011 	23.400068  	29.68749   	26.94131   	17.00857608
30/07/2011 	24.825754  	29.91540   	27.54260   	16.85618981
31/07/2011 	24.329802  	30.28715   	27.80205   	16.77851729
01/08/2011 	24.881996  	30.85745   	27.99298   	17.18952099
02/08/2011 	25.060720  	31.02695   	28.45797   	17.72097186
03/08/2011 	25.582283  	31.29847   	28.80152   	18.36630456
04/08/2011 	23.583817  	31.40996   	28.49184   	18.87640536
05/08/2011 	20.977711  	31.16221   	26.42703   	19.32985894
06/08/2011 	22.675995  	30.89849   	27.18153   	19.70543790
07/08/2011 	14.107623  	30.03726   	23.17504   	19.32640958
08/08/2011 	16.365648  	24.14277   	21.18693   	18.27704628
09/08/2011 	18.280630  	27.63089   	21.77249   	16.67324253
10/08/2011 	16.790995  	28.11222   	21.95764   	15.83859626
11/08/2011 	21.381819  	30.18281   	27.17493   	16.07228986
12/08/2011 	19.733065  	27.70191   	24.87620   	16.93183760
13/08/2011 	19.051836  	28.46340   	24.03099   	17.23900719
14/08/2011 	19.395739  	28.82585   	24.51148   	17.59161214
15/08/2011 	19.826231  	29.19558   	25.31157   	17.89156218
16/08/2011 	17.870951  	29.11758   	24.51488   	17.91910577
17/08/2011 	17.153082  	28.84270   	23.92641   	17.98728724
18/08/2011 	19.378098  	29.66522   	25.31933   	18.10036333
19/08/2011 	23.700760  	30.01244   	27.42190   	17.90948021
20/08/2011 	20.752546  	29.57907   	25.78103   	17.66602862
21/08/2011 	20.194986  	29.81741   	25.85476   	18.03207636
22/08/2011 	21.018353  	29.27288   	25.68607   	18.33190115
23/08/2011 	22.332293  	29.15276   	26.20436   	18.60783172
24/08/2011 	20.770939  	28.54860   	25.55775   	18.91532135
25/08/2011 	18.162100  	27.22664   	24.26250   	18.98755499
26/08/2011 	20.744673  	27.02879   	23.97748   	19.07002946
27/08/2011 	15.119267  	25.54489   	20.72920   	18.71256030
28/08/2011 	14.944241  	24.58641   	19.28634   	17.81030778
29/08/2011 	15.816316  	25.50356   	20.54837   	15.47235217
30/08/2011 	15.363585  	28.12716   	21.49463   	15.56048312
31/08/2011 	16.090275  	28.96495   	22.74791   	15.85498178
01/09/2011 	17.014301  	29.72726   	24.05163   	16.16383104
02/09/2011 	19.547590  	29.94277   	25.03707   	16.34657478
03/09/2011 	20.170237  	30.16992   	25.48992   	16.84737545
04/09/2011 	20.098032  	29.75709   	25.24979   	17.45726879
05/09/2011 	15.051006  	28.61118   	21.37245   	17.23560294
06/09/2011 	16.433376  	24.59614   	21.42094   	16.14800056
07/09/2011 	24.222248  	28.23772   	25.68632   	15.88966872
08/09/2011 	24.054632  	29.70257   	27.62321   	15.34555993
09/09/2011 	23.409248  	27.86373   	26.10782   	15.65753333
10/09/2011 	19.206762  	27.15790   	24.78802   	16.12775362
11/09/2011 	15.912651  	27.07099   	22.91348   	16.68103798
12/09/2011 	16.331755  	27.18507   	22.02032   	16.68687550
13/09/2011 	22.309694  	28.54865   	25.45314   	15.63988155
14/09/2011 	25.098017  	28.60582   	27.16994   	14.51135463
15/09/2011 	22.248661  	27.99764   	26.43559   	14.47731096
16/09/2011 	21.794043  	27.31626   	25.69166   	14.68923767
17/09/2011 	16.931458  	27.34860   	23.68418   	14.74967585
18/09/2011 	15.858643  	25.26921   	20.49631   	14.65624026
19/09/2011 	16.931025  	24.10579   	20.61434   	14.44878608
20/09/2011 	16.347525  	23.46667   	20.05760   	14.58275817
21/09/2011 	19.782808  	23.88986   	21.76315   	15.17437532
22/09/2011 	21.072998  	24.29766   	22.93814   	14.51248229
23/09/2011 	20.138718  	23.21202   	22.48214   	14.25082421
24/09/2011 	18.875446  	24.65584   	22.57127   	14.35235087
25/09/2011 	19.832596  	26.06885   	23.52292   	14.64591660
26/09/2011 	18.515667  	26.79730   	23.57875   	15.08945256
27/09/2011 	20.102072  	27.35649   	24.14758   	15.26589531
28/09/2011 	21.126902  	28.01585   	24.77654   	15.65330023
29/09/2011 	21.348249  	28.54048   	25.30625   	16.14279207
30/09/2011 	21.930166  	28.85155   	25.63704   	16.55741203
01/10/2011 	22.120708  	29.06761   	26.10203   	16.94377728
02/10/2011 	22.306061  	29.22232   	26.24597   	17.28218210
03/10/2011 	17.683939  	29.21867   	24.40159   	17.34157451
04/10/2011 	18.976234  	27.48575   	23.90218   	17.30968328
05/10/2011 	15.268342  	26.46662   	20.18430   	16.49410105
06/10/2011 	20.466475  	24.48449   	22.66247   	15.52886150
07/10/2011 	19.738186  	24.49768   	22.76573   	13.86333209
08/10/2011 	19.407158  	23.84573   	21.82510   	12.59781363
09/10/2011 	17.584778  	24.79667   	22.13928   	11.45980000
10/10/2011 	18.152451  	26.16627   	22.61193   	13.03058642
11/10/2011 	20.189947  	28.80998   	24.23209   	13.73379169
12/10/2011 	18.852093  	26.87852   	23.75268   	13.56422643
13/10/2011 	18.866913  	27.89609   	24.10370   	13.35229258
14/10/2011 	19.296743  	28.35029   	24.46730   	13.05528986
15/10/2011 	18.797791  	28.61949   	24.79125   	12.30721136
16/10/2011 	16.023506  	28.62605   	23.75439   	11.65492316
17/10/2011 	12.961445  	27.17663   	20.48209   	11.73201287
18/10/2011 	13.723194  	23.91323   	19.09758   	11.36153100
19/10/2011 	18.936029  	22.68896   	21.21355   	10.28856238
20/10/2011 	18.603355  	21.27939   	20.07297   	 9.34482203
21/10/2011 	17.664965  	24.00258   	20.66166   	 8.94940851
22/10/2011 	15.138053  	22.79190   	19.65144   	 8.95272394
23/10/2011 	12.490256  	25.19305   	19.19414   	 8.70657047
24/10/2011 	12.762257  	24.73435   	18.65023   	 8.23738398
25/10/2011 	11.522017  	22.69603   	18.41313   	 8.27234334
26/10/2011 	12.001060  	22.93039   	18.53939   	 8.84667099
27/10/2011 	16.648764  	24.12225   	20.23376   	 9.25943929
28/10/2011 	18.181532  	25.54488   	22.12518   	 9.58157893
29/10/2011 	18.959545  	25.92755   	22.91010   	 9.83617906
30/10/2011 	19.655910  	25.99883   	22.58515   	10.62160997
31/10/2011 	18.560871  	25.35049   	22.33058   	11.36981791
01/11/2011 	18.595692  	26.14841   	23.14092   	11.42751487
02/11/2011 	18.939028  	26.45783   	22.83245   	11.52566763
03/11/2011 	19.245749  	26.65421   	23.88298   	11.66381164
04/11/2011 	18.124691  	26.79854   	23.23104   	11.88487043
05/11/2011 	19.916004  	25.40339   	22.92957   	12.01433225
06/11/2011 	19.769247  	26.18359   	23.43391   	11.98118130
07/11/2011 	21.194098  	27.47505   	25.09771   	11.78653262
08/11/2011 	22.272097  	27.45876   	25.45921   	11.21883812
09/11/2011 	22.239679  	27.54824   	25.70565   	10.75030122
10/11/2011 	22.529928  	27.83545   	25.78599   	10.39016966
11/11/2011 	22.802025  	27.84471   	26.10713   	 9.72898509
12/11/2011 	20.590790  	27.64544   	25.13935   	 8.47171878
13/11/2011 	22.169870  	28.12535   	25.76824   	 8.58345165
14/11/2011 	24.219551  	28.31699   	26.73151   	 8.23521512
15/11/2011 	24.635958  	28.82327   	27.33034   	 7.77620174
16/11/2011 	24.861399  	28.84407   	27.74350   	 7.11596561
17/11/2011 	21.546741  	28.90730   	26.18228   	 6.25775509
18/11/2011 	20.453535  	28.37003   	24.71643   	 6.48872324
19/11/2011 	21.099360  	27.37401   	24.80302   	 6.78029042
20/11/2011 	22.433430  	27.75964   	25.55682   	 6.84106721
21/11/2011 	23.456524  	28.39084   	26.44627   	 6.81906476
22/11/2011 	23.886202  	28.84674   	26.78511   	 6.80345853
23/11/2011 	24.738928  	29.12699   	27.35212   	 7.06581980
24/11/2011 	22.349113  	29.29972   	26.42686   	 7.47205566
25/11/2011 	21.536470  	29.05006   	25.28630   	 8.08303533
26/11/2011 	21.961294  	28.67268   	26.39203   	 8.12406372
27/11/2011 	24.895840  	31.12669   	27.69472   	 8.88550997
28/11/2011 	24.001951  	29.08934   	27.03511   	 8.43529002
29/11/2011 	23.462988  	29.42936   	26.40107   	 7.85291002
30/11/2011 	21.927927  	29.60601   	26.20124   	 7.53972458
01/12/2011 	23.973982  	26.92211   	25.66878   	 7.72770550
02/12/2011 	23.150122  	26.39002   	25.07280   	 7.67983051
03/12/2011 	24.334398  	26.57030   	24.90571   	 7.57633407
04/12/2011 	25.257074  	27.41730   	26.59531   	 7.65887712
05/12/2011 	25.361305  	29.31900   	28.02169   	 6.67971753
06/12/2011 	28.126402  	29.70733   	28.83738   	 5.64269919
07/12/2011 	28.083246  	30.43796   	29.16864   	 5.55627141
08/12/2011 	25.696714  	30.37141   	27.90388   	 6.26289999
09/12/2011 	25.806702  	28.66691   	27.02852   	 6.36450417
10/12/2011 	25.408106  	27.40887   	25.93072   	 5.41391546
11/12/2011 	24.657944  	27.17030   	26.43595   	 5.34118907
12/12/2011 	20.069853  	26.67606   	24.48483   	 5.31217434
13/12/2011 	22.977669  	26.61808   	24.80522   	 5.89879511
14/12/2011 	23.459265  	28.13932   	25.82460   	 5.88992871
15/12/2011 	23.188158  	27.81649   	25.89137   	 5.57084964
16/12/2011 	20.383949  	27.79183   	24.53881   	 5.37611169
17/12/2011 	22.242193  	27.00551   	24.57049   	 4.96026851
18/12/2011 	22.293379  	25.48765   	23.60567   	 4.51627619
19/12/2011 	18.683132  	24.91291   	23.12417   	 4.06395757
20/12/2011 	18.083183  	26.34862   	21.87712   	 4.09040145
21/12/2011 	17.277153  	25.24471   	21.64954   	 4.39788727
22/12/2011 	18.205862  	26.25221   	22.20262   	 4.82820951
23/12/2011 	12.779545  	25.69798   	20.30273   	 5.59396636
24/12/2011 	10.690895  	24.40414   	17.26372   	 5.82406604
25/12/2011 	13.011292  	29.52885   	22.54792   	 6.44491485
26/12/2011 	13.562143  	27.36718   	21.51265   	 7.08949872
27/12/2011 	14.868629  	25.88736   	21.31637   	 7.38241393
28/12/2011 	 9.406197  	26.16377   	15.94625   	 6.56511332
29/12/2011 	16.927504  	26.44714   	20.66652   	 5.91919579
30/12/2011 	13.250645  	26.55885   	17.42398   	 5.36379158
