date	smin	smax	smean	tmean
01/01/2009 	19.13699   	25.35235   	22.60463   	 2.40195178
02/01/2009 	19.04480   	25.37400   	22.41739   	 2.22047997
03/01/2009 	19.37159   	25.10971   	22.62467   	 1.94717792
04/01/2009 	19.38293   	25.06892   	22.13029   	 1.87621176
05/01/2009 	19.92391   	25.85563   	22.91906   	 1.59771198
06/01/2009 	21.09121   	24.36124   	23.13850   	 1.30465398
07/01/2009 	20.90951   	24.34176   	23.11819   	 1.44833150
08/01/2009 	21.26405   	24.14004   	23.13869   	 1.24836198
09/01/2009 	20.94285   	24.41770   	23.09380   	 1.16545399
10/01/2009 	20.45856   	24.60973   	22.92432   	 0.96246114
11/01/2009 	21.65952   	25.69096   	23.85792   	 1.15258591
12/01/2009 	23.22913   	29.93682   	25.75299   	 1.86710008
13/01/2009 	24.11499   	30.60183   	27.95971   	 2.73041449
14/01/2009 	22.76025   	30.15398   	26.92428   	 2.67532228
15/01/2009 	22.90463   	29.25965   	26.01073   	 2.45723015
16/01/2009 	23.58151   	27.60182   	25.56573   	 2.42073155
17/01/2009 	22.91633   	26.81983   	24.91609   	 2.45906692
18/01/2009 	22.98258   	29.05337   	26.01026   	 2.82531381
19/01/2009 	25.71546   	30.18134   	28.31874   	 2.90059614
20/01/2009 	27.65183   	30.27020   	29.19507   	 2.90446286
21/01/2009 	27.61207   	30.23018   	29.28075   	 2.80438783
22/01/2009 	27.70695   	30.14642   	29.35500   	 2.60223086
23/01/2009 	27.86556   	29.86084   	29.01300   	 2.62280655
24/01/2009 	27.54380   	29.13247   	28.53405   	 2.76929056
25/01/2009 	26.58188   	28.84855   	28.02167   	 2.76459347
26/01/2009 	26.91853   	28.37903   	27.73637   	 2.63239343
27/01/2009 	25.24793   	27.54657   	27.02056   	 2.35576304
28/01/2009 	25.52269   	27.12394   	26.41122   	 2.09753179
29/01/2009 	23.14413   	26.40649   	25.46504   	 1.84309590
30/01/2009 	22.85067   	25.78460   	24.78722   	 1.63366905
31/01/2009 	23.26542   	25.18412   	24.52194   	 1.34921409
01/02/2009 	22.08252   	24.77760   	23.89164   	 0.85458009
02/02/2009 	22.39433   	25.14396   	23.82338   	 0.55738231
03/02/2009 	23.61920   	25.65052   	24.66749   	 0.83931365
04/02/2009 	23.71850   	26.40514   	24.98802   	 1.00264185
05/02/2009 	23.96829   	26.86240   	25.46627   	 1.16933921
06/02/2009 	23.36877   	27.07413   	25.65513   	 1.42463078
07/02/2009 	23.40845   	27.07307   	25.33089   	 1.52802614
08/02/2009 	23.30992   	26.86969   	25.11233   	 1.57776215
09/02/2009 	22.98213   	26.49137   	24.88077   	 1.60433010
10/02/2009 	22.03074   	26.31797   	24.37362   	 1.67784332
11/02/2009 	22.70639   	24.93270   	24.13820   	 1.77453592
12/02/2009 	23.01269   	26.00562   	24.63087   	 1.99519401
13/02/2009 	23.30193   	26.08312   	25.03206   	 2.17795984
14/02/2009 	21.83554   	26.17048   	24.85406   	 2.06520160
15/02/2009 	21.07870   	25.36074   	23.77464   	 2.06087743
16/02/2009 	20.83514   	24.34658   	22.90352   	 2.34786624
17/02/2009 	20.81103   	24.27131   	22.95987   	 2.70244948
18/02/2009 	19.89445   	24.30137   	22.48622   	 2.65554091
19/02/2009 	20.75184   	22.95004   	22.10606   	 2.57765940
20/02/2009 	20.07585   	23.44486   	21.82450   	 2.78929776
21/02/2009 	19.26447   	23.98489   	21.84152   	 2.94080783
22/02/2009 	18.82338   	24.56366   	21.62343   	 3.14926231
23/02/2009 	18.25456   	24.14999   	20.93577   	 3.60218459
24/02/2009 	18.69928   	22.84504   	21.17486   	 3.86605795
25/02/2009 	17.62858   	22.33065   	20.63319   	 3.94900511
26/02/2009 	17.43514   	22.80463   	20.53778   	 4.09521020
27/02/2009 	16.93366   	22.75822   	19.58167   	 4.49477067
28/02/2009 	16.98935   	22.60504   	19.78444   	 4.81652318
01/03/2009 	17.52478   	22.67615   	20.36059   	 4.90407517
02/03/2009 	18.08561   	22.91537   	21.01467   	 5.03687374
03/03/2009 	18.67595   	23.13148   	21.40227   	 4.99874011
04/03/2009 	20.82831   	22.89785   	21.73727   	 4.74893915
05/03/2009 	20.16892   	25.93323   	22.86599   	 4.70457210
06/03/2009 	19.52478   	24.14944   	21.78672   	 4.79047299
07/03/2009 	18.69813   	24.17458   	21.58763   	 4.74798080
08/03/2009 	18.73873   	25.02035   	22.77180   	 4.83419374
09/03/2009 	21.14063   	26.52961   	23.85304   	 4.79420993
10/03/2009 	18.86228   	26.39417   	22.55957   	 4.84793467
11/03/2009 	19.85677   	24.65587   	22.24544   	 4.86684335
12/03/2009 	19.57869   	24.85084   	22.06424   	 5.04147329
13/03/2009 	19.11334   	24.11290   	21.78919   	 5.30233723
14/03/2009 	19.28857   	23.46115   	21.52357   	 5.56334621
15/03/2009 	19.80044   	23.16573   	21.63965   	 5.76453074
16/03/2009 	18.66737   	22.82956   	21.18178   	 6.09132392
17/03/2009 	17.44593   	22.32097   	20.47241   	 6.34472174
18/03/2009 	17.44337   	22.33504   	19.87971   	 6.47320027
19/03/2009 	17.78116   	21.48177   	19.77900   	 6.51688330
20/03/2009 	17.59304   	22.08735   	19.91964   	 6.53177873
21/03/2009 	18.30419   	24.33252   	21.42808   	 6.34108281
22/03/2009 	16.15198   	24.08091   	20.72312   	 6.33916195
23/03/2009 	14.30338   	22.82663   	19.48623   	 6.52670464
24/03/2009 	14.69082   	22.53829   	19.16382   	 6.43414121
25/03/2009 	15.15793   	23.25132   	19.99759   	 6.42822268
26/03/2009 	16.10313   	22.46931   	19.77598   	 6.42059030
27/03/2009 	17.38454   	24.05286   	21.03406   	 6.34279120
28/03/2009 	15.70229   	25.40770   	20.89285   	 6.32064314
29/03/2009 	17.89214   	24.29936   	21.02731   	 6.29750252
30/03/2009 	17.69178   	23.20829   	20.34388   	 6.27977711
31/03/2009 	16.78073   	23.09824   	20.27084   	 6.49103269
01/04/2009 	16.77577   	22.78324   	20.21812   	 6.80941158
02/04/2009 	17.94570   	22.70167   	20.53558   	 7.17922288
03/04/2009 	17.96601   	23.18107   	20.77775   	 7.51822367
04/04/2009 	18.36465   	23.53063   	21.15928   	 7.69885005
05/04/2009 	18.22412   	24.98030   	21.63095   	 7.80965825
06/04/2009 	18.64944   	24.98577   	21.85991   	 7.97908373
07/04/2009 	18.57185   	24.45372   	22.09741   	 8.22025130
08/04/2009 	19.01053   	24.34261   	22.54182   	 8.33293277
09/04/2009 	20.70037   	25.21044   	22.75269   	 8.42179036
10/04/2009 	20.60540   	24.91571   	22.57887   	 8.74496969
11/04/2009 	19.87245   	25.03046   	22.88147   	 9.09581463
12/04/2009 	19.64741   	24.91922   	22.51933   	 9.55508560
13/04/2009 	20.00549   	24.46863   	22.28953   	 9.87226943
14/04/2009 	19.76376   	24.34841   	22.36519   	10.05390674
15/04/2009 	19.61176   	24.20094   	22.50197   	10.36648120
16/04/2009 	20.96583   	24.47162   	22.96521   	10.64838509
17/04/2009 	21.46469   	25.07654   	23.20509   	10.82407031
18/04/2009 	21.68964   	25.31325   	23.49194   	10.73187669
19/04/2009 	21.52357   	24.72291   	23.30761   	10.89072442
20/04/2009 	21.07542   	25.77085   	23.41881   	11.10218392
21/04/2009 	21.00891   	26.13774   	23.49753   	11.27473742
22/04/2009 	20.15790   	26.31570   	23.54051   	11.33302035
23/04/2009 	19.81014   	25.51920   	23.21130   	11.60408608
24/04/2009 	20.40078   	25.16246   	23.50931   	11.78418062
25/04/2009 	20.96841   	25.51790   	24.02429   	11.88736292
26/04/2009 	20.98365   	25.36208   	24.04034   	12.09106960
27/04/2009 	21.45387   	25.55457   	24.41667   	12.21003270
28/04/2009 	22.22566   	25.91327   	24.62861   	12.26777341
29/04/2009 	21.83504   	26.03601   	24.57192   	12.43790623
30/04/2009 	21.96238   	25.79100   	24.56607   	12.68474595
01/05/2009 	22.30633   	25.66398   	24.65275   	13.10095549
02/05/2009 	23.11543   	25.93377   	24.89072   	13.32622000
03/05/2009 	22.77145   	25.59018   	24.57549   	13.36955114
04/05/2009 	22.57256   	25.34850   	24.33707   	13.02750127
05/05/2009 	21.07917   	25.91804   	24.31250   	12.84347963
06/05/2009 	20.55831   	26.41793   	24.04748   	12.73849738
07/05/2009 	19.44963   	26.76956   	23.75540   	12.71268638
08/05/2009 	21.46002   	26.95389   	24.91801   	12.65175194
09/05/2009 	22.18070   	27.52563   	25.17870   	12.56750544
10/05/2009 	22.18987   	27.27892   	24.73887   	12.80227556
11/05/2009 	20.67301   	26.37598   	23.71495   	12.87055838
12/05/2009 	21.10100   	25.52291   	23.65176   	12.60038672
13/05/2009 	21.70271   	25.88238   	24.52598   	12.73423008
14/05/2009 	22.78586   	26.06802   	25.15655   	12.85369813
15/05/2009 	23.83492   	26.55383   	25.76280   	12.87694875
16/05/2009 	25.62508   	27.11652   	26.33981   	12.84231623
17/05/2009 	25.14697   	27.85181   	26.36231   	12.97709773
18/05/2009 	25.82815   	28.08154   	26.90152   	12.97676444
19/05/2009 	24.23849   	28.57757   	26.53095   	13.12334855
20/05/2009 	23.55625   	28.46258   	26.50834   	13.31996415
21/05/2009 	24.39200   	28.39992   	26.61066   	13.56382952
22/05/2009 	23.68107   	28.09897   	26.36001   	13.83953122
23/05/2009 	23.58248   	27.58740   	25.96017   	14.30961585
24/05/2009 	23.72548   	27.27259   	25.92661   	14.96614861
25/05/2009 	24.29178   	26.90430   	25.92259   	15.72169030
26/05/2009 	24.84627   	26.71861   	26.24444   	15.89231749
27/05/2009 	25.79272   	26.79683   	26.31929   	15.51833181
28/05/2009 	24.85671   	27.19649   	25.97722   	15.56894491
29/05/2009 	24.72609   	26.73947   	25.62140   	15.91734362
30/05/2009 	23.21729   	26.20751   	25.50959   	16.02244767
31/05/2009 	23.41915   	26.29857   	25.33056   	16.18473242
01/06/2009 	22.60426   	26.41742   	25.15592   	16.58535226
02/06/2009 	22.59064   	26.52057   	25.13289   	16.64117438
03/06/2009 	23.69089   	28.23848   	25.84209   	15.92728551
04/06/2009 	24.02265   	29.22194   	26.62187   	14.84049888
05/06/2009 	24.63828   	28.81072   	26.85299   	14.24546987
06/06/2009 	25.79859   	28.83154   	27.17200   	14.16539172
07/06/2009 	27.09879   	29.26505   	27.97251   	13.93502772
08/06/2009 	27.08646   	28.52863   	27.52554   	14.47373784
09/06/2009 	26.30580   	28.65814   	27.45957   	14.95646085
10/06/2009 	27.02094   	27.94780   	27.36785   	15.18081085
11/06/2009 	26.65881   	28.35276   	27.57108   	15.55018212
12/06/2009 	27.37700   	28.82391   	27.86879   	15.64763629
13/06/2009 	27.14282   	28.84796   	27.98793   	15.79730525
14/06/2009 	26.35068   	28.20647   	27.56552   	16.26369202
15/06/2009 	25.14040   	27.95095   	26.94297   	16.72566986
16/06/2009 	24.92623   	27.84194   	26.90432   	16.85593732
17/06/2009 	24.26459   	27.80987   	26.84936   	16.93571373
18/06/2009 	26.24469   	27.56862   	27.14587   	17.03430617
19/06/2009 	25.73742   	27.36570   	26.89181   	17.08007801
20/06/2009 	25.45295   	27.34114   	26.66282   	16.89869785
21/06/2009 	25.76518   	27.87422   	26.80049   	16.74635851
22/06/2009 	26.58411   	28.47799   	27.69656   	16.61502552
23/06/2009 	25.68842   	28.41238   	27.68741   	16.79138271
24/06/2009 	24.81053   	28.66305   	27.45335   	17.18236128
25/06/2009 	24.64081   	28.81283   	27.47638   	17.54924726
26/06/2009 	24.67029   	28.83777   	27.60570   	17.98153047
27/06/2009 	24.42969   	28.73306   	27.74684   	18.48837316
28/06/2009 	25.02464   	28.80809   	27.93217   	18.98553491
29/06/2009 	25.54501   	28.85526   	27.99308   	19.65466702
30/06/2009 	25.68581   	28.99708   	27.97367   	20.29830698
01/07/2009 	25.64406   	28.94807   	27.94688   	20.74585334
02/07/2009 	25.51591   	28.98087   	27.99097   	21.01421634
03/07/2009 	26.52395   	29.10608   	28.50615   	21.28389513
04/07/2009 	27.29384   	28.86272   	28.45548   	21.50800423
05/07/2009 	26.79554   	28.96095   	28.31210   	21.82460570
06/07/2009 	26.45983   	28.80583   	28.31870   	21.72557302
07/07/2009 	27.93038   	28.87930   	28.42012   	21.06732261
08/07/2009 	26.71757   	29.16059   	28.04470   	20.65308817
09/07/2009 	26.87329   	28.85792   	27.86465   	19.74643930
10/07/2009 	26.92159   	28.44898   	27.66707   	18.50837370
11/07/2009 	26.45619   	29.44207   	27.71751   	17.44090827
12/07/2009 	25.11559   	28.55211   	27.37960   	17.60728908
13/07/2009 	23.87069   	27.83429   	26.56212   	18.25211851
14/07/2009 	22.43452   	27.51664   	25.72422   	18.83854628
15/07/2009 	23.72678   	27.09353   	26.00303   	19.33250944
16/07/2009 	23.22310   	27.31316   	25.68540   	19.51676575
17/07/2009 	23.90995   	27.39453   	26.00558   	19.73238675
18/07/2009 	25.41605   	28.09078   	26.59427   	19.61342386
19/07/2009 	23.93971   	28.34656   	26.63639   	19.40544812
20/07/2009 	23.95227   	28.68477   	27.30148   	19.38734297
21/07/2009 	22.98585   	28.79397   	26.50040   	19.32589404
22/07/2009 	23.62197   	28.55379   	26.44636   	19.49849013
23/07/2009 	23.76418   	28.25804   	26.08198   	19.52628116
24/07/2009 	23.95573   	28.09307   	26.16909   	19.45209678
25/07/2009 	24.00266   	28.10226   	25.92293   	19.37596945
26/07/2009 	23.91568   	27.23837   	25.60873   	19.20632593
27/07/2009 	23.39127   	26.81729   	25.27246   	19.43468281
28/07/2009 	22.94139   	26.63298   	24.97759   	19.59646467
29/07/2009 	22.26224   	26.00916   	24.52673   	19.71181079
30/07/2009 	24.22198   	26.31445   	25.25303   	19.75573516
31/07/2009 	22.02384   	25.83095   	23.95699   	19.26034574
01/08/2009 	22.37289   	25.57877   	24.14787   	19.29548748
02/08/2009 	22.75549   	26.25373   	24.51043   	19.43039799
03/08/2009 	22.73362   	25.86607   	24.22815   	19.41571399
04/08/2009 	22.37684   	25.73085   	24.19189   	19.59213674
05/08/2009 	22.74125   	25.38398   	24.24984   	19.88278143
06/08/2009 	23.19341   	25.24282   	24.45521   	20.32688252
07/08/2009 	22.76411   	25.23440   	24.58477   	20.70219310
08/08/2009 	22.91888   	25.64400   	24.75912   	20.81817098
09/08/2009 	23.84703   	25.93110   	25.16792   	20.67676532
10/08/2009 	22.89195   	26.25087   	25.28352   	20.80869214
11/08/2009 	23.82886   	26.38288   	25.44334   	20.98246010
12/08/2009 	23.59958   	26.68036   	25.62517   	20.87603744
13/08/2009 	24.15848   	26.86144   	25.84012   	20.64891648
14/08/2009 	25.16235   	27.51177   	26.23461   	20.46621712
15/08/2009 	25.03005   	26.58431   	26.15180   	20.51790468
16/08/2009 	23.77711   	26.29828   	25.43938   	20.52119446
17/08/2009 	23.02896   	26.43825   	25.15236   	20.48216383
18/08/2009 	23.05580   	26.75505   	25.04096   	20.33135327
19/08/2009 	23.38021   	26.66926   	25.33046   	20.38343235
20/08/2009 	23.97860   	26.55318   	25.67773   	20.49279908
21/08/2009 	25.04711   	26.90941   	25.72399   	20.47873473
22/08/2009 	25.04581   	26.83926   	25.77536   	20.26156271
23/08/2009 	24.51945   	27.10779   	26.02131   	20.11478202
24/08/2009 	24.41570   	26.91602   	26.26110   	20.23380522
25/08/2009 	25.09825   	26.63968   	26.32056   	20.43159934
26/08/2009 	25.50258   	26.73170   	26.40175   	20.19628096
27/08/2009 	25.89883   	26.77198   	26.38134   	20.04778433
28/08/2009 	25.85933   	27.26905   	26.45512   	19.75546090
29/08/2009 	25.05005   	27.90798   	26.40901   	19.10297600
30/08/2009 	24.31513   	27.31533   	25.65442   	18.36449893
31/08/2009 	23.90779   	28.25963   	26.65702   	18.51612333
01/09/2009 	24.85069   	29.11502   	27.98183   	18.84031423
02/09/2009 	26.33987   	29.53976   	28.24733   	18.51082289
03/09/2009 	24.99911   	29.95597   	28.74767   	18.19363387
04/09/2009 	27.50115   	29.67566   	29.18730   	17.53711581
05/09/2009 	28.21508   	29.47701   	28.88507   	16.78749597
06/09/2009 	26.57329   	28.98200   	28.01072   	16.41236834
07/09/2009 	26.48182   	28.83223   	27.83882   	16.32566694
08/09/2009 	26.38852   	28.62848   	27.51762   	16.57838110
09/09/2009 	26.63633   	28.59723   	27.58121   	16.88835740
10/09/2009 	27.03425   	28.69681   	28.03334   	16.69047876
11/09/2009 	26.33708   	28.49830   	27.81222   	16.32210513
12/09/2009 	27.20970   	28.48918   	28.03606   	16.14964283
13/09/2009 	27.32575   	29.08572   	28.29060   	16.05866208
14/09/2009 	27.37575   	29.38105   	28.68995   	15.74595676
15/09/2009 	26.85416   	29.33216   	28.47492   	15.75654835
16/09/2009 	26.93046   	29.24146   	28.58178   	15.83817981
17/09/2009 	27.27104   	29.48269   	28.75441   	15.67534012
18/09/2009 	27.64108   	29.63578   	28.97006   	15.60417279
19/09/2009 	27.90242   	29.80527   	29.09287   	15.73398964
20/09/2009 	27.83124   	29.89858   	29.19537   	15.90332983
21/09/2009 	29.15328   	30.04799   	29.61754   	16.06491597
22/09/2009 	29.25249   	29.87133   	29.58035   	16.22633411
23/09/2009 	29.21917   	30.20613   	29.56693   	16.33582755
24/09/2009 	29.35625   	30.44917   	29.80285   	16.21420864
25/09/2009 	29.47359   	30.60184   	29.90628   	16.11047135
26/09/2009 	29.42055   	30.53408   	29.87519   	16.11559542
27/09/2009 	29.02912   	30.32409   	29.78719   	16.16082456
28/09/2009 	29.14537   	30.09254   	29.70904   	16.27605454
29/09/2009 	28.71483   	30.17454   	29.61184   	16.26550714
30/09/2009 	27.65963   	30.70632   	29.33720   	16.14666885
01/10/2009 	28.16441   	29.62347   	28.92022   	15.83965502
02/10/2009 	28.56014   	30.41776   	29.47116   	15.00393778
03/10/2009 	27.12774   	29.73958   	28.81347   	14.91639986
04/10/2009 	25.10530   	28.52941   	27.42784   	14.29663102
05/10/2009 	24.73623   	27.99030   	26.75599   	13.64824945
06/10/2009 	25.49821   	28.31003   	26.86369   	13.76912665
07/10/2009 	25.75190   	29.55419   	27.55268   	14.29095099
08/10/2009 	25.51857   	28.57537   	26.81938   	14.06536321
09/10/2009 	25.62247   	28.68121   	26.95818   	13.36565123
10/10/2009 	25.89171   	28.19208   	27.42742   	13.15034113
11/10/2009 	26.12683   	27.57604   	27.18511   	13.03711889
12/10/2009 	25.45456   	30.06432   	27.60683   	12.14046303
13/10/2009 	25.68464   	30.60313   	28.27216   	11.12262654
14/10/2009 	24.52468   	29.74005   	27.41637   	11.03519148
15/10/2009 	24.47789   	29.33945   	27.18454   	10.40376691
16/10/2009 	26.32677   	30.16675   	28.51753   	10.40161633
17/10/2009 	28.14016   	32.27820   	30.42195   	10.83228242
18/10/2009 	28.69597   	31.94828   	30.01034   	10.51216223
19/10/2009 	28.69469   	29.79899   	29.21702   	10.38368148
20/10/2009 	27.57352   	29.04586   	28.57838   	10.08129162
21/10/2009 	27.91536   	28.74077   	28.25318   	 9.66829318
22/10/2009 	27.87949   	28.42860   	28.09598   	 9.52634229
23/10/2009 	27.84214   	29.03268   	28.21489   	 9.77973576
24/10/2009 	27.86496   	29.06485   	28.48962   	10.18319728
25/10/2009 	28.55214   	29.89049   	28.89451   	10.67899748
26/10/2009 	28.49110   	30.46093   	29.29319   	11.13343986
27/10/2009 	27.59308   	30.51208   	28.69639   	11.00418927
28/10/2009 	26.71239   	30.62300   	29.06273   	11.29667475
29/10/2009 	26.91627   	31.14243   	29.27517   	11.55590026
30/10/2009 	27.16271   	30.54315   	28.95420   	11.51804034
31/10/2009 	27.57291   	29.98682   	29.15379   	11.54128544
01/11/2009 	28.33278   	30.07790   	29.15753   	11.67086780
02/11/2009 	28.67904   	30.07869   	29.21604   	11.78507312
03/11/2009 	27.99934   	30.13900   	29.15083   	11.49305884
04/11/2009 	28.27582   	30.72693   	29.57849   	11.33369909
05/11/2009 	27.51855   	30.82691   	29.47382   	11.08896065
06/11/2009 	27.69222   	30.41719   	29.28470   	10.89229027
07/11/2009 	27.37384   	31.17579   	29.66972   	10.82573678
08/11/2009 	26.11850   	31.13205   	28.62665   	10.46486197
09/11/2009 	26.97159   	30.27668   	28.27966   	 9.73137263
10/11/2009 	27.16771   	29.46206   	28.46556   	 9.63599497
11/11/2009 	26.97978   	29.26437   	28.36910   	 9.59205125
12/11/2009 	26.97169   	29.15499   	28.34343   	 9.61220624
13/11/2009 	25.25696   	28.57968   	27.65902   	 9.76108640
14/11/2009 	26.68085   	29.89938   	28.57020   	10.35291324
15/11/2009 	25.28541   	30.97482   	29.21908   	10.64446831
16/11/2009 	25.54769   	30.78615   	29.16264   	10.62683282
17/11/2009 	27.09721   	30.51466   	29.46032   	10.67315869
18/11/2009 	27.05897   	30.58009   	29.87161   	10.60438512
19/11/2009 	27.45374   	30.18300   	29.54437   	10.65829068
20/11/2009 	28.77423   	30.30036   	29.90762   	10.70139037
21/11/2009 	27.05040   	30.30952   	29.30428   	10.69786358
22/11/2009 	27.93741   	30.29281   	29.47758   	10.77643653
23/11/2009 	29.59625   	30.22218   	29.98996   	10.59957677
24/11/2009 	27.92247   	30.22403   	29.71552   	10.36846358
25/11/2009 	29.71987   	30.57467   	30.37761   	10.40911450
26/11/2009 	30.04325   	30.57726   	30.40758   	10.22771895
27/11/2009 	29.58108   	30.33373   	29.90981   	 9.77991428
28/11/2009 	29.40453   	29.86619   	29.59042   	 9.58991263
29/11/2009 	28.54187   	29.61872   	29.43409   	 9.39851447
30/11/2009 	28.57615   	29.65834   	29.36580   	 9.35673610
01/12/2009 	27.08710   	29.56791   	28.53611   	 8.60814572
02/12/2009 	26.25363   	29.01856   	28.11335   	 8.06421033
03/12/2009 	24.64654   	28.14478   	26.80801   	 7.94329764
04/12/2009 	24.62148   	28.21128   	26.45284   	 7.95713710
05/12/2009 	24.51644   	27.93683   	26.29851   	 7.84496641
06/12/2009 	24.03019   	28.50136   	26.26313   	 8.07256000
07/12/2009 	24.09966   	29.06069   	27.09590   	 8.34148822
08/12/2009 	24.36106   	29.31024   	26.93003   	 8.36198428
09/12/2009 	24.51075   	28.30927   	26.15314   	 8.16173339
10/12/2009 	23.58231   	27.94517   	25.78536   	 8.27251616
11/12/2009 	23.34608   	27.01309   	24.58659   	 8.10346089
12/12/2009 	20.60425   	25.80309   	23.63825   	 7.72389863
13/12/2009 	20.50447   	25.06926   	23.27735   	 7.23829084
14/12/2009 	20.30247   	24.14412   	22.67202   	 6.69508689
15/12/2009 	19.10446   	23.48649   	21.72238   	 5.93970366
16/12/2009 	18.93948   	23.77241   	21.81437   	 5.50853784
17/12/2009 	18.89847   	24.79437   	21.71845   	 5.34276039
18/12/2009 	19.14341   	25.28021   	22.12839   	 4.98657569
19/12/2009 	18.20074   	24.74635   	22.06011   	 4.38728205
20/12/2009 	20.95505   	26.04807   	23.22552   	 3.99773776
21/12/2009 	20.42490   	26.04203   	23.14968   	 3.79439637
22/12/2009 	20.50347   	27.01995   	24.06087   	 3.98274545
23/12/2009 	21.33638   	27.58049   	24.73632   	 4.11666401
24/12/2009 	22.39833   	27.78607   	25.40123   	 4.16418101
25/12/2009 	23.35634   	27.98384   	25.79876   	 4.17987446
26/12/2009 	21.94061   	26.50008   	24.56578   	 3.88292491
27/12/2009 	25.59108   	28.96372   	27.56253   	 4.68351937
28/12/2009 	25.01782   	29.58921   	27.59481   	 4.62176692
29/12/2009 	23.72803   	28.92412   	26.81131   	 4.27757082
30/12/2009 	23.67171   	28.14499   	26.58015   	 3.91240797
31/12/2009 	22.55727   	26.81242   	25.26165   	 3.38517006
01/01/2010 	21.39273   	25.49094   	23.93248   	 2.89705067
02/01/2010 	20.27419   	24.74650   	23.22754   	 2.54352340
03/01/2010 	20.00255   	24.71544   	22.71332   	 2.24089179
04/01/2010 	19.59248   	24.75494   	22.61628   	 2.01770551
05/01/2010 	19.40352   	24.71523   	22.61439   	 2.02805281
06/01/2010 	19.56627   	24.79855   	22.36407   	 2.00578612
07/01/2010 	18.89637   	25.11718   	22.17976   	 1.90906354
08/01/2010 	18.88432   	24.41279   	22.04256   	 1.69816749
09/01/2010 	19.17802   	24.23568   	21.26335   	 1.08711985
10/01/2010 	20.07455   	24.82100   	22.12159   	 1.18345854
11/01/2010 	19.69099   	25.17861   	22.93710   	 1.48399349
12/01/2010 	19.33881   	25.43364   	22.88570   	 1.51302978
13/01/2010 	19.41496   	24.81198   	23.41132   	 1.31467313
14/01/2010 	22.64271   	26.60774   	24.42707   	 1.51889946
15/01/2010 	21.44024   	25.59758   	23.85402   	 1.24619421
16/01/2010 	21.61513   	24.80590   	23.42271   	 1.22766523
17/01/2010 	22.88164   	27.78715   	24.62967   	 1.69930708
18/01/2010 	22.21431   	26.63707   	24.12829   	 1.68762903
19/01/2010 	21.63514   	26.34907   	23.69171   	 1.80187318
20/01/2010 	20.26511   	25.46131   	22.98105   	 1.72744623
21/01/2010 	20.40770   	24.48161   	23.27025   	 1.68039048
22/01/2010 	20.75966   	24.13121   	22.82401   	 1.50665264
23/01/2010 	21.89723   	23.60753   	22.53663   	 1.54378255
24/01/2010 	21.57322   	24.66832   	23.02743   	 1.56572729
25/01/2010 	21.10755   	25.43178   	23.44404   	 1.45049166
26/01/2010 	21.16957   	25.33336   	23.49064   	 1.02142741
27/01/2010 	21.78971   	25.02906   	23.77930   	 0.89383600
28/01/2010 	20.23221   	25.33915   	22.84236   	 0.92990182
29/01/2010 	19.25068   	25.19823   	22.20311   	 1.01731972
30/01/2010 	19.76979   	25.20356   	22.96455   	 1.03301570
31/01/2010 	21.47052   	24.57143   	23.44735   	 1.07235080
01/02/2010 	20.70089   	24.97127   	23.37507   	 1.13613884
02/02/2010 	21.11387   	25.38691   	23.54256   	 1.22997633
03/02/2010 	21.44184   	25.27682   	23.12938   	 1.29815987
04/02/2010 	20.21516   	24.32443   	22.58425   	 1.40805998
05/02/2010 	20.55239   	23.52871   	22.47130   	 1.55969237
06/02/2010 	19.52407   	23.43884   	22.11732   	 1.73789609
07/02/2010 	19.28708   	23.36710   	21.88834   	 1.75959489
08/02/2010 	20.69990   	23.63115   	22.41778   	 1.61524278
09/02/2010 	20.58687   	24.47037   	22.79784   	 1.39894704
10/02/2010 	20.05884   	24.49468   	22.51369   	 1.13204942
11/02/2010 	19.06717   	24.99395   	21.93261   	 0.79008477
12/02/2010 	18.52773   	24.35531   	21.68390   	 0.40758173
13/02/2010 	17.99209   	24.54695   	22.28421   	-0.11337251
14/02/2010 	19.95103   	24.30320   	22.74108   	-0.25095254
15/02/2010 	19.22845   	24.07402   	22.61245   	-0.40130507
16/02/2010 	20.28800   	23.67457   	22.38048   	-0.35252512
17/02/2010 	20.70682   	25.81445   	22.70182   	 0.19688677
18/02/2010 	21.42917   	26.04605   	23.33263   	 0.46691708
19/02/2010 	21.88702   	26.77125   	24.36788   	 1.10789610
20/02/2010 	23.02898   	26.84536   	24.78754   	 1.32426061
21/02/2010 	22.43568   	26.98006   	24.55070   	 1.28619557
22/02/2010 	21.75153   	26.89874   	24.80058   	 1.53940154
23/02/2010 	21.73049   	26.98961   	24.28615   	 1.60624376
24/02/2010 	23.09140   	26.38191   	25.04397   	 1.68928792
25/02/2010 	23.90622   	25.89536   	25.13263   	 1.94261117
26/02/2010 	23.88708   	26.53357   	25.20623   	 2.23545586
27/02/2010 	23.27724   	28.69073   	25.73114   	 2.48750242
28/02/2010 	21.39714   	28.52755   	25.40523   	 2.71615623
01/03/2010 	23.31616   	27.20570   	25.70540   	 2.88066586
02/03/2010 	23.70065   	26.86803   	25.42701   	 2.99852389
03/03/2010 	23.01335   	26.41102   	24.76617   	 3.06452051
04/03/2010 	21.33299   	25.61302   	23.91285   	 3.12810349
05/03/2010 	21.14483   	25.04550   	23.53851   	 3.03944935
06/03/2010 	19.07797   	26.15165   	23.53629   	 2.77020728
07/03/2010 	19.93818   	25.31556   	22.63516   	 2.54695208
08/03/2010 	18.31598   	23.24505   	21.24737   	 2.30887935
09/03/2010 	18.99912   	23.01457   	21.11361   	 2.27387004
10/03/2010 	18.85447   	23.62720   	21.13545   	 2.39032050
11/03/2010 	18.97262   	25.34400   	22.28574   	 2.48434813
12/03/2010 	17.77024   	25.09970   	21.61637   	 2.60898447
13/03/2010 	16.74499   	23.88574   	20.80971   	 2.74636085
14/03/2010 	16.89487   	23.95005   	20.33393   	 3.04195119
15/03/2010 	16.67938   	23.17547   	20.59340   	 3.41870160
16/03/2010 	17.22555   	22.68272   	20.59681   	 3.72861932
17/03/2010 	17.44950   	22.84915   	20.56104   	 3.97577810
18/03/2010 	17.27884   	23.77753   	20.86115   	 4.22747667
19/03/2010 	19.45653   	24.78180   	21.84336   	 4.52447828
20/03/2010 	19.45419   	25.99379   	22.94700   	 4.87350650
21/03/2010 	19.36702   	25.77562   	22.67408   	 5.38023050
22/03/2010 	19.32492   	25.32161   	22.40939   	 5.64965438
23/03/2010 	20.20818   	25.48024   	22.92487   	 5.75765011
24/03/2010 	20.09390   	25.58862   	22.97809   	 5.99631235
25/03/2010 	21.22184   	25.71027   	23.61571   	 6.20783004
26/03/2010 	20.73539   	25.27702   	23.67680   	 6.49380733
27/03/2010 	21.15865   	25.97743   	24.01114   	 6.56734408
28/03/2010 	21.73136   	25.87468   	24.05714   	 6.70331449
29/03/2010 	21.29132   	26.07058   	23.80161   	 6.88310832
30/03/2010 	20.71861   	26.13849   	23.61890   	 7.13595463
31/03/2010 	23.44026   	27.57157   	25.18038   	 6.87499317
01/04/2010 	24.14420   	28.44754   	26.24789   	 6.57032629
02/04/2010 	24.05570   	28.69204   	26.52595   	 6.49550514
03/04/2010 	24.05392   	28.60971   	26.60982   	 6.63417455
04/04/2010 	23.84897   	28.21681   	26.28402   	 6.93945800
05/04/2010 	23.77841   	27.72396   	25.99726   	 7.06959425
06/04/2010 	24.00918   	27.60023   	26.06686   	 7.29593874
07/04/2010 	24.25596   	27.63888   	26.25513   	 7.51003803
08/04/2010 	23.61605   	26.99528   	25.63378   	 7.88737687
09/04/2010 	22.70141   	26.93146   	25.15516   	 8.23087622
10/04/2010 	21.41843   	26.75555   	24.69237   	 8.52258080
11/04/2010 	20.32038   	25.99592   	23.68721   	 8.68721191
12/04/2010 	20.50761   	25.44392   	23.28760   	 8.64429967
13/04/2010 	19.68643   	25.08296   	22.95854   	 8.65403722
14/04/2010 	19.75220   	25.01659   	23.01550   	 8.64063573
15/04/2010 	20.53959   	25.12691   	23.35720   	 8.71028268
16/04/2010 	21.47311   	25.14247   	23.79806   	 8.78614656
17/04/2010 	21.70878   	25.09877   	24.05782   	 9.03557777
18/04/2010 	22.16614   	25.45961   	24.11694   	 9.45193515
19/04/2010 	22.17469   	25.92737   	24.55564   	 9.66295854
20/04/2010 	23.38540   	25.88225   	25.19961   	 9.68749086
21/04/2010 	23.29519   	27.71048   	25.39330   	 9.25702965
22/04/2010 	23.07484   	27.81953   	25.53014   	 9.00520079
23/04/2010 	23.41150   	26.10668   	25.28108   	 9.31067610
24/04/2010 	22.96749   	26.32864   	25.33678   	 9.59813627
25/04/2010 	23.99064   	26.35497   	25.61444   	 9.76941599
26/04/2010 	23.66630   	26.56512   	25.55956   	 9.97409785
27/04/2010 	22.98228   	26.77282   	25.66321   	10.36167485
28/04/2010 	23.15171   	26.84976   	25.85617   	10.83141035
29/04/2010 	23.99158   	27.23762   	26.20228   	11.21060030
30/04/2010 	24.22598   	27.32408   	26.47411   	11.55245622
01/05/2010 	24.76488   	27.42930   	26.59299   	11.63379941
02/05/2010 	23.85116   	28.16973   	26.49149   	11.81841805
03/05/2010 	23.65780   	28.17498   	26.42973   	10.78282233
04/05/2010 	24.21868   	30.05124   	27.10358   	 9.47635189
05/05/2010 	23.66351   	28.53056   	26.59566   	10.08149209
06/05/2010 	24.62858   	28.38430   	26.59524   	 9.90050602
07/05/2010 	25.17148   	28.28587   	26.98276   	 9.73584962
08/05/2010 	24.42695   	27.91997   	26.90196   	 9.99179957
09/05/2010 	23.53687   	27.91229   	26.43610   	10.06421133
10/05/2010 	23.50460   	27.91021   	26.59131   	10.13809850
11/05/2010 	23.45724   	28.10974   	26.50837   	10.10165612
12/05/2010 	23.59954   	28.67734   	26.80121   	 9.48458610
13/05/2010 	24.52235   	29.39072   	27.52828   	 9.09453543
14/05/2010 	24.95103   	28.38761   	27.14587   	 9.37170529
15/05/2010 	24.68711   	27.94234   	26.81350   	 9.84381056
16/05/2010 	25.14775   	28.26748   	27.09635   	10.21402516
17/05/2010 	25.02567   	27.86716   	26.99168   	10.62318148
18/05/2010 	26.28147   	28.87228   	27.49243   	11.21968967
19/05/2010 	26.67828   	28.79625   	27.83979   	11.79457410
20/05/2010 	25.82594   	28.40496   	27.50743   	12.46437009
21/05/2010 	24.59498   	27.98571   	26.90701   	13.22757304
22/05/2010 	24.60764   	28.31000   	26.81528   	13.83387542
23/05/2010 	24.45694   	28.10369   	26.86718   	14.38579645
24/05/2010 	24.30620   	27.60751   	26.56522   	14.70554598
25/05/2010 	24.10518   	28.78428   	26.54252   	15.08449864
26/05/2010 	25.18907   	28.35847   	27.16142   	15.04101630
27/05/2010 	24.71771   	28.81714   	27.51796   	14.54251492
28/05/2010 	24.64558   	28.37083   	27.31731   	14.66034128
29/05/2010 	24.60118   	28.27408   	27.26929   	14.64616708
30/05/2010 	26.11204   	28.06252   	27.54671   	14.64816689
31/05/2010 	26.95918   	30.43693   	28.18537   	14.48934718
01/06/2010 	27.27067   	29.50946   	28.47853   	14.65562302
02/06/2010 	26.25546   	29.34571   	28.34696   	14.98096160
03/06/2010 	25.97542   	29.28423   	28.21032   	15.41495891
04/06/2010 	25.11551   	29.08533   	27.88999   	15.91764138
05/06/2010 	25.44552   	28.92255   	27.84087   	16.33175053
06/06/2010 	26.01928   	28.55621   	27.78376   	16.66457220
07/06/2010 	26.55236   	28.25231   	27.76873   	16.77317385
08/06/2010 	25.33692   	28.23196   	27.30139   	16.83895588
09/06/2010 	25.00590   	28.22438   	27.00378   	16.98687152
10/06/2010 	24.33870   	28.24919   	26.81637   	17.27827239
11/06/2010 	24.38087   	28.10690   	26.91298   	17.51737495
12/06/2010 	24.42893   	27.99900   	26.81108   	17.54843394
13/06/2010 	24.66747   	28.38935   	26.87080   	17.44958758
14/06/2010 	24.30728   	27.99100   	26.83829   	17.56277744
15/06/2010 	24.01592   	28.70992   	27.09037   	17.01829040
16/06/2010 	22.47701   	28.40715   	26.41793   	16.45163238
17/06/2010 	23.96930   	28.88378   	26.87521   	16.16863664
18/06/2010 	26.16356   	29.75077   	28.02222   	15.96178907
19/06/2010 	27.12693   	31.00311   	29.01912   	15.13272874
20/06/2010 	27.38440   	31.82421   	30.25506   	14.07894915
21/06/2010 	28.22442   	31.38766   	30.15899   	14.06922319
22/06/2010 	29.22681   	30.84763   	30.01904   	14.68717055
23/06/2010 	29.06371   	30.58343   	29.78013   	15.33557345
24/06/2010 	29.25303   	30.53539   	29.58211   	16.09162803
25/06/2010 	29.18624   	30.87787   	29.67962   	16.73745203
26/06/2010 	29.40391   	31.05856   	29.90044   	17.61088359
27/06/2010 	29.59709   	30.96968   	30.17115   	18.34545354
28/06/2010 	28.97754   	30.67795   	30.01512   	19.18178991
29/06/2010 	28.79721   	30.63871   	30.02834   	19.71915090
30/06/2010 	28.88549   	30.64793   	30.03182   	20.08128035
01/07/2010 	28.70248   	30.76092   	30.14072   	20.31602681
02/07/2010 	28.67434   	30.86876   	30.12948   	20.67571119
03/07/2010 	28.60549   	30.46781   	29.93978   	21.14657557
04/07/2010 	28.71637   	30.58421   	29.97236   	21.33464185
05/07/2010 	29.47008   	30.46870   	30.08553   	21.43817945
06/07/2010 	29.31092   	30.80323   	30.02226   	21.39167249
07/07/2010 	29.38635   	30.72327   	30.12306   	21.02249348
08/07/2010 	29.60137   	30.55547   	30.07971   	20.94170364
09/07/2010 	29.27446   	30.85534   	30.04705   	20.98272789
10/07/2010 	29.00342   	30.77186   	30.05071   	21.32205435
11/07/2010 	28.74817   	30.91042   	30.05663   	21.83076521
12/07/2010 	29.07785   	30.83472   	30.21365   	22.27698978
13/07/2010 	29.44219   	30.58033   	30.32996   	21.99898020
14/07/2010 	28.50139   	30.83299   	30.20179   	22.11203388
15/07/2010 	28.94568   	30.64657   	30.07445   	21.82590954
16/07/2010 	29.08051   	29.93396   	29.53967   	21.13824185
17/07/2010 	28.80857   	30.03365   	29.26094   	20.75735120
18/07/2010 	28.44768   	29.75159   	29.02672   	20.57083464
19/07/2010 	28.31281   	29.61480   	28.91928   	20.58269616
20/07/2010 	28.46292   	29.49955   	28.99398   	20.64932835
21/07/2010 	28.58707   	29.52020   	29.11053   	20.79088247
22/07/2010 	28.67747   	29.47584   	29.23851   	20.74866458
23/07/2010 	28.64575   	29.61124   	29.20661   	20.77031938
24/07/2010 	28.73418   	29.65246   	29.33872   	20.62444150
25/07/2010 	29.06443   	29.69350   	29.47861   	20.54625158
26/07/2010 	28.13641   	29.78891   	29.36885   	20.50149898
27/07/2010 	28.21090   	29.90261   	29.31054   	20.42237357
28/07/2010 	27.33777   	29.98907   	29.21661   	20.53788940
29/07/2010 	26.83273   	29.86049   	29.11290   	20.48431214
30/07/2010 	27.82456   	29.99474   	29.24460   	20.29496996
31/07/2010 	27.06885   	29.95805   	29.28259   	20.26917859
01/08/2010 	27.31106   	29.69740   	28.90820   	20.35731669
02/08/2010 	26.96739   	29.48613   	28.75584   	20.42954878
03/08/2010 	26.68639   	29.36076   	28.67084   	20.45712888
04/08/2010 	27.45044   	29.32609   	28.94132   	20.44968355
05/08/2010 	26.93032   	29.24724   	28.53618   	20.18915868
06/08/2010 	26.00791   	29.10214   	28.21631   	19.92525303
07/08/2010 	26.84752   	28.88223   	28.27288   	20.02177135
08/08/2010 	25.59284   	28.55691   	27.61637   	19.89089620
09/08/2010 	25.12243   	28.67432   	27.42200   	19.78166763
10/08/2010 	25.67285   	28.58163   	27.65753   	19.87004387
11/08/2010 	26.12541   	28.11694   	27.50729   	19.88469156
12/08/2010 	25.39622   	28.09437   	27.30322   	19.83286067
13/08/2010 	25.10358   	28.14375   	27.14946   	19.65409895
14/08/2010 	24.40700   	27.83156   	26.73188   	19.64280041
15/08/2010 	22.78454   	27.86056   	25.83693   	19.36103896
16/08/2010 	22.86331   	27.67049   	25.85774   	19.17703950
17/08/2010 	23.10130   	27.27691   	25.82664   	19.32868524
18/08/2010 	23.39568   	26.89878   	25.67625   	19.16452459
19/08/2010 	21.99240   	26.81422   	25.12795   	18.89487437
20/08/2010 	21.36832   	26.69218   	24.75810   	18.86245851
21/08/2010 	22.33270   	26.68232   	24.96953   	19.02836422
22/08/2010 	21.45647   	27.78311   	24.66000   	19.26243059
23/08/2010 	20.69755   	27.47335   	25.48222   	19.48195199
24/08/2010 	24.08451   	28.34093   	26.59324   	19.24889994
25/08/2010 	21.53707   	28.76952   	25.54854   	18.70862854
26/08/2010 	20.68175   	28.03478   	24.99055   	18.29887124
27/08/2010 	22.29263   	27.10682   	24.87297   	17.21903698
28/08/2010 	22.36540   	26.21247   	24.66497   	16.77528701
29/08/2010 	22.18842   	25.74508   	24.64163   	16.75533630
30/08/2010 	22.62043   	26.96815   	25.17532   	15.81002800
31/08/2010 	23.22308   	27.23311   	25.49893   	15.34365672
01/09/2010 	21.77502   	26.09304   	24.23992   	15.57348754
02/09/2010 	20.96351   	24.60353   	23.01278   	15.74342970
03/09/2010 	20.18096   	23.66125   	22.34922   	15.82516740
04/09/2010 	19.34067   	22.88009   	21.47677   	16.05568133
05/09/2010 	17.78443   	22.71143   	20.97325   	16.12627935
06/09/2010 	16.31652   	22.10221   	20.48115   	15.99413353
07/09/2010 	17.57831   	22.58453   	21.18187   	15.87566890
08/09/2010 	19.84038   	24.62362   	22.35621   	15.89963243
09/09/2010 	20.08399   	25.20296   	22.89344   	16.14545453
10/09/2010 	19.28773   	24.98654   	22.30318   	16.25656478
11/09/2010 	20.56659   	25.00818   	22.79855   	16.57330890
12/09/2010 	20.41228   	25.26295   	22.59167   	16.87574093
13/09/2010 	20.33061   	24.48595   	22.20463   	16.81963710
14/09/2010 	21.39543   	25.50811   	23.38225   	16.91725540
15/09/2010 	21.40868   	25.71414   	23.54453   	16.56438686
16/09/2010 	18.19784   	25.54408   	22.02534   	15.96665734
17/09/2010 	18.81429   	25.56639   	21.90900   	15.52386189
18/09/2010 	19.28067   	24.31640   	21.53500   	14.38134142
19/09/2010 	18.67424   	24.22524   	22.12392   	14.39480412
20/09/2010 	19.72108   	25.53534   	23.14870   	14.91137705
21/09/2010 	18.70771   	26.11578   	22.44233   	14.98779716
22/09/2010 	18.20861   	24.72758   	21.77535   	15.11188966
23/09/2010 	18.71596   	23.83309   	21.41163   	15.30444509
24/09/2010 	18.37025   	23.93047   	21.33719   	15.52044270
25/09/2010 	18.78098   	23.66657   	21.18896   	15.01096449
26/09/2010 	18.27959   	23.14997   	21.33075   	14.59429806
27/09/2010 	17.75413   	22.94881   	21.35191   	14.45025380
28/09/2010 	18.25617   	23.09181   	21.48331   	14.36177164
29/09/2010 	17.78304   	22.93614   	21.04440   	14.19568394
30/09/2010 	17.73091   	22.67114   	20.91924   	13.96650298
01/10/2010 	19.28424   	22.76978   	21.06514   	14.05546300
02/10/2010 	21.12573   	24.05349   	22.22257   	14.50842947
03/10/2010 	22.49485   	25.61339   	23.75304   	15.05275534
04/10/2010 	22.52525   	25.50808   	23.99924   	15.33828805
05/10/2010 	22.17936   	25.57762   	23.68611   	15.51169990
06/10/2010 	22.16964   	25.40194   	24.12834   	15.66683686
07/10/2010 	22.26349   	25.62225   	23.68420   	15.64983277
08/10/2010 	20.83241   	24.69652   	23.08497   	15.66583016
09/10/2010 	19.08989   	23.82168   	22.37701   	15.48337950
10/10/2010 	19.15031   	23.76521   	22.32759   	15.11925075
11/10/2010 	18.19171   	23.47443   	21.56628   	14.54150758
12/10/2010 	17.68678   	23.08525   	21.19995   	14.00164666
13/10/2010 	18.01748   	23.11576   	21.33737   	13.61355950
14/10/2010 	18.89545   	23.28956   	21.65308   	13.37245212
15/10/2010 	19.23313   	23.59646   	21.75309   	12.92185756
16/10/2010 	20.42384   	26.13100   	23.02024   	12.20135470
17/10/2010 	21.20812   	25.59219   	23.67568   	11.74935152
18/10/2010 	21.68204   	24.00811   	23.21334   	11.55076184
19/10/2010 	21.46780   	25.75344   	23.25345   	11.67574652
20/10/2010 	21.19844   	26.46447   	22.80976   	10.89434429
21/10/2010 	20.28673   	26.75904   	23.19058   	 9.82171432
22/10/2010 	20.13765   	24.69491   	22.63636   	10.00019938
23/10/2010 	18.96985   	26.74525   	23.70301   	10.50700825
24/10/2010 	21.77799   	26.90787   	24.05039   	10.14677652
25/10/2010 	20.95192   	25.69207   	23.36461   	 8.69970718
26/10/2010 	20.70713   	25.61159   	23.41924   	 8.41992553
27/10/2010 	20.93188   	25.73326   	23.52735   	 8.98065430
28/10/2010 	20.53164   	26.73196   	24.01869   	 9.69021440
29/10/2010 	20.66013   	26.70621   	23.87144   	 9.99831414
30/10/2010 	23.03857   	27.59240   	25.54814   	10.54881318
31/10/2010 	21.83152   	28.18273   	25.35053   	10.62907209
01/11/2010 	23.09698   	27.54968   	25.20432   	10.65698065
02/11/2010 	23.23623   	26.42390   	25.30226   	10.69772693
03/11/2010 	23.28904   	27.15761   	26.08430   	11.00175862
04/11/2010 	23.31507   	27.27291   	25.87001   	11.17999134
05/11/2010 	23.31256   	27.81689   	26.09444   	11.55352638
06/11/2010 	22.38021   	27.92873   	25.50549   	11.49948998
07/11/2010 	23.07686   	27.01245   	25.33637   	11.05225346
08/11/2010 	22.02231   	26.65874   	25.05871   	10.25587249
09/11/2010 	21.98916   	25.62200   	24.52114   	 9.48840171
10/11/2010 	21.13861   	25.03699   	23.49333   	 8.85425902
11/11/2010 	20.70624   	24.90948   	23.62721   	 8.51969278
12/11/2010 	22.72099   	28.91418   	25.48374   	 9.02434136
13/11/2010 	20.56241   	28.75472   	25.76818   	 9.16794101
14/11/2010 	21.70780   	29.17121   	26.53128   	 9.31298675
15/11/2010 	23.99379   	29.48797   	26.68421   	 9.19930365
16/11/2010 	22.67882   	28.95034   	25.75594   	 8.90208668
17/11/2010 	22.25244   	28.20530   	25.67454   	 8.60273021
18/11/2010 	22.87000   	26.67199   	25.38029   	 8.22013054
19/11/2010 	21.78134   	25.69855   	24.31078   	 7.92675380
20/11/2010 	21.00974   	25.39126   	23.68652   	 7.77142737
21/11/2010 	19.90927   	24.92720   	23.02462   	 7.56527826
22/11/2010 	19.58047   	24.44314   	22.50133   	 7.25309926
23/11/2010 	18.30749   	23.61425   	21.69076   	 6.83668528
24/11/2010 	18.19739   	23.97122   	21.80840   	 6.23201872
25/11/2010 	18.91677   	24.24753   	22.14268   	 5.87996537
26/11/2010 	19.41819   	24.36233   	22.71785   	 5.34530055
27/11/2010 	19.83243   	24.07392   	22.50116   	 5.09657964
28/11/2010 	18.96584   	23.19350   	21.82392   	 4.65378985
29/11/2010 	19.02843   	24.03073   	22.09296   	 4.33787292
30/11/2010 	19.14062   	24.47541   	22.35129   	 4.12801618
01/12/2010 	18.82881   	24.65299   	22.01631   	 3.25894855
02/12/2010 	21.14755   	25.27272   	23.62668   	 3.25786623
03/12/2010 	20.93462   	25.15790   	23.59027   	 2.75678984
04/12/2010 	22.03850   	26.16152   	24.49138   	 2.77525237
05/12/2010 	23.86245   	28.32960   	25.85042   	 3.32654318
06/12/2010 	23.66215   	27.91276   	25.57279   	 3.21556412
07/12/2010 	23.88567   	27.12578   	25.36908   	 2.91163299
08/12/2010 	22.81671   	26.32851   	24.89736   	 2.35143529
09/12/2010 	23.26268   	26.13751   	25.11016   	 2.05139840
10/12/2010 	22.78574   	27.56273   	25.20644   	 1.86786296
11/12/2010 	23.99085   	26.47655   	25.29740   	 2.63354889
12/12/2010 	23.10513   	29.82525   	27.46237   	 3.89351947
13/12/2010 	24.77269   	29.04706   	26.90644   	 3.50072865
14/12/2010 	24.64451   	28.11468   	26.86628   	 2.66774726
15/12/2010 	23.96116   	28.09537   	26.32292   	 2.26979343
16/12/2010 	24.09364   	27.88801   	25.93718   	 2.37502456
17/12/2010 	21.63381   	26.35545   	24.83009   	 2.22191645
18/12/2010 	21.71555   	25.89572   	24.44418   	 1.97248519
19/12/2010 	22.04123   	24.84536   	23.68159   	 1.52961776
20/12/2010 	21.62993   	24.96176   	23.81491   	 1.31787388
21/12/2010 	21.62760   	24.54111   	23.59946   	 0.96605750
22/12/2010 	20.76976   	24.68637   	23.28183   	 0.32411242
23/12/2010 	18.83720   	24.61177   	22.15906   	-0.06610523
24/12/2010 	19.73665   	27.44793   	23.39418   	-0.03892667
25/12/2010 	22.50126   	28.65438   	25.34050   	-0.34966378
26/12/2010 	22.61029   	26.24021   	24.70345   	-0.29277302
27/12/2010 	20.80584   	25.08396   	23.89624   	-0.12786800
28/12/2010 	20.91689   	24.14771   	22.82017   	-0.03852492
29/12/2010 	21.70647   	23.29568   	22.56870   	 0.02838001
30/12/2010 	20.67232   	23.79943   	22.26418   	 0.23239317
31/12/2010 	20.32525   	23.87226   	22.16881   	 0.45740459
01/01/2011 	20.21147   	24.06370   	22.45037   	 0.86731781
02/01/2011 	20.24847   	25.00056   	23.12442   	 1.15200953
03/01/2011 	21.15554   	25.26154   	23.35882   	 1.19873885
04/01/2011 	20.67474   	23.85328   	22.75568   	 1.19978071
05/01/2011 	20.10269   	24.39116   	22.27573   	 1.24440866
06/01/2011 	20.41962   	26.80706   	23.28077   	 1.58858970
07/01/2011 	20.11667   	25.67195   	22.87519   	 1.63575096
08/01/2011 	21.17520   	26.19742   	23.59402   	 2.24084430
09/01/2011 	21.08184   	26.58645   	23.82012   	 2.46757316
10/01/2011 	20.20528   	26.58035   	23.10870   	 2.34712127
11/01/2011 	21.20819   	26.81121   	23.87142   	 2.28226534
12/01/2011 	21.27551   	27.13750   	24.04892   	 2.37946343
13/01/2011 	21.80005   	26.22921   	24.56987   	 2.63393510
14/01/2011 	22.34874   	26.10979   	24.58458   	 3.03628467
15/01/2011 	22.48286   	27.13136   	25.21870   	 3.33763046
16/01/2011 	24.03445   	28.08316   	26.70652   	 3.66085165
17/01/2011 	23.38700   	28.19081   	26.88035   	 3.91509315
18/01/2011 	22.57688   	27.51704   	25.36925   	 4.09928405
19/01/2011 	20.50263   	26.04235   	23.82285   	 4.14946796
20/01/2011 	18.21998   	25.20102   	22.66632   	 4.02061598
21/01/2011 	17.17592   	23.77748   	21.07186   	 3.73181745
22/01/2011 	15.43474   	22.32938   	19.67533   	 3.69356336
23/01/2011 	15.36855   	21.67492   	19.22099   	 3.83438648
24/01/2011 	15.07288   	21.53412   	19.16696   	 4.14785113
25/01/2011 	15.39516   	22.37670   	18.87935   	 4.16648880
26/01/2011 	14.47598   	20.43374   	18.06332   	 4.00839638
27/01/2011 	14.91828   	20.11587   	17.89786   	 3.49904514
28/01/2011 	15.14983   	20.36000   	18.24043   	 2.96257662
29/01/2011 	16.48701   	22.20856   	19.47961   	 2.76591479
30/01/2011 	15.25296   	22.37729   	19.50548   	 2.55230664
31/01/2011 	15.39681   	23.12381   	19.79478   	 2.40794822
01/02/2011 	14.70091   	23.68949   	19.74154   	 2.26533649
02/02/2011 	15.90256   	22.94250   	20.21234   	 2.47370185
03/02/2011 	17.65154   	25.70885   	21.87642   	 3.00958900
04/02/2011 	17.73237   	29.31336   	23.81589   	 3.49990160
05/02/2011 	24.50633   	29.35896   	27.69569   	 4.41251660
06/02/2011 	28.00470   	29.35656   	29.04576   	 4.80268495
07/02/2011 	27.63039   	29.09963   	28.73354   	 4.84762835
08/02/2011 	25.93595   	28.76125   	28.09326   	 4.89380573
09/02/2011 	25.12030   	28.60829   	27.11960   	 4.87926711
10/02/2011 	24.48373   	27.97579   	26.57697   	 4.79526521
11/02/2011 	23.49109   	27.42983   	25.70732   	 4.87517273
12/02/2011 	23.42213   	26.60526   	25.50432   	 4.68833013
13/02/2011 	22.97765   	25.71946   	24.79920   	 4.53883603
14/02/2011 	23.64482   	25.21742   	24.55570   	 4.54862886
15/02/2011 	22.61237   	25.64740   	24.15279   	 4.56170454
16/02/2011 	22.52586   	25.61111   	24.25995   	 4.56857583
17/02/2011 	22.67403   	25.45425   	23.98152   	 4.50715436
18/02/2011 	20.32297   	24.87468   	23.44533   	 4.19640049
19/02/2011 	20.38473   	24.11170   	22.89785   	 3.84526917
20/02/2011 	20.69286   	23.74243   	22.63780   	 3.30273672
21/02/2011 	21.18731   	24.23525   	22.63391   	 2.64872727
22/02/2011 	21.13053   	24.28941   	22.81767   	 2.00840124
23/02/2011 	21.74328   	24.42508   	23.01170   	 1.75969726
24/02/2011 	22.19750   	25.08779   	23.51163   	 1.81047158
25/02/2011 	22.13084   	25.65077   	23.69079   	 2.12795421
26/02/2011 	23.25410   	26.10364   	24.73109   	 2.64749162
27/02/2011 	22.30724   	25.73616   	24.24911   	 3.09811634
28/02/2011 	20.96604   	24.83525   	23.18059   	 3.10924978
01/03/2011 	20.22431   	24.34417   	22.51584   	 3.19615299
02/03/2011 	18.57049   	23.67774   	21.83543   	 3.03462110
03/03/2011 	18.86728   	23.73219   	21.64790   	 2.90452597
04/03/2011 	17.87066   	23.86741   	21.38805   	 2.77558999
05/03/2011 	17.53126   	24.15465   	21.62261   	 2.84671763
06/03/2011 	18.40429   	23.44853   	21.58932   	 2.92207724
07/03/2011 	19.05873   	23.56427   	22.05762   	 2.97320690
08/03/2011 	19.71066   	24.06351   	22.34347   	 3.06073002
09/03/2011 	22.28347   	25.55042   	23.55552   	 3.40310348
10/03/2011 	20.55384   	26.79905   	23.45931   	 3.73639482
11/03/2011 	19.37411   	27.15185   	23.77975   	 4.05765986
12/03/2011 	19.34966   	27.51617   	23.91523   	 4.23108074
13/03/2011 	21.45736   	27.56046   	24.89448   	 4.50298944
14/03/2011 	22.09993   	26.91918   	24.67367   	 4.74267603
15/03/2011 	22.22169   	26.67546   	24.58852   	 4.99716549
16/03/2011 	22.34755   	26.67507   	25.00919   	 5.21176542
17/03/2011 	22.41954   	26.01477   	24.74704   	 5.40388365
18/03/2011 	21.31620   	26.11852   	24.18801   	 5.54149195
19/03/2011 	20.52348   	25.56631   	23.47412   	 5.68110054
20/03/2011 	19.64579   	25.35452   	23.16046   	 5.84397144
21/03/2011 	20.20148   	25.65923   	23.56698   	 5.94989982
22/03/2011 	20.30363   	25.56222   	23.79861   	 6.22107131
23/03/2011 	20.69424   	25.47701   	24.06255   	 6.65662749
24/03/2011 	21.08344   	25.58702   	24.39713   	 7.03584397
25/03/2011 	22.01491   	25.63730   	24.60565   	 7.37542286
26/03/2011 	21.98239   	26.16650   	24.71585   	 7.47114339
27/03/2011 	23.01934   	25.94167   	25.13608   	 7.26281238
28/03/2011 	23.52694   	25.96755   	25.16742   	 7.22600805
29/03/2011 	23.82210   	26.07960   	25.43142   	 7.19752406
30/03/2011 	23.75887   	26.11727   	25.52901   	 7.27950800
31/03/2011 	24.60985   	26.63145   	25.78706   	 7.35795878
01/04/2011 	25.30301   	26.95859   	25.94361   	 7.53364986
02/04/2011 	25.19538   	27.94196   	26.08860   	 7.81911971
03/04/2011 	25.31080   	27.52447   	26.26654   	 8.18825908
04/04/2011 	25.40937   	27.28674   	26.29849   	 8.60209882
05/04/2011 	25.46268   	27.68214   	26.60631   	 8.46829973
06/04/2011 	26.39289   	27.83284   	26.91693   	 8.69958397
07/04/2011 	26.32067   	27.74408   	26.85821   	 9.12997150
08/04/2011 	26.28311   	27.44436   	26.75301   	 9.52448322
09/04/2011 	26.05386   	27.24294   	26.58373   	 9.78398542
10/04/2011 	25.87890   	27.32683   	26.63286   	10.11357474
11/04/2011 	26.02224   	27.33328   	26.81692   	10.50113638
12/04/2011 	26.31491   	27.31057   	26.88834   	10.57994902
13/04/2011 	26.12508   	27.57948   	27.04093   	10.48941968
14/04/2011 	26.27146   	27.53123   	26.96045   	10.49621085
15/04/2011 	26.63327   	28.09968   	27.18238   	10.48102893
16/04/2011 	26.64174   	28.37807   	27.21151   	10.61457916
17/04/2011 	26.02597   	28.12129   	27.21741   	10.94760994
18/04/2011 	26.92305   	28.21514   	27.64418   	11.32240105
19/04/2011 	25.79018   	28.42471   	27.67816   	11.68505939
20/04/2011 	25.38826   	28.40817   	27.62539   	12.22936618
21/04/2011 	25.79270   	28.60991   	27.71957   	12.72335496
22/04/2011 	25.74556   	28.77583   	27.84564   	13.21571499
23/04/2011 	26.15141   	28.87455   	27.97905   	13.65452109
24/04/2011 	26.79775   	28.91507   	28.16687   	14.08800350
25/04/2011 	26.62557   	28.90285   	28.11375   	14.54475000
26/04/2011 	26.39236   	29.05168   	28.07338   	14.37340677
27/04/2011 	27.12801   	29.60487   	28.60433   	13.25147398
28/04/2011 	28.02762   	29.92711   	29.14173   	12.87487380
29/04/2011 	28.12811   	30.07936   	29.38690   	12.74432498
30/04/2011 	27.68532   	30.22606   	29.43967   	12.66047802
01/05/2011 	27.52560   	29.98366   	29.33815   	12.34644564
02/05/2011 	27.20106   	30.27526   	29.17765   	11.84143955
03/05/2011 	27.79714   	30.41023   	29.57991   	11.24719391
04/05/2011 	28.58842   	30.72934   	29.93425   	11.11463577
05/05/2011 	29.61944   	31.05321   	30.31030   	11.25572199
06/05/2011 	30.19719   	31.02534   	30.55691   	11.53653755
07/05/2011 	30.31962   	31.08118   	30.70274   	12.06897348
08/05/2011 	30.38371   	31.18986   	30.72407   	12.53867080
09/05/2011 	30.16319   	31.12032   	30.61660   	13.09154693
10/05/2011 	30.12982   	31.28686   	30.62719   	13.54634056
11/05/2011 	30.27544   	31.30200   	30.73347   	14.05153211
12/05/2011 	30.45290   	31.22461   	30.77249   	14.57763141
13/05/2011 	30.48113   	31.35234   	30.82070   	14.74903584
14/05/2011 	30.55000   	31.47567   	30.90353   	14.77635862
15/05/2011 	30.61730   	31.49699   	30.98453   	14.66367030
16/05/2011 	30.77900   	31.54415   	31.10361   	14.53338448
17/05/2011 	30.70483   	31.47368   	31.00636   	14.55123421
18/05/2011 	30.63914   	31.51915   	31.05566   	14.64839393
19/05/2011 	30.60768   	31.56829   	31.01259   	14.89195941
20/05/2011 	30.74455   	31.72090   	31.17180   	15.25393500
21/05/2011 	30.82607   	31.88516   	31.27115   	15.62866080
22/05/2011 	30.83532   	32.01202   	31.31748   	15.96788877
23/05/2011 	30.69412   	31.69924   	31.06359   	15.93540317
24/05/2011 	30.57037   	31.23924   	30.83373   	15.85187417
25/05/2011 	30.54962   	31.13801   	30.83217   	15.82938776
26/05/2011 	30.49966   	31.04566   	30.75211   	15.93076545
27/05/2011 	30.34721   	30.70234   	30.53251   	15.41052357
28/05/2011 	30.23105   	30.60879   	30.43061   	15.25890197
29/05/2011 	30.27246   	30.53877   	30.42250   	15.16035006
30/05/2011 	30.23248   	30.52968   	30.36203   	15.08361290
31/05/2011 	30.26406   	30.40728   	30.33995   	15.40464644
01/06/2011 	30.26958   	30.44618   	30.36211   	15.53835148
02/06/2011 	30.29176   	30.48830   	30.39866   	16.04618581
03/06/2011 	30.30369   	30.60707   	30.46575   	16.74460606
04/06/2011 	30.35151   	30.74527   	30.59361   	17.12051050
05/06/2011 	30.51735   	31.31162   	30.86747   	16.90144471
06/06/2011 	30.68416   	31.55149   	31.03233   	16.82895652
07/06/2011 	30.87228   	31.55046   	31.13331   	17.07321560
08/06/2011 	30.71237   	31.56350   	31.07107   	17.36568292
09/06/2011 	30.61472   	31.28802   	30.91904   	17.28211665
10/06/2011 	30.52386   	31.23834   	30.82767   	17.34798249
11/06/2011 	30.45043   	31.13013   	30.75139   	17.27033941
12/06/2011 	30.36588   	31.05698   	30.64835   	17.12190596
13/06/2011 	30.23053   	30.75580   	30.47416   	17.01472533
14/06/2011 	30.07858   	30.75797   	30.38044   	17.11084485
15/06/2011 	30.11652   	30.77504   	30.42727   	17.52448976
16/06/2011 	30.14798   	30.78075   	30.45480   	17.69693188
17/06/2011 	30.13011   	30.68634   	30.40446   	17.59080950
18/06/2011 	29.71737   	30.64486   	30.24988   	17.43921574
19/06/2011 	29.66741   	30.18214   	29.87539   	17.01176830
20/06/2011 	29.61441   	29.93894   	29.79745   	17.05125002
21/06/2011 	29.64912   	30.07406   	29.86727   	17.36996130
22/06/2011 	29.57602   	30.06787   	29.81563   	17.21160106
23/06/2011 	29.22372   	30.24523   	29.77761   	17.11607909
24/06/2011 	28.55909   	30.17658   	29.47526   	17.21771888
25/06/2011 	27.82184   	30.13473   	29.50539   	17.23381988
26/06/2011 	28.39839   	30.19095   	29.44555   	17.62158811
27/06/2011 	28.32210   	30.09867   	29.37987   	18.16727181
28/06/2011 	28.35765   	29.93173   	29.40937   	18.62838217
29/06/2011 	27.98732   	29.75835   	29.22988   	19.12086328
30/06/2011 	28.28739   	29.68570   	29.22352   	19.24935138
01/07/2011 	28.17057   	29.64974   	29.23786   	18.90004190
02/07/2011 	27.59712   	29.58100   	29.15941   	18.24208061
03/07/2011 	27.02459   	29.44357   	28.87350   	17.35031076
04/07/2011 	27.05040   	29.53309   	28.50328   	17.13795026
05/07/2011 	26.23125   	29.20767   	28.27228   	17.43958775
06/07/2011 	26.89974   	29.02064   	28.31660   	17.84387143
07/07/2011 	27.52451   	28.43471   	28.02680   	18.08580391
08/07/2011 	27.16748   	28.59261   	27.91547   	18.31774386
09/07/2011 	27.48341   	28.23933   	27.74404   	18.48247238
10/07/2011 	27.35398   	28.36120   	27.68414   	18.56778673
11/07/2011 	27.28704   	28.20748   	27.62797   	18.87245059
12/07/2011 	25.13743   	28.46440   	27.67566   	19.07447624
13/07/2011 	24.93508   	28.87522   	27.31129   	18.00631980
14/07/2011 	26.13242   	29.42212   	28.00701   	17.29867192
15/07/2011 	27.15336   	29.62014   	28.64031   	17.30032221
16/07/2011 	24.60710   	28.63208   	27.22026   	17.61858300
17/07/2011 	22.97765   	27.49621   	26.51695   	17.62530045
18/07/2011 	24.71037   	28.58737   	26.96375   	17.65810986
19/07/2011 	22.78657   	29.83896   	26.96403   	17.62091625
20/07/2011 	21.94930   	29.00219   	26.10005   	17.91085521
21/07/2011 	22.63893   	28.21827   	25.92343   	18.34696941
22/07/2011 	23.37639   	27.61338   	25.66087   	18.10281948
23/07/2011 	23.72533   	26.96597   	25.56114   	17.29438325
24/07/2011 	22.69928   	25.52981   	23.72504   	16.48063691
25/07/2011 	23.44117   	27.19844   	24.54754   	16.01968284
26/07/2011 	22.59003   	25.01298   	24.12309   	16.22574655
27/07/2011 	22.40422   	24.64392   	23.88358   	16.63392953
28/07/2011 	22.48994   	24.63468   	23.89654   	17.30305262
29/07/2011 	22.82822   	26.60969   	24.51895   	17.63953042
30/07/2011 	23.97443   	27.28912   	25.64615   	17.17298488
31/07/2011 	24.23258   	26.50493   	25.67491   	16.96601951
01/08/2011 	23.08106   	26.12062   	25.17116   	17.14223067
02/08/2011 	21.94365   	25.79597   	24.74662   	17.53738300
03/08/2011 	21.96913   	25.86747   	24.73327   	18.01827526
04/08/2011 	22.42386   	25.87255   	24.98651   	18.55411951
05/08/2011 	23.57215   	25.72466   	25.06913   	19.01967863
06/08/2011 	22.67847   	26.19479   	25.01058   	19.48986538
07/08/2011 	24.19296   	26.31436   	25.58856   	19.25509926
08/08/2011 	24.14576   	27.20800   	25.74045   	18.90398840
09/08/2011 	23.71258   	26.65537   	25.12277   	18.06035928
10/08/2011 	23.46930   	27.42799   	25.22306   	16.74375665
11/08/2011 	23.23350   	26.31807   	25.21012   	17.27589774
12/08/2011 	20.79359   	27.41759   	24.42370   	17.46519049
13/08/2011 	21.03067   	26.58369   	24.04576   	17.77772228
14/08/2011 	21.63437   	26.30621   	24.28023   	18.10482375
15/08/2011 	21.95076   	26.27972   	24.26546   	18.45978117
16/08/2011 	21.28438   	25.75115   	24.26917   	18.51946596
17/08/2011 	22.17741   	25.54159   	24.16347   	18.52562201
18/08/2011 	21.72501   	25.65918   	24.16779   	18.29180189
19/08/2011 	22.04276   	25.68871   	24.41528   	18.14669470
20/08/2011 	21.02163   	25.45460   	24.12277   	18.08423817
21/08/2011 	21.21468   	25.18018   	23.86041   	18.25641088
22/08/2011 	21.93548   	24.90175   	23.77438   	18.46517615
23/08/2011 	21.35681   	25.45390   	24.12979   	18.50661302
24/08/2011 	22.71380   	25.15683   	24.44514   	18.73841393
25/08/2011 	23.10718   	25.53030   	24.52414   	18.78342517
26/08/2011 	21.45181   	25.94499   	24.45412   	18.89326306
27/08/2011 	23.14147   	25.86214   	24.60977   	18.77404670
28/08/2011 	22.79971   	26.29897   	24.70932   	18.50452348
29/08/2011 	23.01579   	27.40730   	25.00578   	17.99036519
30/08/2011 	22.27455   	26.04861   	24.19679   	16.86978078
31/08/2011 	22.59191   	25.73470   	24.45675   	16.43492764
01/09/2011 	23.05006   	26.24897   	24.89853   	15.98892436
02/09/2011 	22.60384   	25.98142   	24.71537   	15.94855261
03/09/2011 	22.35857   	25.40478   	24.45078   	16.28856186
04/09/2011 	21.71770   	25.44344   	24.43555   	16.79710070
05/09/2011 	23.60406   	25.69328   	24.82405   	16.98253655
06/09/2011 	23.81074   	28.11868   	26.13870   	17.13128829
07/09/2011 	25.94415   	29.72171   	28.70804   	16.91274619
08/09/2011 	24.77931   	30.08996   	28.30368   	16.38992192
09/09/2011 	23.87970   	29.80590   	27.40480   	16.33243807
10/09/2011 	23.57376   	29.02886   	26.78016   	16.59641715
11/09/2011 	23.18381   	28.15731   	26.51896   	16.91966939
12/09/2011 	23.40299   	28.17236   	26.71910   	17.02033798
13/09/2011 	25.61384   	28.51614   	27.62650   	16.86563353
14/09/2011 	23.78190   	28.71724   	27.36036   	16.30554046
15/09/2011 	23.19994   	28.63920   	25.92296   	15.72454534
16/09/2011 	23.60340   	27.25355   	25.70673   	15.20746589
17/09/2011 	24.36312   	26.85432   	25.87927   	15.30926158
18/09/2011 	22.95158   	27.23012   	25.28290   	15.37536524
19/09/2011 	22.32891   	26.97839   	24.84870   	15.25741275
20/09/2011 	22.67010   	27.37776   	25.42598   	15.42884409
21/09/2011 	24.07512   	27.71877   	26.05427   	15.66250398
22/09/2011 	23.02915   	28.17958   	26.19629   	15.55190180
23/09/2011 	22.14367   	27.99323   	25.20375   	15.22360218
24/09/2011 	21.42190   	27.96727   	25.22841   	15.23716187
25/09/2011 	22.24846   	27.79179   	25.25267   	15.28601748
26/09/2011 	21.87687   	26.85295   	25.15529   	15.43643073
27/09/2011 	21.75614   	26.93943   	24.98953   	15.63248334
28/09/2011 	21.92703   	26.34178   	24.90000   	15.88602114
29/09/2011 	22.24527   	25.95302   	24.71617   	16.24171364
30/09/2011 	21.04427   	25.48439   	24.30812   	16.57027483
01/10/2011 	20.67522   	25.27768   	23.98612   	16.87556199
02/10/2011 	20.30842   	25.19804   	23.79694   	17.18936801
03/10/2011 	21.34706   	25.06223   	23.89293   	17.34874050
04/10/2011 	22.56972   	26.38834   	24.39333   	17.28899360
05/10/2011 	22.53451   	26.17496   	24.08753   	17.01600206
06/10/2011 	24.54145   	27.16230   	26.13534   	16.78554567
07/10/2011 	23.16210   	28.08104   	25.49839   	15.65685117
08/10/2011 	23.52592   	29.16666   	26.23798   	13.34309246
09/10/2011 	22.89756   	28.31395   	25.99538   	12.68450435
10/10/2011 	23.59060   	26.80255   	25.72577   	13.46479626
11/10/2011 	23.07386   	26.77935   	25.46564   	13.73195847
12/10/2011 	22.30068   	26.70615   	24.51943   	13.61087408
13/10/2011 	22.46789   	25.93594   	24.56032   	13.30700831
14/10/2011 	22.36465   	25.91073   	24.57126   	12.93852627
15/10/2011 	21.37237   	24.89106   	23.93686   	12.50458537
16/10/2011 	22.32520   	23.88377   	23.23252   	12.11827324
17/10/2011 	21.45487   	24.07535   	22.73048   	12.19243419
18/10/2011 	21.13895   	26.92892   	23.77896   	12.76073293
19/10/2011 	20.16141   	26.86449   	23.22633   	12.07951971
20/10/2011 	20.56613   	25.05810   	22.69963   	10.81695507
21/10/2011 	21.44298   	24.78204   	22.94654   	10.62784982
22/10/2011 	20.97152   	25.99835   	23.75009   	11.09665142
23/10/2011 	22.26968   	25.83603   	24.13914   	10.93907082
24/10/2011 	22.44719   	25.86673   	24.29658   	10.59033642
25/10/2011 	23.37933   	24.78952   	24.29047   	10.30712402
26/10/2011 	23.73419   	26.24234   	24.96579   	10.39610747
27/10/2011 	24.42639   	27.15221   	25.55473   	10.55647669
28/10/2011 	24.44966   	27.38437   	25.79216   	10.67923939
29/10/2011 	24.29146   	26.55074   	25.42292   	10.69805737
30/10/2011 	24.23134   	26.94745   	25.68165   	11.03687336
31/10/2011 	24.63004   	26.75181   	25.66436   	11.37361288
01/11/2011 	24.78045   	27.68053   	25.80798   	11.52056326
02/11/2011 	24.49016   	28.00176   	25.80705   	11.64394800
03/11/2011 	24.77674   	27.02758   	26.03772   	11.71520283
04/11/2011 	25.28341   	27.32691   	26.36476   	11.99375021
05/11/2011 	25.49751   	27.77964   	26.51245   	12.13220340
06/11/2011 	25.22556   	27.65031   	26.32944   	12.09182056
07/11/2011 	24.00433   	27.06271   	25.70277   	11.83077629
08/11/2011 	23.55553   	26.33488   	25.56762   	11.47596331
09/11/2011 	23.75786   	26.34543   	25.67738   	11.24130682
10/11/2011 	23.53594   	26.94739   	25.70128   	10.99465170
11/11/2011 	23.71484   	27.06741   	25.92791   	10.61894486
12/11/2011 	24.79604   	27.75569   	26.27371   	10.11014821
13/11/2011 	24.40531   	28.43017   	26.38596   	 9.72735236
14/11/2011 	24.23012   	27.83803   	25.88983   	 8.92421567
15/11/2011 	23.79185   	27.87281   	26.08685   	 8.40307091
16/11/2011 	23.72237   	27.49480   	26.17105   	 7.92786845
17/11/2011 	25.30924   	27.90496   	26.69658   	 7.85676045
18/11/2011 	26.00511   	28.21771   	27.00291   	 7.95977477
19/11/2011 	25.98136   	29.06031   	27.32386   	 7.99763270
20/11/2011 	25.61686   	28.93447   	27.31070   	 7.90345595
21/11/2011 	25.26517   	29.01748   	27.28756   	 7.72398036
22/11/2011 	24.68339   	29.18665   	27.34610   	 7.60850584
23/11/2011 	24.52328   	28.98623   	27.18928   	 7.56349399
24/11/2011 	24.75320   	29.18929   	27.45292   	 7.83319704
25/11/2011 	25.99598   	29.86180   	28.02306   	 8.21083170
26/11/2011 	26.43750   	28.99278   	27.93002   	 8.17608310
27/11/2011 	26.37944   	30.90423   	28.57224   	 8.67290268
28/11/2011 	26.27626   	29.22903   	27.75741   	 8.33933262
29/11/2011 	26.11111   	30.47943   	28.10371   	 8.36115093
30/11/2011 	25.16048   	30.50914   	28.74303   	 8.45710458
01/12/2011 	24.73866   	27.33035   	26.24876   	 8.35775445
02/12/2011 	25.08769   	27.85006   	26.27878   	 8.28500143
03/12/2011 	25.62170   	27.06461   	26.57493   	 8.29269180
04/12/2011 	23.66460   	27.37620   	25.74274   	 7.83696858
05/12/2011 	24.63721   	26.47190   	25.25864   	 7.37274402
06/12/2011 	24.72156   	25.59286   	25.17379   	 6.78719742
07/12/2011 	24.84836   	26.02691   	25.47680   	 6.51519656
08/12/2011 	25.17241   	26.24105   	25.67763   	 6.19176412
09/12/2011 	25.86856   	27.38624   	26.59963   	 6.32859128
10/12/2011 	25.99752   	27.46643   	26.79184   	 6.05543914
11/12/2011 	25.57063   	27.29945   	26.60772   	 5.88803194
12/12/2011 	25.06505   	27.97540   	26.90536   	 6.12969015
13/12/2011 	24.15096   	28.40050   	27.55534   	 6.41737510
14/12/2011 	25.35131   	28.92728   	27.83719   	 6.48763445
15/12/2011 	25.36828   	29.04905   	28.39156   	 6.63364049
16/12/2011 	25.83914   	29.04051   	28.07482   	 6.31781719
17/12/2011 	25.71296   	28.65626   	27.17103   	 5.67037190
18/12/2011 	24.86344   	28.35007   	26.49915   	 5.08228660
19/12/2011 	21.56047   	27.41269   	25.51986   	 4.74690423
20/12/2011 	23.58815   	26.72078   	25.40310   	 4.80125529
21/12/2011 	20.26625   	27.13627   	24.33950   	 4.69650727
22/12/2011 	20.48915   	25.29441   	23.87841   	 4.86235500
23/12/2011 	19.12360   	24.51517   	23.07063   	 5.20539227
24/12/2011 	20.18275   	25.31242   	22.63573   	 5.39573543
25/12/2011 	18.69503   	24.19861   	21.60554   	 5.55246687
26/12/2011 	17.41399   	25.58492   	21.95137   	 5.98559360
27/12/2011 	16.03864   	26.14186   	21.61757   	 6.26477220
28/12/2011 	16.78598   	25.92159   	21.22556   	 6.28394735
29/12/2011 	21.95024   	26.48279   	24.27530   	 6.19742082
30/12/2011 	18.23100   	25.83662   	21.91979   	 5.74614909
