date	smin	smax	smean	tmean
01/01/2009 	18.53073   	23.84951   	20.60241   	 1.36926473
02/01/2009 	19.89774   	23.59102   	21.09510   	 1.22712381
03/01/2009 	19.16843   	23.77721   	21.75769   	 1.25668088
04/01/2009 	20.14445   	28.20811   	23.56352   	 1.77859069
05/01/2009 	20.06155   	26.74957   	23.85631   	 1.40878093
06/01/2009 	19.57552   	23.60955   	22.23861   	 0.56135884
07/01/2009 	21.00600   	23.81684   	22.59153   	 0.85195345
08/01/2009 	21.23524   	23.08137   	22.34635   	 0.52250388
09/01/2009 	19.45087   	23.36631   	22.01046   	 0.42695094
10/01/2009 	20.62523   	23.29727   	22.10282   	 0.06670158
11/01/2009 	20.88494   	24.24611   	22.82483   	 0.53048279
12/01/2009 	23.30184   	28.31422   	24.58886   	 1.47516948
13/01/2009 	21.96629   	29.51524   	25.80416   	 2.23949795
14/01/2009 	24.11468   	28.33447   	25.71741   	 2.46329826
15/01/2009 	23.35324   	27.80935   	24.74742   	 2.19766646
16/01/2009 	21.39535   	25.50045   	23.21498   	 1.91950848
17/01/2009 	21.87127   	25.58280   	23.60444   	 2.20722043
18/01/2009 	22.00452   	27.30108   	24.39418   	 2.83127647
19/01/2009 	22.38268   	28.89969   	25.34065   	 2.89239254
20/01/2009 	26.82716   	29.12529   	27.67636   	 2.99072840
21/01/2009 	25.49257   	28.69454   	27.07051   	 2.79082123
22/01/2009 	24.98294   	29.47444   	27.85832   	 2.60848892
23/01/2009 	22.85557   	29.48486   	27.72650   	 2.66736277
24/01/2009 	27.05807   	28.85254   	27.91908   	 2.79923720
25/01/2009 	26.34630   	28.03466   	27.20482   	 2.75582753
26/01/2009 	26.22891   	27.70042   	26.76470   	 2.48133522
27/01/2009 	25.03516   	27.33146   	26.64062   	 2.13011850
28/01/2009 	24.48525   	26.44939   	25.65698   	 1.58621693
29/01/2009 	21.99959   	25.55615   	24.20229   	 1.23499555
30/01/2009 	19.31870   	24.59459   	22.67034   	 0.89975714
31/01/2009 	17.48018   	24.45922   	21.67580   	 0.63465896
01/02/2009 	17.61922   	23.91711   	21.10995   	 0.03472152
02/02/2009 	18.42320   	23.56397   	21.03870   	-0.31995134
03/02/2009 	21.71541   	24.45951   	23.10702   	 0.55893625
04/02/2009 	22.42577   	24.78465   	23.85805   	 0.79774363
05/02/2009 	23.16726   	24.94017   	23.91341   	 0.93667869
06/02/2009 	22.12081   	25.66582   	24.10630   	 1.30987382
07/02/2009 	23.20865   	25.68297   	24.15424   	 1.42925290
08/02/2009 	22.69133   	25.61144   	24.11531   	 1.42841978
09/02/2009 	21.70465   	25.08332   	23.51403   	 1.47109259
10/02/2009 	22.33868   	25.49739   	23.75725   	 1.63071562
11/02/2009 	22.70008   	24.92210   	24.02697   	 1.83328682
12/02/2009 	23.26898   	25.93655   	24.86188   	 2.03433343
13/02/2009 	23.30033   	26.12500   	25.06855   	 2.20635512
14/02/2009 	21.57673   	25.92009   	24.62766   	 2.05961024
15/02/2009 	18.46208   	25.56243   	23.13786   	 2.01278839
16/02/2009 	21.22778   	25.08871   	23.03954   	 2.38132447
17/02/2009 	20.34971   	25.64473   	23.20870   	 2.81988215
18/02/2009 	17.94748   	22.76243   	21.40270   	 2.68401432
19/02/2009 	17.48257   	21.68800   	20.49662   	 2.54430662
20/02/2009 	20.70575   	21.48758   	21.11674   	 2.83410657
21/02/2009 	15.61742   	22.06824   	20.52719   	 3.03735812
22/02/2009 	16.98560   	23.03427   	20.57453   	 3.27707406
23/02/2009 	19.05325   	25.12725   	21.82639   	 3.89785408
24/02/2009 	18.16760   	24.75715   	21.61638   	 4.08801049
25/02/2009 	15.47753   	22.78282   	19.88922   	 4.14016890
26/02/2009 	16.89409   	21.30443   	19.50913   	 4.27369142
27/02/2009 	16.85390   	23.82661   	19.53510   	 4.77291017
28/02/2009 	16.17484   	24.44818   	20.26209   	 5.13414322
01/03/2009 	18.01999   	23.18165   	20.75794   	 5.15466432
02/03/2009 	18.60777   	22.09301   	20.78640   	 5.27369591
03/03/2009 	17.83447   	21.90177   	19.77412   	 5.21908100
04/03/2009 	18.61538   	21.44311   	19.97563   	 4.90783095
05/03/2009 	18.25648   	22.99240   	21.00226   	 4.82087714
06/03/2009 	18.48029   	22.21332   	20.22030   	 4.87684539
07/03/2009 	19.11332   	22.05494   	19.95506   	 4.75365320
08/03/2009 	18.21236   	23.33937   	20.81735   	 4.98972561
09/03/2009 	17.13010   	24.45543   	21.68213   	 4.91011444
10/03/2009 	18.82407   	24.83550   	21.20774   	 4.91355411
11/03/2009 	20.18497   	23.51677   	21.30781   	 4.90885400
12/03/2009 	19.81493   	23.46041   	21.22596   	 5.14035734
13/03/2009 	19.28988   	23.49350   	21.24746   	 5.34951420
14/03/2009 	19.63585   	22.41785   	20.97372   	 5.62157691
15/03/2009 	19.54582   	23.51080   	21.42987   	 5.86439138
16/03/2009 	16.56763   	23.11133   	21.04816   	 6.19693049
17/03/2009 	17.81987   	22.10239   	20.14074   	 6.44541373
18/03/2009 	16.07347   	20.44938   	18.81706   	 6.51876671
19/03/2009 	16.77351   	19.96400   	18.00814   	 6.53329820
20/03/2009 	15.25549   	19.82467   	16.55981   	 6.36433517
21/03/2009 	14.51799   	20.48232   	17.01856   	 6.48261359
22/03/2009 	14.01611   	20.10604   	17.00885   	 6.53641450
23/03/2009 	14.38343   	20.47037   	17.62013   	 6.64547243
24/03/2009 	15.57484   	24.03195   	19.45855   	 6.58673970
25/03/2009 	14.73025   	22.70211   	19.77195   	 6.45602444
26/03/2009 	17.08928   	20.72812   	18.92290   	 6.49470668
27/03/2009 	15.43731   	21.93394   	18.75049   	 6.45117982
28/03/2009 	15.68971   	24.34161   	18.65044   	 6.34345450
29/03/2009 	17.01793   	22.39725   	19.03358   	 6.36113408
30/03/2009 	17.22305   	21.58653   	18.69658   	 6.22237210
31/03/2009 	16.89759   	21.29069   	18.90646   	 6.48895729
01/04/2009 	17.97238   	21.62554   	19.36749   	 6.85999140
02/04/2009 	16.01046   	21.64205   	18.70882   	 7.33881529
03/04/2009 	15.52086   	21.22260   	18.05603   	 7.83044453
04/04/2009 	15.98789   	21.11856   	18.16005   	 8.09042522
05/04/2009 	16.69419   	22.46281   	19.09061   	 8.22184772
06/04/2009 	15.85864   	23.01379   	19.12348   	 8.37360093
07/04/2009 	16.05249   	22.78042   	19.48869   	 8.64310475
08/04/2009 	17.57633   	23.01110   	20.26342   	 8.59987978
09/04/2009 	18.96792   	23.01486   	20.89050   	 8.65079868
10/04/2009 	18.75800   	23.67525   	20.77847   	 9.13837526
11/04/2009 	18.39841   	23.43644   	21.41582   	 9.34566615
12/04/2009 	17.91708   	23.25295   	20.92887   	 9.76371336
13/04/2009 	18.38238   	23.00317   	20.83776   	10.08612001
14/04/2009 	19.35566   	23.14737   	21.22972   	10.38830040
15/04/2009 	19.13471   	23.18365   	21.25391   	10.80306607
16/04/2009 	19.94301   	23.38596   	21.55867   	11.11639579
17/04/2009 	19.27915   	23.33498   	21.60246   	11.16613285
18/04/2009 	19.57974   	23.85211   	21.21827   	11.07840232
19/04/2009 	19.25677   	22.80175   	20.85861   	11.08686930
20/04/2009 	19.40335   	23.86720   	21.20318   	11.43370843
21/04/2009 	18.82185   	24.04482   	21.27135   	11.70248155
22/04/2009 	19.02568   	24.70642   	21.77026   	11.68448573
23/04/2009 	20.77604   	23.95005   	22.15480   	11.89591285
24/04/2009 	21.52206   	23.93611   	22.85251   	12.15171643
25/04/2009 	21.58871   	24.42709   	23.18671   	12.26320382
26/04/2009 	22.22162   	25.06593   	23.51738   	12.42775826
27/04/2009 	22.23493   	25.04743   	23.61325   	12.55382385
28/04/2009 	22.83988   	25.12040   	23.82890   	12.56979644
29/04/2009 	22.61843   	25.20556   	23.75006   	12.72340862
30/04/2009 	22.47953   	25.44026   	23.68972   	12.95924564
01/05/2009 	22.57273   	25.36665   	23.87134   	13.43266137
02/05/2009 	23.21561   	25.22611   	24.16845   	13.70037844
03/05/2009 	22.17004   	25.31679   	23.94920   	13.66688202
04/05/2009 	22.92826   	25.69125   	24.07474   	13.14288898
05/05/2009 	20.67087   	25.61717   	23.71694   	12.86163586
06/05/2009 	17.84960   	24.50584   	22.57524   	12.82700402
07/05/2009 	19.86566   	24.90422   	21.94364   	12.82404886
08/05/2009 	20.90528   	25.73829   	22.83785   	12.78573434
09/05/2009 	21.79641   	25.82426   	23.41851   	12.65016850
10/05/2009 	21.91770   	25.71423   	23.38219   	12.93921051
11/05/2009 	21.00345   	24.72767   	22.43742   	12.86831397
12/05/2009 	21.87338   	24.61809   	23.04434   	12.37750079
13/05/2009 	22.82076   	25.08457   	24.05854   	12.36544128
14/05/2009 	23.50184   	25.75994   	24.49352   	12.55540937
15/05/2009 	23.03708   	25.97799   	24.53590   	12.76004380
16/05/2009 	23.32587   	26.15760   	25.01766   	13.02099691
17/05/2009 	24.02636   	26.22118   	25.03041   	13.30704317
18/05/2009 	24.81916   	27.24042   	25.75940   	13.25333138
19/05/2009 	21.11457   	26.72575   	25.02735   	13.21032284
20/05/2009 	20.76500   	27.04982   	24.71068   	13.51054289
21/05/2009 	24.40220   	27.19390   	25.27689   	13.86405631
22/05/2009 	24.09808   	27.02360   	25.28799   	14.12051098
23/05/2009 	24.36486   	26.58273   	25.21242   	14.63692230
24/05/2009 	24.77656   	26.66789   	25.44725   	15.24563239
25/05/2009 	24.90660   	26.51167   	25.55931   	16.02944126
26/05/2009 	25.12100   	26.51723   	25.86726   	16.30945692
27/05/2009 	25.94333   	26.44548   	26.26493   	15.64486031
28/05/2009 	24.32886   	26.69242   	25.89455   	15.69331553
29/05/2009 	24.74238   	26.99802   	25.68770   	16.05811346
30/05/2009 	23.38217   	26.94440   	25.54112   	16.02052921
31/05/2009 	21.67791   	26.21402   	24.62007   	16.17320957
01/06/2009 	21.50331   	26.27275   	23.85250   	16.60718177
02/06/2009 	23.35197   	26.24204   	24.75958   	16.64388867
03/06/2009 	24.24195   	30.12528   	26.69569   	15.92350650
04/06/2009 	24.61833   	30.68397   	27.87145   	14.72696261
05/06/2009 	24.81757   	30.88946   	27.88383   	14.03130186
06/06/2009 	26.38292   	31.19524   	28.40050   	13.75419877
07/06/2009 	26.98359   	30.72437   	28.66321   	13.80103602
08/06/2009 	26.36121   	30.16448   	28.13541   	14.47962099
09/06/2009 	27.39759   	29.68441   	27.99608   	15.02834046
10/06/2009 	27.07309   	28.19612   	27.69038   	15.36354526
11/06/2009 	27.17893   	29.22373   	28.11450   	15.52564583
12/06/2009 	27.71598   	29.08423   	28.34544   	15.69124871
13/06/2009 	25.89712   	28.97549   	28.06477   	15.86892253
14/06/2009 	24.61910   	28.27645   	27.21426   	16.34929681
15/06/2009 	26.41810   	27.65264   	26.93100   	16.79487352
16/06/2009 	25.08357   	27.77033   	26.61143   	16.83261792
17/06/2009 	23.90225   	27.21907   	25.63423   	16.94841496
18/06/2009 	24.80702   	27.54696   	26.43826   	17.13401985
19/06/2009 	25.15881   	27.19080   	26.53436   	17.04179859
20/06/2009 	25.53154   	28.75759   	26.95197   	16.88377031
21/06/2009 	26.23631   	29.37341   	27.52093   	16.62316664
22/06/2009 	26.37101   	28.78843   	27.74079   	16.29493322
23/06/2009 	24.99895   	28.25216   	27.29864   	16.66868893
24/06/2009 	23.69770   	28.50573   	26.31858   	17.20498689
25/06/2009 	24.47044   	28.66530   	26.56418   	17.64726369
26/06/2009 	25.57073   	28.71111   	26.97245   	18.15768719
27/06/2009 	25.59528   	28.73269   	27.19355   	18.67369099
28/06/2009 	25.29926   	28.81829   	27.34135   	19.21332312
29/06/2009 	25.06404   	28.87029   	27.26916   	20.02964445
30/06/2009 	24.52026   	28.96717   	27.06700   	20.78922005
01/07/2009 	24.81125   	28.86654   	26.98544   	21.26239471
02/07/2009 	25.39847   	28.73672   	27.12971   	21.45647601
03/07/2009 	25.97133   	28.98257   	27.54110   	21.66424072
04/07/2009 	27.08808   	28.83418   	28.08209   	21.84842753
05/07/2009 	26.98027   	28.72713   	27.95926   	22.16610932
06/07/2009 	27.21521   	28.84668   	28.09420   	21.91220220
07/07/2009 	25.64692   	28.45009   	27.67721   	20.95009597
08/07/2009 	26.66701   	28.45213   	27.68785   	20.59657156
09/07/2009 	27.24162   	29.42584   	28.17401   	19.51678781
10/07/2009 	26.94706   	32.10310   	28.88192   	17.30049996
11/07/2009 	25.92054   	32.19262   	29.18690   	16.46859688
12/07/2009 	22.25263   	31.57104   	27.73951   	17.11727899
13/07/2009 	21.26001   	28.28175   	25.86251   	17.91799140
14/07/2009 	23.70476   	28.10432   	25.62639   	18.64508390
15/07/2009 	24.20929   	28.30059   	25.58737   	19.31647440
16/07/2009 	21.69334   	26.01459   	24.94556   	19.26962833
17/07/2009 	23.81199   	26.46063   	24.88374   	19.37788280
18/07/2009 	20.82862   	27.00471   	24.72664   	19.26403193
19/07/2009 	22.17598   	27.11208   	25.02220   	19.04382010
20/07/2009 	23.93886   	28.03003   	25.82113   	19.16278839
21/07/2009 	21.61585   	27.47177   	25.09483   	19.15256131
22/07/2009 	24.01136   	27.39938   	25.22256   	19.36750265
23/07/2009 	24.13453   	27.13710   	25.19117   	19.38418663
24/07/2009 	24.13614   	27.05597   	25.17182   	19.23811241
25/07/2009 	24.40987   	27.25212   	25.30158   	19.22081073
26/07/2009 	22.40524   	26.89372   	24.94154   	19.04688911
27/07/2009 	22.37560   	26.16046   	24.66042   	19.28487579
28/07/2009 	21.84839   	25.72435   	24.35599   	19.33287581
29/07/2009 	22.59580   	25.74151   	24.31675   	19.43709822
30/07/2009 	22.43596   	25.47661   	24.26929   	19.53136881
31/07/2009 	20.20166   	24.54137   	23.45492   	18.99092468
01/08/2009 	22.05706   	24.53943   	23.36752   	18.70034544
02/08/2009 	22.78961   	24.80989   	23.72099   	19.14426053
03/08/2009 	21.48448   	24.42064   	23.44173   	19.14409816
04/08/2009 	22.92570   	25.24279   	23.85002   	19.34568012
05/08/2009 	23.34926   	25.52809   	24.19877   	19.74097323
06/08/2009 	23.77840   	25.47324   	24.53710   	20.27083802
07/08/2009 	24.01383   	25.11384   	24.72087   	20.60421590
08/08/2009 	22.97503   	25.40388   	24.57396   	20.84098291
09/08/2009 	23.12568   	25.80673   	24.86836   	20.81304042
10/08/2009 	23.58585   	25.97741   	25.07257   	20.77860789
11/08/2009 	24.75323   	25.94385   	25.37437   	20.89420323
12/08/2009 	24.89731   	26.36486   	25.71832   	20.78040234
13/08/2009 	25.02893   	27.65402   	26.26886   	20.57284133
14/08/2009 	23.07513   	28.04216   	26.45652   	20.35402493
15/08/2009 	23.21992   	27.03744   	25.53493   	20.11193252
16/08/2009 	21.87876   	25.75748   	24.85112   	20.32916613
17/08/2009 	23.22575   	25.84543   	24.75414   	20.33176613
18/08/2009 	23.79914   	27.05786   	25.01779   	20.12452833
19/08/2009 	23.92039   	27.48724   	25.38961   	20.08997607
20/08/2009 	24.60390   	27.32917   	25.54396   	20.24963280
21/08/2009 	24.94151   	26.01060   	25.43557   	20.31563310
22/08/2009 	25.26400   	27.96345   	25.95042   	20.12242583
23/08/2009 	25.71222   	27.89301   	26.52853   	19.90579065
24/08/2009 	25.80568   	27.14917   	26.52083   	19.83401847
25/08/2009 	26.26048   	26.94848   	26.52875   	20.30217775
26/08/2009 	26.05943   	26.78948   	26.46234   	19.81100074
27/08/2009 	25.78967   	26.58170   	26.21418   	19.55070174
28/08/2009 	25.22642   	26.49701   	26.04003   	19.39027599
29/08/2009 	25.43379   	26.76068   	25.96857   	18.80406253
30/08/2009 	23.74231   	26.05041   	24.93023   	17.99817300
31/08/2009 	22.89179   	26.64634   	24.64749   	17.87652079
01/09/2009 	23.26727   	27.08114   	25.35657   	18.14029113
02/09/2009 	24.36230   	28.78081   	26.82014   	18.01433090
03/09/2009 	25.25736   	29.56415   	28.31840   	18.02106742
04/09/2009 	27.00315   	29.67482   	28.89493   	17.26832048
05/09/2009 	27.34945   	29.38164   	28.51179   	16.74472996
06/09/2009 	27.08385   	29.29497   	28.18320   	16.36424983
07/09/2009 	26.42500   	29.01445   	27.77540   	16.12365965
08/09/2009 	26.80411   	28.76866   	27.50130   	16.41392855
09/09/2009 	27.02698   	28.80236   	27.85009   	16.73134780
10/09/2009 	26.33553   	28.69184   	27.90841   	16.67873180
11/09/2009 	27.54379   	28.53501   	28.06800   	16.19898627
12/09/2009 	27.56800   	28.64068   	28.11309   	15.99850810
13/09/2009 	27.71234   	29.58457   	28.67397   	16.18948927
14/09/2009 	28.32911   	29.63636   	29.17895   	15.87555154
15/09/2009 	28.22899   	29.62844   	28.89549   	15.68599017
16/09/2009 	28.29287   	29.08795   	28.80373   	15.83609209
17/09/2009 	28.52073   	29.55480   	28.97697   	15.71386033
18/09/2009 	28.80093   	29.85287   	29.37828   	15.55716465
19/09/2009 	29.15045   	29.85968   	29.49455   	15.67623363
20/09/2009 	29.33912   	29.86935   	29.59524   	15.93455352
21/09/2009 	29.54036   	30.10550   	29.81338   	16.06890450
22/09/2009 	29.50749   	30.41334   	29.82393   	16.20550899
23/09/2009 	29.42361   	31.40995   	30.14560   	16.37899017
24/09/2009 	29.58051   	31.50780   	30.44914   	16.20050305
25/09/2009 	29.72739   	31.79111   	30.61051   	16.01797676
26/09/2009 	28.76571   	31.77310   	30.45505   	15.98945669
27/09/2009 	29.05593   	31.85734   	30.40797   	16.13642959
28/09/2009 	29.44506   	32.14224   	30.68458   	16.31335251
29/09/2009 	29.19089   	32.32008   	30.66620   	16.36660127
30/09/2009 	27.63395   	32.29045   	30.05197   	16.13687038
01/10/2009 	28.67724   	32.28802   	30.13220   	15.74755605
02/10/2009 	28.96507   	32.46993   	30.43467   	14.75348574
03/10/2009 	26.07818   	32.47543   	29.33661   	14.68167927
04/10/2009 	24.12553   	28.36489   	27.12167   	14.03159233
05/10/2009 	23.97716   	28.72432   	26.75717   	13.26694791
06/10/2009 	25.37723   	28.26424   	26.50997   	13.36024696
07/10/2009 	25.54204   	28.25009   	26.41853   	14.04511430
08/10/2009 	25.65507   	27.71459   	26.35912   	13.84112996
09/10/2009 	25.82864   	28.29923   	26.84505   	13.09974480
10/10/2009 	25.74135   	27.90576   	26.99083   	12.30115952
11/10/2009 	23.53126   	27.57225   	26.92574   	12.77133920
12/10/2009 	27.18129   	29.76025   	28.22683   	11.99758907
13/10/2009 	26.59400   	30.53660   	28.47427   	11.06914022
14/10/2009 	23.97773   	28.49511   	26.91604   	10.74600299
15/10/2009 	25.98247   	28.46753   	27.17465   	10.20478388
16/10/2009 	25.54737   	33.09045   	29.39301   	10.51826239
17/10/2009 	27.52230   	33.41174   	30.99867   	10.81447037
18/10/2009 	27.78988   	31.75507   	30.13109   	10.00523678
19/10/2009 	27.74569   	31.28798   	29.35600   	10.09437257
20/10/2009 	26.76651   	29.39967   	28.16303   	 9.29847344
21/10/2009 	25.94662   	28.36067   	27.41665   	 8.92011060
22/10/2009 	23.20546   	28.13013   	26.94572   	 8.84078715
23/10/2009 	26.17842   	28.26525   	27.55421   	 9.18692861
24/10/2009 	26.80834   	28.73019   	27.67966   	 9.70022509
25/10/2009 	27.81657   	28.76852   	28.36595   	10.53030791
26/10/2009 	28.46014   	29.06697   	28.71390   	10.84482020
27/10/2009 	28.02646   	28.79234   	28.55277   	10.98667526
28/10/2009 	24.94343   	28.87574   	27.97264   	11.11296999
29/10/2009 	27.33200   	30.09138   	28.39686   	11.40675225
30/10/2009 	27.78616   	29.05861   	28.33465   	11.45548954
31/10/2009 	26.90806   	28.94310   	28.07401   	11.15255046
01/11/2009 	27.21878   	29.12115   	28.24991   	11.43667964
02/11/2009 	27.65661   	28.91286   	28.37802   	11.58147502
03/11/2009 	26.73664   	29.12796   	28.25396   	11.03630219
04/11/2009 	25.56832   	29.78677   	28.35284   	10.93499653
05/11/2009 	27.22572   	29.86772   	28.29181   	10.56789635
06/11/2009 	27.61989   	29.89459   	28.35433   	10.47757196
07/11/2009 	23.61737   	30.33735   	28.59760   	10.50237689
08/11/2009 	26.82406   	30.00329   	27.98051   	10.05177250
09/11/2009 	26.83880   	29.02998   	27.74431   	 9.42947610
10/11/2009 	26.64250   	29.04350   	27.81591   	 9.27059851
11/11/2009 	26.37465   	29.09518   	27.59669   	 9.10501160
12/11/2009 	26.43498   	28.75368   	27.48238   	 8.86563190
13/11/2009 	20.25248   	28.50848   	26.44173   	 9.60340852
14/11/2009 	22.31439   	29.06354   	27.05590   	10.18258677
15/11/2009 	24.55878   	30.13271   	28.16305   	10.42048591
16/11/2009 	25.10407   	30.01368   	27.65985   	10.38864940
17/11/2009 	24.74319   	30.16820   	27.91293   	10.43458192
18/11/2009 	25.21875   	30.51354   	29.20987   	10.56865108
19/11/2009 	24.90008   	29.92405   	28.67412   	10.50205088
20/11/2009 	26.68856   	30.04696   	28.80993   	10.34382963
21/11/2009 	25.35523   	29.57045   	28.49463   	10.58221491
22/11/2009 	26.71840   	30.13950   	28.57855   	10.70907323
23/11/2009 	29.17897   	30.15376   	29.92154   	10.56913604
24/11/2009 	27.78350   	30.09251   	29.35432   	10.39552448
25/11/2009 	29.92513   	30.49953   	30.20686   	10.28281140
26/11/2009 	30.39083   	30.53481   	30.47322   	10.23030718
27/11/2009 	29.83595   	30.47562   	30.21942   	 9.66119661
28/11/2009 	29.46677   	30.13581   	29.74855   	 9.36100775
29/11/2009 	27.44332   	29.83469   	29.12284   	 9.12066833
30/11/2009 	25.22207   	29.49633   	28.60752   	 8.80130956
01/12/2009 	27.84535   	28.92129   	28.34177   	 8.11635448
02/12/2009 	25.27390   	28.47691   	27.42109   	 7.05919862
03/12/2009 	23.11428   	27.57178   	26.40562   	 7.65277279
04/12/2009 	21.22127   	26.97293   	25.18068   	 7.74872311
05/12/2009 	22.94379   	26.64923   	24.82335   	 7.48375993
06/12/2009 	24.01419   	27.56829   	24.89261   	 7.98001882
07/12/2009 	19.10180   	27.63632   	24.50340   	 7.97549121
08/12/2009 	22.99454   	27.66922   	25.01863   	 8.00191061
09/12/2009 	22.18243   	27.04336   	24.50775   	 7.76514721
10/12/2009 	23.53836   	26.85598   	24.88299   	 8.11903267
11/12/2009 	21.64747   	25.93419   	23.90183   	 8.09180190
12/12/2009 	17.64622   	24.68813   	22.51935   	 7.51816925
13/12/2009 	17.60337   	24.31049   	21.08336   	 6.58407163
14/12/2009 	18.43372   	23.62473   	20.56253   	 5.88096797
15/12/2009 	17.90079   	21.93629   	19.72211   	 4.93352940
16/12/2009 	17.79499   	22.05843   	19.73016   	 4.57681514
17/12/2009 	17.58922   	21.90850   	19.35369   	 4.21940057
18/12/2009 	14.08459   	22.51796   	18.93237   	 3.67854792
19/12/2009 	14.97962   	23.32252   	19.00488   	 3.24547483
20/12/2009 	20.11452   	23.93518   	22.38700   	 3.51287090
21/12/2009 	19.39903   	23.01532   	21.21755   	 2.95681880
22/12/2009 	20.28098   	25.03149   	21.76666   	 2.95177865
23/12/2009 	18.96844   	25.27101   	22.15101   	 3.17667090
24/12/2009 	21.00310   	25.45826   	22.69250   	 3.14561203
25/12/2009 	21.05564   	26.38515   	23.67323   	 3.40933634
26/12/2009 	22.00727   	24.40109   	23.09978   	 3.51049816
27/12/2009 	23.48769   	27.00524   	25.30494   	 4.17646565
28/12/2009 	24.59641   	28.35221   	26.38829   	 4.37722574
29/12/2009 	23.85911   	27.31183   	25.33858   	 3.69860806
30/12/2009 	20.23326   	27.31031   	24.46371   	 3.14974117
31/12/2009 	17.90516   	25.51151   	22.41222   	 2.71569354
01/01/2010 	17.11489   	24.63352   	21.12517   	 2.37241544
02/01/2010 	19.69954   	23.99244   	21.53555   	 2.16382036
03/01/2010 	17.31234   	24.07257   	21.04534   	 1.77916140
04/01/2010 	18.50501   	23.77403   	21.12568   	 1.60741163
05/01/2010 	19.50017   	23.64186   	21.30565   	 1.75779896
06/01/2010 	19.32139   	23.61416   	20.90148   	 1.69208574
07/01/2010 	18.82126   	23.80213   	20.85322   	 1.53030470
08/01/2010 	17.88917   	23.62993   	20.69188   	 1.09974718
09/01/2010 	13.00647   	21.78778   	16.86699   	 0.06356337
10/01/2010 	13.66321   	21.42717   	18.05973   	 0.36993749
11/01/2010 	14.08450   	23.20799   	19.51017   	 0.80006093
12/01/2010 	15.61539   	23.32293   	19.45018   	 0.73039334
13/01/2010 	13.58907   	23.33903   	18.92588   	 0.14208662
14/01/2010 	19.38062   	24.25595   	21.94317   	 0.67411417
15/01/2010 	19.38098   	23.41428   	21.79513   	 0.63960229
16/01/2010 	18.90701   	22.96402   	20.93063   	 0.56430933
17/01/2010 	20.51260   	25.68725   	22.84474   	 1.16559071
18/01/2010 	21.17195   	25.21068   	22.94568   	 1.41705400
19/01/2010 	19.38596   	23.91026   	22.25859   	 1.54174005
20/01/2010 	19.12495   	23.55632   	21.19736   	 1.34020063
21/01/2010 	19.84415   	23.90865   	21.50781   	 1.31245494
22/01/2010 	16.62465   	22.86547   	19.98645   	 0.95000704
23/01/2010 	18.69860   	22.61353   	20.59607   	 1.08446017
24/01/2010 	19.17240   	22.26567   	20.86119   	 1.00192702
25/01/2010 	19.32229   	22.97542   	21.41022   	 0.87009434
26/01/2010 	18.50427   	23.14729   	20.94591   	 0.09514445
27/01/2010 	18.03345   	24.32539   	21.44349   	 0.23913791
28/01/2010 	17.10609   	24.06395   	20.80261   	 0.67187989
29/01/2010 	19.68155   	25.88326   	22.39832   	 1.05809273
30/01/2010 	21.02293   	27.59935   	24.06770   	 1.09822727
31/01/2010 	22.07534   	26.28204   	23.94127   	 1.02732064
01/02/2010 	20.22805   	26.81113   	24.02537   	 1.06815743
02/02/2010 	21.14025   	26.31664   	23.47931   	 1.16164677
03/02/2010 	21.19311   	27.72798   	23.48449   	 1.23330214
04/02/2010 	20.89600   	26.58285   	23.30524   	 1.40008309
05/02/2010 	19.98810   	22.99802   	21.73940   	 1.63166317
06/02/2010 	19.42562   	22.63620   	21.32258   	 1.75599382
07/02/2010 	18.88564   	21.69176   	20.40976   	 1.66074384
08/02/2010 	17.60026   	22.56531   	19.82943   	 1.21406279
09/02/2010 	16.64088   	22.11504   	19.26031   	 0.64477690
10/02/2010 	13.87317   	21.81051   	18.09912   	 0.28149957
11/02/2010 	13.40843   	22.75080   	17.61679   	 0.03237432
12/02/2010 	17.91669   	23.36628   	20.11912   	-0.26487241
13/02/2010 	19.41329   	23.87408   	21.98430   	-0.41889083
14/02/2010 	20.81082   	23.91859   	22.67195   	-0.55066887
15/02/2010 	20.54820   	24.17960   	22.57888   	-0.81731873
16/02/2010 	19.25157   	22.14084   	21.15671   	-0.75506242
17/02/2010 	20.44827   	24.26308   	21.55049   	-0.40514836
18/02/2010 	20.71023   	23.98278   	21.89342   	-0.07019741
19/02/2010 	20.94324   	25.38807   	22.39980   	 0.60343324
20/02/2010 	22.58276   	25.36299   	23.53813   	 1.11984570
21/02/2010 	19.77174   	24.55461   	22.99306   	 1.02155760
22/02/2010 	19.51570   	25.02009   	22.95680   	 1.35532619
23/02/2010 	21.03468   	25.14741   	22.91211   	 1.44777945
24/02/2010 	20.41397   	24.74474   	22.94453   	 1.47435131
25/02/2010 	22.08728   	24.70683   	23.41570   	 2.01271018
26/02/2010 	21.92837   	26.38348   	24.04428   	 2.39785162
27/02/2010 	20.22693   	26.61454   	24.40212   	 2.56943557
28/02/2010 	22.78292   	27.90998   	24.77694   	 2.87546244
01/03/2010 	24.27519   	26.45054   	25.17093   	 3.03009735
02/03/2010 	23.45548   	26.32643   	24.57869   	 3.15304189
03/03/2010 	23.00485   	25.57595   	23.92320   	 3.11088477
04/03/2010 	18.88869   	25.00657   	23.07373   	 3.09006766
05/03/2010 	21.42902   	24.73927   	22.98059   	 3.04940027
06/03/2010 	17.87274   	26.70411   	23.26492   	 2.70125003
07/03/2010 	18.05192   	24.90299   	20.80081   	 2.05017182
08/03/2010 	18.34610   	21.61411   	20.62687   	 2.01159548
09/03/2010 	16.57408   	20.92628   	18.94101   	 1.74782780
10/03/2010 	16.92313   	19.89867   	18.03349   	 1.80751187
11/03/2010 	14.68323   	21.38734   	17.70794   	 1.97821213
12/03/2010 	14.85951   	21.94630   	18.22994   	 2.32520821
13/03/2010 	17.37332   	22.17598   	19.14789   	 2.63399448
14/03/2010 	17.76378   	24.82622   	20.65159   	 3.11356639
15/03/2010 	17.29962   	26.85245   	22.16461   	 3.63719773
16/03/2010 	16.78644   	27.43620   	21.68284   	 4.07874114
17/03/2010 	16.74840   	24.35876   	20.71091   	 4.31065319
18/03/2010 	17.52266   	23.13886   	20.56000   	 4.55874974
19/03/2010 	19.01793   	23.03270   	20.53866   	 4.99341087
20/03/2010 	17.07197   	23.93140   	20.81558   	 5.29649333
21/03/2010 	19.28809   	23.53189   	20.81609   	 5.73044313
22/03/2010 	19.85251   	23.27890   	20.77396   	 5.98007761
23/03/2010 	19.37068   	23.52690   	21.06853   	 6.12946427
24/03/2010 	19.43106   	22.62675   	20.60510   	 6.42393406
25/03/2010 	19.27983   	23.98824   	21.09545   	 6.69756090
26/03/2010 	19.55316   	23.78979   	21.56463   	 6.95427506
27/03/2010 	19.29019   	24.72884   	22.07977   	 6.90593522
28/03/2010 	20.86074   	24.51579   	22.69284   	 6.93487928
29/03/2010 	20.25595   	24.48485   	22.37125   	 7.20566533
30/03/2010 	19.81162   	25.20300   	22.27905   	 7.50254549
31/03/2010 	21.26058   	26.23468   	23.92370   	 7.04234510
01/04/2010 	24.04891   	26.76245   	24.96302   	 6.62146802
02/04/2010 	24.09952   	26.95344   	24.89090   	 6.49175804
03/04/2010 	23.96996   	26.96512   	25.16271   	 6.70523738
04/04/2010 	23.70956   	26.84791   	25.24283   	 6.97824118
05/04/2010 	23.51227   	26.39944   	24.89289   	 7.14056167
06/04/2010 	22.80972   	26.39093   	24.39603   	 7.38917766
07/04/2010 	22.13597   	26.69464   	24.11612   	 7.76980286
08/04/2010 	20.11028   	25.56207   	23.27169   	 8.26533277
09/04/2010 	19.54955   	25.53326   	22.56768   	 8.72171255
10/04/2010 	18.78430   	25.58978   	22.18388   	 8.90948081
11/04/2010 	17.57821   	24.23952   	21.00512   	 8.91346560
12/04/2010 	17.52250   	24.27543   	20.63252   	 8.73901659
13/04/2010 	19.30739   	24.16838   	21.44398   	 8.57264920
14/04/2010 	21.48171   	24.03417   	22.38597   	 8.58921460
15/04/2010 	21.94209   	24.25860   	22.96324   	 8.66379756
16/04/2010 	22.56460   	24.70905   	23.64375   	 8.79439344
17/04/2010 	22.32141   	25.58802   	24.11850   	 9.02354842
18/04/2010 	21.97657   	26.23483   	24.27888   	 9.49084808
19/04/2010 	23.38667   	26.03766   	24.76231   	 9.75153003
20/04/2010 	24.08226   	25.56970   	25.06291   	 9.73290344
21/04/2010 	23.46528   	29.48569   	26.48973   	 9.13791116
22/04/2010 	22.86782   	29.54290   	26.60167   	 8.78918066
23/04/2010 	23.00236   	28.80322   	25.93043   	 9.09969181
24/04/2010 	24.28757   	27.59115   	25.50999   	 9.52901508
25/04/2010 	23.82253   	26.41928   	25.14936   	 9.80344844
26/04/2010 	24.76957   	25.91889   	25.36311   	10.11949301
27/04/2010 	23.32574   	26.39489   	25.32661   	10.56610537
28/04/2010 	22.68088   	26.67367   	25.01754   	11.07237150
29/04/2010 	23.20240   	27.20428   	25.65715   	11.40526756
30/04/2010 	24.12477   	27.33105   	25.96414   	11.71507432
01/05/2010 	25.28243   	26.96572   	26.10756   	11.90812627
02/05/2010 	22.77083   	27.44349   	25.73417   	11.92868727
03/05/2010 	18.77764   	29.27353   	25.24283   	10.20539818
04/05/2010 	22.67472   	30.15429   	27.49501   	 9.54245915
05/05/2010 	23.89386   	30.14730   	27.27425   	 9.82668751
06/05/2010 	24.80187   	29.56746   	27.26434   	 9.77219182
07/05/2010 	24.79072   	27.46361   	26.10002   	 9.45151021
08/05/2010 	24.13252   	27.18246   	25.33836   	 9.64157605
09/05/2010 	23.85670   	27.38324   	25.40110   	 9.80681346
10/05/2010 	23.42033   	27.59855   	25.37063   	 9.96435493
11/05/2010 	23.89680   	27.62247   	25.58801   	 9.93679663
12/05/2010 	24.38266   	28.50372   	26.62195   	 9.28345046
13/05/2010 	24.36018   	30.29035   	27.95466   	 9.03928185
14/05/2010 	25.03786   	29.64559   	27.65069   	 9.40449131
15/05/2010 	26.02262   	28.84636   	27.51910   	 9.88308662
16/05/2010 	24.19090   	29.24353   	27.50322   	10.30429721
17/05/2010 	25.01969   	29.54126   	27.52208   	10.83082318
18/05/2010 	26.74718   	29.39736   	27.96911   	11.40394564
19/05/2010 	25.96011   	28.49670   	27.62531   	12.00690989
20/05/2010 	25.84810   	28.04573   	27.23673   	12.70720675
21/05/2010 	24.86653   	27.60600   	26.53044   	13.59003375
22/05/2010 	24.28707   	27.69820   	26.01383   	14.24266871
23/05/2010 	24.24902   	27.61646   	26.00624   	14.78467703
24/05/2010 	23.59704   	27.07833   	25.97685   	15.21342170
25/05/2010 	24.96073   	27.61079   	26.57994   	15.43897941
26/05/2010 	25.83179   	28.06816   	27.18472   	15.12040973
27/05/2010 	25.05898   	28.44808   	26.94774   	14.59267600
28/05/2010 	25.61757   	28.42084   	26.85513   	14.62311522
29/05/2010 	26.01097   	28.05983   	26.88258   	14.49003585
30/05/2010 	26.09405   	27.80173   	27.23154   	14.63191889
31/05/2010 	26.32517   	28.75005   	27.85898   	14.56466943
01/06/2010 	26.66194   	29.20145   	28.13545   	14.54363126
02/06/2010 	25.31063   	29.15472   	27.78003   	15.03262118
03/06/2010 	24.24528   	29.22808   	27.04113   	15.58260638
04/06/2010 	23.68636   	28.91093   	26.50881   	16.08989551
05/06/2010 	24.10736   	28.44957   	26.38343   	16.49271409
06/06/2010 	24.83579   	28.26395   	26.48710   	16.85666370
07/06/2010 	25.92253   	28.02317   	27.00179   	16.93106373
08/06/2010 	24.74086   	27.43934   	26.31018   	17.07765663
09/06/2010 	24.30840   	27.21115   	25.98506   	17.37031583
10/06/2010 	24.57357   	27.84906   	25.97131   	17.61025465
11/06/2010 	23.66690   	27.96241   	25.92824   	17.84965253
12/06/2010 	23.53424   	27.99783   	26.00131   	17.68337822
13/06/2010 	25.18266   	27.85458   	26.36928   	17.53402082
14/06/2010 	25.80795   	27.96250   	26.86498   	17.49683968
15/06/2010 	21.84031   	28.36127   	25.66633   	16.95824619
16/06/2010 	23.73142   	28.23893   	25.97276   	16.12993817
17/06/2010 	24.80059   	29.00460   	27.40228   	15.98462594
18/06/2010 	26.32306   	30.96166   	28.66083   	15.85580248
19/06/2010 	27.16771   	32.80890   	30.57175   	15.08868174
20/06/2010 	27.15757   	32.92829   	30.90561   	14.07987823
21/06/2010 	27.79812   	32.91558   	30.68364   	14.16561466
22/06/2010 	28.66427   	32.90505   	30.55070   	14.81731838
23/06/2010 	26.63664   	32.80854   	30.18225   	15.72266191
24/06/2010 	29.11883   	32.43501   	30.25678   	16.50060894
25/06/2010 	29.41829   	32.35780   	30.48061   	17.05415805
26/06/2010 	29.76737   	31.78494   	30.62145   	18.03242648
27/06/2010 	29.65502   	31.26642   	30.50586   	18.68192236
28/06/2010 	29.08798   	30.83578   	30.32015   	19.55774959
29/06/2010 	28.51081   	30.61181   	30.08515   	20.05323168
30/06/2010 	28.95433   	30.54419   	30.04923   	20.37548772
01/07/2010 	28.90467   	30.46586   	30.04437   	20.63875246
02/07/2010 	28.57157   	30.61118   	30.03454   	21.01971181
03/07/2010 	29.29939   	30.36711   	29.99672   	21.50331378
04/07/2010 	29.05233   	30.36389   	29.93301   	21.78557070
05/07/2010 	29.38577   	30.35950   	30.03749   	21.64832469
06/07/2010 	29.77157   	30.37537   	30.17314   	21.65927235
07/07/2010 	29.66011   	30.35394   	30.15837   	20.87257246
08/07/2010 	30.07042   	30.55014   	30.25884   	20.84765963
09/07/2010 	29.70597   	30.74056   	30.38064   	21.21093011
10/07/2010 	29.29489   	30.57850   	30.23082   	21.53918970
11/07/2010 	28.28958   	30.67601   	29.88410   	21.81974208
12/07/2010 	27.87867   	30.67124   	29.84601   	22.06666791
13/07/2010 	28.80059   	30.63819   	30.08497   	22.02266483
14/07/2010 	28.22206   	30.87059   	29.85522   	22.24729455
15/07/2010 	28.60599   	30.54254   	29.85155   	21.57021828
16/07/2010 	28.67342   	30.46501   	29.65113   	20.30111841
17/07/2010 	28.12333   	29.74168   	29.03071   	20.15511107
18/07/2010 	28.30646   	29.12360   	28.73395   	20.19380271
19/07/2010 	28.26077   	29.15738   	28.60927   	20.35923743
20/07/2010 	28.45699   	29.42611   	28.83184   	20.45214768
21/07/2010 	28.60182   	29.35182   	28.94317   	20.53461333
22/07/2010 	28.63163   	29.35642   	29.05162   	20.53335047
23/07/2010 	28.93978   	29.46566   	29.21496   	20.55660800
24/07/2010 	27.70071   	29.60270   	29.06330   	20.40389101
25/07/2010 	27.62030   	29.63287   	28.96350   	20.30214636
26/07/2010 	27.10927   	29.62733   	28.92140   	20.27808817
27/07/2010 	26.24722   	29.77213   	28.56484   	20.22760204
28/07/2010 	27.09606   	29.76061   	28.74786   	20.46296251
29/07/2010 	26.44486   	29.72474   	28.69229   	20.41319271
30/07/2010 	27.45822   	29.83880   	28.87248   	20.17566951
31/07/2010 	27.84346   	29.69806   	28.76409   	19.95323193
01/08/2010 	28.06005   	29.41295   	28.60937   	20.05797879
02/08/2010 	27.85222   	29.41310   	28.65238   	20.31667566
03/08/2010 	27.73957   	29.25065   	28.47387   	20.32398331
04/08/2010 	25.54208   	29.17354   	28.13775   	19.94704870
05/08/2010 	27.50402   	28.97802   	28.22605   	19.92593602
06/08/2010 	23.64772   	28.57581   	27.55244   	19.61802824
07/08/2010 	23.37630   	28.17811   	26.61120   	19.46322147
08/08/2010 	24.57012   	28.25836   	26.74286   	19.65344425
09/08/2010 	24.44922   	28.40643   	26.62555   	19.56726706
10/08/2010 	24.62406   	28.40131   	26.78547   	19.59241084
11/08/2010 	25.57267   	27.93113   	26.98756   	19.72892682
12/08/2010 	24.83800   	28.22566   	26.68594   	19.61635248
13/08/2010 	24.90147   	28.05454   	26.38897   	19.39530150
14/08/2010 	23.39561   	27.77467   	25.97563   	19.58140910
15/08/2010 	18.27345   	27.65855   	23.68182   	19.21742789
16/08/2010 	21.95055   	27.44757   	24.94917   	19.07167391
17/08/2010 	24.37523   	26.74461   	25.39049   	19.27716823
18/08/2010 	23.27201   	26.21884   	25.17449   	19.04612116
19/08/2010 	18.37858   	25.67534   	23.76754   	18.61913864
20/08/2010 	19.34504   	24.66537   	22.14956   	18.49820518
21/08/2010 	18.78529   	24.59719   	22.33497   	18.90984444
22/08/2010 	20.11059   	25.60297   	22.42732   	19.25104972
23/08/2010 	20.68830   	26.90143   	23.29056   	19.30118549
24/08/2010 	20.04230   	27.42010   	24.54646   	18.90493166
25/08/2010 	22.35370   	27.39559   	24.09092   	18.31757224
26/08/2010 	22.04613   	27.27438   	24.18037   	17.77641904
27/08/2010 	21.42105   	26.78374   	24.31369   	16.86946205
28/08/2010 	21.90098   	25.39299   	23.90878   	16.33674957
29/08/2010 	22.74563   	25.30640   	24.33090   	16.48710930
30/08/2010 	23.40084   	27.75885   	25.78086   	15.53324678
31/08/2010 	22.11178   	26.80630   	24.98324   	15.35969985
01/09/2010 	20.55108   	25.18845   	23.89515   	15.54308746
02/09/2010 	21.50809   	24.29156   	23.25395   	15.70564206
03/09/2010 	18.02289   	23.53560   	21.99494   	15.90119835
04/09/2010 	19.54114   	21.73373   	20.71504   	16.14958513
05/09/2010 	17.26773   	21.90941   	18.89860   	16.06935153
06/09/2010 	12.79083   	20.89502   	17.43746   	15.78657554
07/09/2010 	10.47242   	20.69388   	16.98183   	15.11565018
08/09/2010 	15.65722   	22.98379   	19.38611   	15.27687271
09/09/2010 	17.23981   	24.31505   	20.85841   	15.87522125
10/09/2010 	17.11274   	23.53060   	20.59189   	16.05372934
11/09/2010 	19.28450   	23.53195   	21.01774   	16.40591675
12/09/2010 	19.37377   	23.48647   	21.15965   	16.75654840
13/09/2010 	19.16200   	22.86568   	20.83228   	16.68268613
14/09/2010 	20.58216   	24.02357   	22.00307   	16.76679126
15/09/2010 	18.77766   	24.51460   	21.89573   	16.33130143
16/09/2010 	17.34019   	23.11567   	21.02077   	15.68217123
17/09/2010 	19.96077   	25.01363   	22.15803   	15.11034624
18/09/2010 	18.80250   	27.31882   	22.71736   	13.88697565
19/09/2010 	16.00832   	26.16045   	20.85836   	13.65620681
20/09/2010 	16.06936   	23.45405   	20.61456   	14.29619984
21/09/2010 	18.49429   	24.20876   	20.62486   	14.74911461
22/09/2010 	19.19120   	22.68635   	20.34921   	14.90232132
23/09/2010 	18.74065   	22.19325   	20.05302   	15.22596085
24/09/2010 	18.68559   	22.59214   	20.15588   	15.43922102
25/09/2010 	16.82482   	23.43902   	20.48683   	14.86621982
26/09/2010 	19.54605   	22.67916   	20.94827   	14.35969579
27/09/2010 	18.82710   	22.68514   	20.86915   	14.25827122
28/09/2010 	17.34731   	22.80739   	20.25864   	14.12878748
29/09/2010 	17.03447   	22.01877   	18.99169   	13.63507744
30/09/2010 	15.08788   	21.08298   	18.21570   	13.27854202
01/10/2010 	15.06651   	21.12157   	18.30591   	13.58811444
02/10/2010 	16.30324   	21.94161   	19.97429   	14.04005686
03/10/2010 	18.50552   	22.55108   	20.73553   	14.84899139
04/10/2010 	20.66725   	24.04367   	22.42565   	15.37076435
05/10/2010 	20.36234   	23.87189   	22.29754   	15.59925769
06/10/2010 	21.03908   	24.29251   	22.52642   	15.63652482
07/10/2010 	20.71870   	24.31324   	22.45592   	15.63062845
08/10/2010 	19.19849   	23.94870   	21.84207   	15.64822251
09/10/2010 	17.13881   	23.27155   	21.10769   	15.29921917
10/10/2010 	16.79903   	23.05928   	20.66839   	14.70553446
11/10/2010 	15.88488   	22.71439   	19.47866   	14.00487959
12/10/2010 	16.11511   	22.55285   	19.16661   	13.47535332
13/10/2010 	17.08899   	22.65132   	19.84012   	13.13997259
14/10/2010 	18.82480   	22.68823   	20.48868   	12.90500832
15/10/2010 	19.73513   	23.55896   	21.40907   	12.77232109
16/10/2010 	19.52012   	24.01914   	22.54195   	11.72740593
17/10/2010 	17.94039   	24.04434   	21.11502   	10.89181151
18/10/2010 	18.14051   	22.86697   	20.81363   	10.78792536
19/10/2010 	20.29414   	23.65661   	22.09791   	11.11126435
20/10/2010 	20.68179   	25.50400   	22.37258   	10.43269934
21/10/2010 	20.84951   	27.57970   	23.97205   	 9.37649767
22/10/2010 	19.26350   	23.99776   	21.78360   	 9.69497454
23/10/2010 	18.95480   	25.84148   	22.59314   	 9.96374961
24/10/2010 	20.72173   	25.64513   	22.63342   	 9.62696453
25/10/2010 	21.01514   	25.24692   	23.40335   	 8.56696735
26/10/2010 	20.04645   	26.89434   	23.56246   	 8.30720760
27/10/2010 	17.91306   	24.15833   	22.35310   	 8.66336544
28/10/2010 	17.19603   	24.50758   	21.54161   	 9.27455705
29/10/2010 	19.22960   	24.20149   	20.79585   	 9.48092377
30/10/2010 	17.06909   	25.46850   	22.37027   	10.04149069
31/10/2010 	21.34642   	26.08030   	22.83562   	10.22178427
01/11/2010 	21.00062   	25.50737   	23.06563   	10.29687679
02/11/2010 	20.57692   	25.51433   	23.14197   	10.37883343
03/11/2010 	23.36282   	26.81709   	25.17562   	10.89765960
04/11/2010 	22.41091   	26.62952   	24.94290   	11.18623859
05/11/2010 	23.44990   	26.77377   	24.89486   	11.57230749
06/11/2010 	23.66624   	26.95989   	24.94789   	11.49751220
07/11/2010 	23.78615   	26.60580   	24.86642   	11.03018095
08/11/2010 	19.72513   	24.95318   	23.32300   	 9.37988218
09/11/2010 	16.29730   	24.87362   	22.00957   	 8.72568470
10/11/2010 	16.85315   	24.39100   	21.10404   	 8.24220557
11/11/2010 	20.40434   	24.37090   	22.84571   	 8.19888320
12/11/2010 	22.05204   	27.84632   	25.36102   	 8.98168226
13/11/2010 	20.54687   	27.88509   	24.16464   	 8.74284367
14/11/2010 	20.79599   	27.20376   	23.81329   	 8.82194630
15/11/2010 	23.05381   	27.87637   	24.63664   	 8.82539390
16/11/2010 	21.20005   	26.86934   	23.96903   	 8.45111380
17/11/2010 	21.15829   	25.77791   	22.96829   	 7.58865074
18/11/2010 	20.52435   	25.63756   	23.37508   	 7.62997097
19/11/2010 	20.53838   	24.57556   	22.61501   	 7.50510666
20/11/2010 	19.53146   	24.33041   	22.05388   	 7.36576216
21/11/2010 	18.51328   	23.86520   	21.36354   	 7.04455138
22/11/2010 	15.92362   	23.58013   	20.30723   	 6.82992060
23/11/2010 	14.82998   	23.39104   	19.97733   	 6.48161908
24/11/2010 	19.08929   	23.76224   	22.02054   	 6.09733249
25/11/2010 	20.15322   	24.11206   	22.35133   	 5.67964909
26/11/2010 	20.20247   	23.91573   	21.97584   	 5.06754388
27/11/2010 	18.93094   	23.85526   	20.84302   	 4.27275096
28/11/2010 	16.98799   	22.79229   	19.72741   	 3.57479726
29/11/2010 	15.77629   	22.19793   	19.31366   	 3.09849530
30/11/2010 	14.16155   	23.11862   	18.59159   	 2.75589868
01/12/2010 	14.61897   	22.09667   	17.82553   	 1.07402731
02/12/2010 	15.24839   	24.42633   	21.25238   	 1.91682576
03/12/2010 	19.47039   	24.07754   	21.94773   	 1.97514265
04/12/2010 	20.76571   	24.51936   	23.64412   	 2.25466897
05/12/2010 	23.51180   	26.44397   	24.63937   	 2.68659379
06/12/2010 	23.14072   	26.31044   	24.59193   	 2.68605496
07/12/2010 	22.47131   	26.00633   	24.20685   	 2.39631707
08/12/2010 	21.64927   	25.64115   	23.86808   	 1.97972354
09/12/2010 	23.40129   	29.68893   	25.61202   	 1.77315566
10/12/2010 	23.05914   	29.25151   	26.34770   	 2.02353785
11/12/2010 	23.49832   	30.28045   	26.64124   	 3.04084308
12/12/2010 	25.25738   	30.27026   	28.46412   	 4.13390994
13/12/2010 	23.93520   	29.37282   	27.20005   	 3.51312102
14/12/2010 	25.08160   	28.02906   	26.75595   	 2.61747644
15/12/2010 	24.38088   	27.41988   	26.01283   	 2.06943285
16/12/2010 	21.47391   	27.64346   	25.13957   	 2.20911044
17/12/2010 	21.91423   	27.90339   	25.34159   	 2.16376661
18/12/2010 	20.28285   	26.63722   	23.15739   	 1.53425391
19/12/2010 	20.73788   	23.47135   	22.38212   	 0.82697564
20/12/2010 	19.65163   	24.46161   	22.70106   	 0.58102566
21/12/2010 	20.16827   	24.17287   	22.35043   	 0.18547887
22/12/2010 	19.13447   	24.17476   	22.05234   	-0.32722900
23/12/2010 	16.78885   	23.45493   	20.24088   	-0.32152517
24/12/2010 	20.36412   	29.86746   	24.78192   	-0.07025593
25/12/2010 	22.07409   	30.24841   	26.72927   	-0.34495605
26/12/2010 	22.69150   	28.92100   	25.74060   	-0.27293328
27/12/2010 	17.93026   	28.04939   	24.03035   	-0.01236680
28/12/2010 	20.68691   	25.04625   	22.83467   	 0.07145850
29/12/2010 	20.95109   	22.86072   	22.03670   	-0.02954553
30/12/2010 	20.39463   	22.89762   	21.94946   	 0.02424350
31/12/2010 	20.27711   	22.68610   	21.83598   	 0.26180245
01/01/2011 	19.72523   	23.03506   	21.95162   	 0.63738355
02/01/2011 	20.98781   	25.92411   	23.00124   	 1.06760875
03/01/2011 	19.41911   	26.46133   	23.82392   	 1.30993266
04/01/2011 	18.19929   	25.10295   	22.27408   	 1.16317580
05/01/2011 	18.12112   	22.14674   	20.65486   	 0.86947542
06/01/2011 	17.91590   	25.38948   	21.38717   	 1.11703061
07/01/2011 	19.98285   	24.30847   	21.36610   	 1.28952515
08/01/2011 	20.15511   	24.53858   	21.99390   	 2.20115671
09/01/2011 	17.52681   	24.71871   	22.23012   	 2.40294206
10/01/2011 	18.42005   	24.55990   	21.21936   	 2.09431501
11/01/2011 	19.36551   	25.54649   	21.56215   	 2.01847443
12/01/2011 	19.66133   	25.85324   	22.03479   	 2.29569082
13/01/2011 	18.21723   	24.54513   	22.29799   	 2.59450607
14/01/2011 	19.98208   	24.44774   	22.43759   	 3.18977865
15/01/2011 	17.23458   	25.40955   	23.27427   	 3.52470730
16/01/2011 	19.56458   	26.99451   	24.18169   	 3.97179890
17/01/2011 	19.25000   	27.57486   	23.84390   	 4.25915546
18/01/2011 	21.75530   	25.88259   	23.05830   	 4.31744434
19/01/2011 	20.16902   	25.24734   	22.48121   	 4.29148284
20/01/2011 	16.81747   	24.50967   	20.79561   	 4.00732581
21/01/2011 	15.83039   	23.03660   	19.23007   	 3.64443185
22/01/2011 	15.23705   	21.77482   	18.23921   	 3.61193982
23/01/2011 	14.93694   	21.27625   	18.14746   	 3.82994262
24/01/2011 	13.80613   	21.15521   	18.77326   	 4.15507805
25/01/2011 	13.52645   	24.75191   	19.20105   	 4.20150869
26/01/2011 	14.16496   	22.53558   	18.88622   	 3.95254759
27/01/2011 	13.43510   	19.32318   	17.00629   	 2.84933650
28/01/2011 	11.64818   	19.15592   	14.89526   	 1.75682294
29/01/2011 	12.30475   	19.68335   	15.39629   	 1.46635057
30/01/2011 	12.32028   	19.60773   	15.22105   	 1.32021470
31/01/2011 	13.24525   	19.44931   	16.13498   	 1.37259995
01/02/2011 	13.65006   	21.71233   	16.49033   	 1.46802511
02/02/2011 	15.37545   	21.16360   	17.73341   	 2.08505856
03/02/2011 	15.85888   	22.86481   	19.05871   	 2.72801395
04/02/2011 	17.90072   	29.01038   	22.78602   	 3.50424603
05/02/2011 	22.41841   	29.22713   	27.37321   	 4.46145979
06/02/2011 	26.84651   	29.36484   	28.83552   	 4.94593238
07/02/2011 	27.30963   	29.13050   	28.71869   	 5.08715041
08/02/2011 	25.48258   	28.85078   	28.02941   	 5.09879766
09/02/2011 	25.22112   	28.79346   	26.94021   	 4.89853094
10/02/2011 	21.39687   	26.64114   	25.00680   	 4.83747836
11/02/2011 	24.02436   	26.84736   	24.93139   	 4.93800356
12/02/2011 	20.18699   	24.53562   	22.85719   	 4.48379356
13/02/2011 	20.57983   	25.64745   	23.48766   	 4.63115421
14/02/2011 	20.46618   	24.01331   	22.29486   	 4.71204366
15/02/2011 	19.79215   	23.93803   	22.30730   	 4.69942411
16/02/2011 	21.51812   	24.21467   	22.81689   	 4.72652148
17/02/2011 	21.56977   	24.35097   	22.85767   	 4.56180959
18/02/2011 	19.07264   	23.97086   	22.16269   	 4.00688007
19/02/2011 	15.91244   	22.99374   	20.38559   	 3.27025587
20/02/2011 	15.23393   	22.77275   	19.74158   	 2.67896490
21/02/2011 	15.68361   	22.71180   	19.68703   	 1.75708282
22/02/2011 	18.15278   	22.71873   	20.65073   	 1.12291712
23/02/2011 	19.59450   	22.87126   	21.12379   	 1.01478639
24/02/2011 	21.17357   	23.27280   	22.10784   	 1.58886260
25/02/2011 	21.51368   	23.67246   	22.33336   	 2.05957828
26/02/2011 	21.03231   	24.50866   	22.75291   	 2.85972180
27/02/2011 	21.96874   	25.12530   	23.61060   	 3.06696624
28/02/2011 	19.28672   	23.26574   	21.88357   	 3.32929928
01/03/2011 	17.73349   	22.73749   	20.70812   	 3.24694195
02/03/2011 	15.99865   	22.17210   	19.33247   	 2.82640145
03/03/2011 	16.52136   	21.98959   	19.42650   	 2.56137127
04/03/2011 	17.14728   	22.23339   	19.37951   	 2.29923270
05/03/2011 	19.15426   	22.55066   	20.34752   	 2.55063001
06/03/2011 	20.08159   	22.72099   	21.15863   	 2.76879770
07/03/2011 	20.26636   	22.46334   	21.34961   	 2.75852132
08/03/2011 	19.60191   	22.62397   	21.03833   	 2.75533300
09/03/2011 	20.80456   	23.87027   	22.18340   	 3.25362434
10/03/2011 	19.75666   	24.62030   	22.22660   	 3.78286650
11/03/2011 	18.76393   	24.81830   	21.94520   	 4.01599693
12/03/2011 	18.40127   	24.77556   	21.44661   	 4.08706265
13/03/2011 	20.55886   	24.59957   	22.06468   	 4.45927637
14/03/2011 	21.02363   	23.86574   	22.17361   	 4.85195790
15/03/2011 	20.48616   	24.48582   	22.04963   	 5.32808306
16/03/2011 	18.98750   	25.46244   	22.23462   	 5.63490496
17/03/2011 	18.12646   	25.24474   	22.43813   	 5.55018105
18/03/2011 	18.02333   	24.76654   	22.13284   	 5.63315170
19/03/2011 	18.91904   	24.19795   	21.75451   	 5.75384496
20/03/2011 	19.26660   	24.25157   	21.90370   	 5.90648059
21/03/2011 	21.12747   	24.43570   	22.69180   	 6.03328535
22/03/2011 	21.55865   	25.25431   	23.17364   	 6.35373141
23/03/2011 	21.81879   	25.46680   	23.42722   	 6.80228915
24/03/2011 	22.03436   	25.45748   	23.81567   	 7.19175757
25/03/2011 	22.97594   	25.37244   	24.02336   	 7.56161289
26/03/2011 	23.33828   	25.33661   	24.25704   	 7.59089205
27/03/2011 	23.60055   	25.56767   	24.37373   	 7.18134478
28/03/2011 	24.00837   	25.51672   	24.62461   	 7.21280032
29/03/2011 	23.54361   	25.76245   	24.59674   	 7.13940113
30/03/2011 	23.87725   	25.85712   	24.72469   	 7.26305819
31/03/2011 	23.94392   	25.76788   	25.05964   	 7.52588294
01/04/2011 	24.88526   	25.67079   	25.40762   	 7.82508802
02/04/2011 	25.28604   	26.71938   	25.57130   	 8.27953735
03/04/2011 	25.22478   	26.32400   	25.63032   	 8.48210587
04/04/2011 	25.20674   	26.56330   	25.77520   	 8.81228928
05/04/2011 	25.44379   	26.75350   	26.06726   	 8.80179006
06/04/2011 	25.89085   	26.83385   	26.36282   	 8.96496960
07/04/2011 	26.08224   	26.91160   	26.40496   	 9.29576198
08/04/2011 	25.72374   	26.79829   	26.20115   	 9.73882139
09/04/2011 	25.79660   	27.18285   	26.26359   	10.28803593
10/04/2011 	26.12620   	27.75414   	26.76546   	10.46793151
11/04/2011 	26.35514   	27.75603   	27.00117   	10.81635964
12/04/2011 	26.88045   	29.10803   	27.58212   	10.65879846
13/04/2011 	26.40584   	29.44058   	27.78977   	10.56169766
14/04/2011 	25.79498   	29.19643   	27.33053   	10.41343703
15/04/2011 	26.58659   	29.98043   	27.79392   	10.45660569
16/04/2011 	26.52445   	29.65087   	27.86705   	10.42830408
17/04/2011 	27.22177   	28.74441   	27.76446   	10.76245308
18/04/2011 	26.44033   	28.10432   	27.69365   	11.27833766
19/04/2011 	26.40001   	28.07016   	27.63264   	11.75307643
20/04/2011 	26.42269   	28.13329   	27.64789   	12.30609073
21/04/2011 	27.01502   	28.26367   	27.72156   	12.88896741
22/04/2011 	27.41250   	28.44193   	27.91427   	13.43851678
23/04/2011 	27.48421   	28.52977   	28.03504   	13.89057261
24/04/2011 	27.78135   	28.66669   	28.19432   	14.39030210
25/04/2011 	27.63869   	28.61756   	28.10709   	14.90284590
26/04/2011 	27.40502   	28.78262   	28.15389   	14.63293221
27/04/2011 	27.81771   	30.72989   	28.90520   	13.18412588
28/04/2011 	28.12008   	31.03943   	29.52045   	12.38996331
29/04/2011 	29.00957   	31.07710   	29.94542   	12.19096915
30/04/2011 	28.45169   	30.43506   	29.56935   	12.13450742
01/05/2011 	28.63572   	29.72716   	29.21531   	11.75451380
02/05/2011 	28.60223   	29.80736   	29.27714   	11.34744453
03/05/2011 	28.91595   	30.57777   	29.86715   	10.79122408
04/05/2011 	29.87125   	31.51275   	30.46685   	10.71143393
05/05/2011 	30.31862   	31.62189   	30.84022   	10.89677568
06/05/2011 	30.50118   	31.62070   	31.03106   	11.40927847
07/05/2011 	30.50879   	31.61480   	31.16566   	12.02959088
08/05/2011 	30.45241   	31.58924   	31.12401   	12.72096330
09/05/2011 	30.50612   	31.65785   	31.07444   	13.17177743
10/05/2011 	30.54811   	31.65519   	31.16927   	13.72875005
11/05/2011 	30.56584   	31.51356   	31.16841   	14.49791565
12/05/2011 	30.67847   	31.41000   	31.18146   	15.07622766
13/05/2011 	30.88289   	31.53781   	31.28793   	15.34195896
14/05/2011 	30.81600   	31.76448   	31.33436   	15.28347933
15/05/2011 	30.90091   	32.21014   	31.50722   	14.83741311
16/05/2011 	31.09353   	32.23993   	31.52368   	14.39989916
17/05/2011 	30.94085   	32.41909   	31.51660   	14.23386935
18/05/2011 	30.81532   	32.37164   	31.52897   	14.25965488
19/05/2011 	30.75204   	32.44601   	31.46901   	14.62084820
20/05/2011 	30.85479   	32.43420   	31.76210   	14.95951384
21/05/2011 	31.00263   	32.41908   	31.84088   	15.70392625
22/05/2011 	31.10737   	32.39941   	31.79981   	16.14600708
23/05/2011 	30.97249   	32.13018   	31.38644   	15.92450313
24/05/2011 	30.73278   	31.69972   	31.11220   	15.69723489
25/05/2011 	30.73635   	31.52322   	31.06843   	15.71994992
26/05/2011 	30.68697   	31.52333   	30.96406   	15.66277927
27/05/2011 	30.42192   	30.82835   	30.66865   	15.55159392
28/05/2011 	30.32107   	30.85201   	30.56662   	14.99189738
29/05/2011 	30.33677   	30.55296   	30.42091   	14.94663771
30/05/2011 	30.35514   	30.43751   	30.38768   	15.18291173
31/05/2011 	30.32343   	30.47814   	30.38664   	15.43894478
01/06/2011 	30.34282   	30.51770   	30.46350   	15.93379019
02/06/2011 	30.35005   	30.57041   	30.48729   	16.29844004
03/06/2011 	30.37563   	30.70436   	30.59712   	16.94935701
04/06/2011 	30.49728   	31.18300   	30.76869   	17.29150240
05/06/2011 	30.73946   	31.66355   	31.21422   	16.74386291
06/06/2011 	30.89139   	31.60705   	31.29138   	16.56841709
07/06/2011 	30.93751   	31.55617   	31.31159   	16.76260400
08/06/2011 	30.94633   	31.48176   	31.28724   	16.98807899
09/06/2011 	30.74233   	31.47371   	31.20166   	16.91350138
10/06/2011 	30.66741   	31.47154   	31.17551   	17.07179896
11/06/2011 	30.57885   	31.46744   	31.10658   	16.94880700
12/06/2011 	29.32501   	31.49707   	30.89336   	16.74953985
13/06/2011 	30.05693   	31.41285   	30.65042   	16.65079411
14/06/2011 	30.18802   	30.81459   	30.53643   	17.09927634
15/06/2011 	30.21551   	31.06036   	30.67827   	17.30484728
16/06/2011 	30.21499   	31.11250   	30.66319   	17.52496783
17/06/2011 	30.26179   	30.94648   	30.71089   	17.55232521
18/06/2011 	29.82991   	30.85126   	30.46897   	17.17911426
19/06/2011 	29.70008   	30.55585   	30.01832   	16.84465237
20/06/2011 	29.73210   	30.54440   	29.95314   	16.71875203
21/06/2011 	29.73705   	30.60267   	29.99558   	17.15803099
22/06/2011 	29.63630   	30.13878   	29.86458   	17.05089366
23/06/2011 	28.58304   	30.01635   	29.56362   	16.97973450
24/06/2011 	29.12341   	29.81557   	29.47550   	17.14982828
25/06/2011 	25.84199   	29.89030   	28.96712   	17.00512242
26/06/2011 	28.45212   	29.67368   	28.94153   	17.59896751
27/06/2011 	28.46704   	29.65835   	28.93655   	18.46265427
28/06/2011 	28.58189   	29.65379   	29.06053   	19.10730557
29/06/2011 	28.62976   	29.75160   	29.28344   	19.36398868
30/06/2011 	28.56237   	29.57580   	29.18342   	19.64973342
01/07/2011 	28.57936   	29.77347   	29.23152   	18.87890112
02/07/2011 	27.71089   	29.78344   	28.95085   	17.87538819
03/07/2011 	26.97724   	30.80696   	29.07550   	17.02681959
04/07/2011 	26.08853   	30.80008   	29.11879   	16.74666933
05/07/2011 	27.21966   	30.78272   	28.94340   	17.07164286
06/07/2011 	27.63631   	29.96934   	28.56353   	17.71204182
07/07/2011 	27.59315   	28.64001   	28.23116   	17.86130234
08/07/2011 	27.04666   	28.79044   	28.02075   	18.14260864
09/07/2011 	27.24285   	28.07213   	27.66102   	18.30627028
10/07/2011 	27.40863   	27.85760   	27.72184   	18.40249228
11/07/2011 	26.77623   	27.98012   	27.53571   	18.97010382
12/07/2011 	23.92816   	28.12561   	27.59496   	19.01995707
13/07/2011 	22.61543   	29.32086   	27.15607   	17.63555773
14/07/2011 	26.77863   	30.53454   	28.94020   	16.98337024
15/07/2011 	25.73688   	30.86651   	29.12193   	17.59471099
16/07/2011 	25.40677   	30.56471   	27.55716   	17.67650823
17/07/2011 	21.91445   	27.16399   	25.42670   	17.64933260
18/07/2011 	19.54804   	27.29296   	24.98307   	17.39309426
19/07/2011 	20.33261   	28.04215   	24.54858   	17.21478860
20/07/2011 	22.93697   	27.83422   	24.60757   	17.70964503
21/07/2011 	23.87927   	27.08335   	25.02317   	18.27662702
22/07/2011 	22.99122   	26.88492   	25.23998   	17.99683456
23/07/2011 	22.75002   	27.63789   	25.55963   	16.89557077
24/07/2011 	23.07467   	26.73679   	24.82825   	16.45263271
25/07/2011 	22.27941   	28.85268   	25.47067   	15.96595484
26/07/2011 	21.49609   	26.83662   	24.44543   	16.24737217
27/07/2011 	22.10011   	27.19142   	24.27243   	16.85625366
28/07/2011 	22.66647   	27.42821   	24.61130   	17.32744177
29/07/2011 	24.14991   	27.55632   	25.49614   	17.55481418
30/07/2011 	24.23415   	26.77403   	25.78086   	17.18693912
31/07/2011 	23.96508   	27.18690   	25.77567   	16.73183894
01/08/2011 	23.53286   	26.32726   	25.34004   	17.02400152
02/08/2011 	23.67031   	25.70985   	24.78182   	17.49961909
03/08/2011 	22.87101   	25.68076   	24.51993   	18.06585228
04/08/2011 	22.62752   	25.81922   	24.42130   	18.66569706
05/08/2011 	23.48226   	25.59597   	24.49644   	19.14432446
06/08/2011 	23.50714   	25.85095   	24.57117   	19.59241211
07/08/2011 	24.09921   	25.73058   	25.05643   	19.38446144
08/08/2011 	21.29972   	25.83453   	24.86673   	18.69553947
09/08/2011 	23.67295   	28.34763   	25.29385   	17.70842445
10/08/2011 	22.35858   	29.01801   	25.55377   	16.38410678
11/08/2011 	20.07040   	25.57479   	24.20069   	16.85127393
12/08/2011 	19.61734   	25.45774   	23.37494   	17.40039392
13/08/2011 	22.07933   	24.84238   	23.47599   	17.77679634
14/08/2011 	22.22014   	25.30863   	23.72392   	18.10172530
15/08/2011 	23.15808   	25.35433   	23.96261   	18.33749644
16/08/2011 	22.43200   	25.42325   	23.81187   	18.42365948
17/08/2011 	22.19101   	24.77728   	23.70143   	18.43448599
18/08/2011 	22.00916   	25.48546   	23.78137   	18.31932735
19/08/2011 	19.86778   	25.54823   	23.25760   	17.97798264
20/08/2011 	21.46301   	25.23340   	23.27974   	17.83472435
21/08/2011 	21.70161   	24.82002   	23.07755   	18.00606902
22/08/2011 	22.42767   	24.09093   	23.12290   	18.34257638
23/08/2011 	21.55024   	24.61724   	22.71773   	18.39462324
24/08/2011 	21.25730   	24.52272   	22.86577   	18.77267194
25/08/2011 	19.99270   	24.27153   	22.13218   	18.78021479
26/08/2011 	21.21237   	24.65487   	22.54897   	18.86344333
27/08/2011 	21.75096   	25.04219   	23.25877   	18.62326316
28/08/2011 	22.40754   	25.11727   	23.58567   	18.17883269
29/08/2011 	22.65003   	26.26101   	24.07316   	17.68864779
30/08/2011 	22.29866   	27.09475   	24.15624   	16.26644202
31/08/2011 	22.75857   	27.22733   	24.98595   	15.60037665
01/09/2011 	23.72495   	26.65135   	25.28880   	15.64325094
02/09/2011 	23.10236   	25.85702   	24.77348   	15.73550564
03/09/2011 	22.85136   	25.42363   	24.27437   	16.18635654
04/09/2011 	22.10132   	25.27892   	23.78796   	16.73854168
05/09/2011 	23.04462   	25.11897   	24.20354   	16.89941041
06/09/2011 	23.04748   	27.61547   	25.46496   	16.90192195
07/09/2011 	26.48984   	29.48163   	28.01666   	16.89697516
08/09/2011 	24.36678   	29.38247   	27.41920   	16.31249571
09/09/2011 	23.91638   	28.81166   	26.66468   	16.33820573
10/09/2011 	22.91147   	28.41808   	25.79476   	16.73529037
11/09/2011 	20.78367   	27.27556   	25.06207   	16.94214241
12/09/2011 	22.09619   	27.89680   	26.07215   	16.95465334
13/09/2011 	19.58771   	28.08355   	25.87681   	16.59507481
14/09/2011 	23.61735   	28.33446   	25.68778   	16.05660063
15/09/2011 	23.72224   	27.69341   	25.61646   	15.55518232
16/09/2011 	24.23977   	28.61794   	26.16685   	14.92786777
17/09/2011 	21.15870   	26.53762   	24.92388   	14.85408455
18/09/2011 	19.98091   	25.44059   	23.71732   	14.95866183
19/09/2011 	21.41682   	25.56470   	23.44525   	14.92671895
20/09/2011 	21.04223   	25.27176   	23.23184   	15.13204628
21/09/2011 	20.31610   	25.51860   	23.63426   	15.44961051
22/09/2011 	23.50149   	26.53721   	24.74615   	15.37730531
23/09/2011 	21.52949   	26.18016   	24.02849   	15.02213291
24/09/2011 	20.94220   	25.63596   	23.71247   	14.89655117
25/09/2011 	22.90693   	26.17027   	24.26059   	15.10394023
26/09/2011 	22.83229   	25.68939   	24.40608   	15.34919498
27/09/2011 	23.59346   	26.00533   	24.62005   	15.48873057
28/09/2011 	22.58655   	25.99006   	24.42028   	15.80223072
29/09/2011 	21.58231   	25.54196   	23.98464   	16.24455061
30/09/2011 	19.70308   	25.28447   	23.34125   	16.63293437
01/10/2011 	19.13213   	25.18458   	22.86740   	16.96875437
02/10/2011 	19.06725   	24.96375   	22.55908   	17.25448386
03/10/2011 	21.07500   	24.68125   	22.73249   	17.35634633
04/10/2011 	21.75434   	24.69301   	23.16615   	17.26047540
05/10/2011 	22.61609   	24.35686   	23.22773   	16.91459417
06/10/2011 	23.03493   	26.90486   	24.88931   	16.65384789
07/10/2011 	22.07207   	27.71878   	25.26827   	15.40975424
08/10/2011 	23.39058   	28.78515   	26.52546   	12.92758665
09/10/2011 	23.20379   	27.46486   	25.55258   	12.35136133
10/10/2011 	24.05113   	26.29911   	25.25967   	13.10767740
11/10/2011 	20.47128   	26.17781   	24.51401   	13.55239554
12/10/2011 	22.86816   	25.37228   	23.91655   	13.53124831
13/10/2011 	23.34907   	25.55833   	24.53749   	13.31050122
14/10/2011 	22.90191   	25.50093   	24.35384   	12.69102712
15/10/2011 	20.73530   	24.57406   	22.76338   	11.61798652
16/10/2011 	19.85256   	23.11618   	21.54059   	11.40568827
17/10/2011 	19.89546   	23.01354   	21.24036   	11.78652614
18/10/2011 	21.46676   	25.11061   	22.75951   	12.33135384
19/10/2011 	20.42325   	24.92010   	22.44355   	11.66099085
20/10/2011 	20.94756   	26.51212   	23.39599   	10.42880253
21/10/2011 	18.96035   	24.83209   	22.14466   	 9.97068266
22/10/2011 	18.44751   	23.19959   	20.86217   	 9.90270827
23/10/2011 	19.96730   	23.24768   	21.39688   	 9.84086869
24/10/2011 	18.47958   	23.44086   	21.34430   	 9.28948426
25/10/2011 	18.27353   	23.81579   	22.25515   	 9.58039339
26/10/2011 	22.08707   	24.66466   	23.91037   	10.01402726
27/10/2011 	23.66090   	25.14736   	24.27946   	10.05646519
28/10/2011 	23.85045   	26.44478   	24.89154   	10.38833783
29/10/2011 	23.72513   	25.53086   	24.65024   	10.44382097
30/10/2011 	24.13132   	25.79922   	24.86482   	10.94160805
31/10/2011 	24.39724   	25.75677   	24.96762   	11.42726521
01/11/2011 	24.34279   	26.81338   	24.84205   	11.50269145
02/11/2011 	24.23811   	26.98040   	24.98906   	11.51360522
03/11/2011 	24.04946   	25.97353   	24.80081   	11.49388011
04/11/2011 	24.84229   	26.10028   	25.46471   	11.92517751
05/11/2011 	25.00355   	26.66637   	25.63025   	12.05595195
06/11/2011 	24.05773   	26.81738   	25.58782   	12.01137398
07/11/2011 	22.69400   	25.97595   	24.64034   	11.67534808
08/11/2011 	21.00464   	25.95931   	24.09986   	11.07605789
09/11/2011 	21.72292   	26.03210   	24.66039   	10.88415835
10/11/2011 	21.71836   	25.99264   	24.52520   	10.52276703
11/11/2011 	20.75056   	25.94390   	23.75580   	 9.43612478
12/11/2011 	23.37211   	26.61578   	24.78767   	 8.90669092
13/11/2011 	22.68978   	26.85390   	25.25249   	 9.12827566
14/11/2011 	20.95990   	26.65189   	24.23920   	 7.91429683
15/11/2011 	21.63034   	26.41904   	24.60544   	 7.52385953
16/11/2011 	20.94164   	26.59863   	24.25123   	 6.46758653
17/11/2011 	23.87255   	26.86201   	25.39167   	 6.93065464
18/11/2011 	24.43599   	27.00233   	25.67289   	 7.29681726
19/11/2011 	24.86871   	27.50520   	26.18070   	 7.48298819
20/11/2011 	24.78927   	27.53259   	26.23603   	 7.42304157
21/11/2011 	23.52643   	27.93486   	26.16569   	 7.26403874
22/11/2011 	23.80399   	28.34039   	26.30164   	 7.22039745
23/11/2011 	23.47880   	28.23971   	26.02760   	 7.11990824
24/11/2011 	24.00297   	28.36052   	26.31226   	 7.47122255
25/11/2011 	24.77410   	29.28486   	27.08179   	 8.05676507
26/11/2011 	25.99261   	28.17098   	27.25499   	 8.02299053
27/11/2011 	25.88075   	30.05918   	28.01295   	 8.57893956
28/11/2011 	26.23517   	28.90843   	27.27168   	 8.21137621
29/11/2011 	24.75295   	29.84749   	26.96255   	 7.98734063
30/11/2011 	25.60903   	29.81573   	27.43348   	 8.14656873
01/12/2011 	24.70823   	26.83311   	25.65214   	 8.14441054
02/12/2011 	24.82973   	27.00620   	25.90369   	 8.10324142
03/12/2011 	25.17770   	26.55753   	25.99266   	 8.04664453
04/12/2011 	23.61509   	27.33926   	26.03567   	 7.86340557
05/12/2011 	23.90607   	26.07346   	24.98867   	 7.28235528
06/12/2011 	24.56954   	25.70667   	25.12570   	 6.78334985
07/12/2011 	25.04560   	25.64105   	25.23665   	 6.48431119
08/12/2011 	25.22710   	25.82206   	25.44139   	 6.33354944
09/12/2011 	25.37401   	27.31526   	26.34023   	 6.31498519
10/12/2011 	26.02802   	27.10171   	26.41734   	 5.95577619
11/12/2011 	24.53387   	26.90978   	26.22154   	 5.69380432
12/12/2011 	22.94894   	27.28625   	26.00162   	 5.75763334
13/12/2011 	24.12626   	28.22636   	27.29501   	 6.31493966
14/12/2011 	22.90446   	28.61176   	27.04329   	 6.24281764
15/12/2011 	23.94550   	28.97686   	26.89987   	 6.07016270
16/12/2011 	23.72855   	28.93898   	27.17239   	 6.00577290
17/12/2011 	24.88254   	28.40888   	26.82306   	 5.41024703
18/12/2011 	23.68641   	27.80982   	26.83140   	 4.89850212
19/12/2011 	18.28838   	27.84734   	25.41504   	 4.51762476
20/12/2011 	19.07095   	27.69966   	24.94334   	 4.56271813
21/12/2011 	20.87849   	28.34002   	25.12815   	 4.48685315
22/12/2011 	17.89780   	27.13922   	23.80356   	 4.84592523
23/12/2011 	17.40832   	26.30146   	22.74173   	 5.33177379
24/12/2011 	19.33051   	23.92820   	21.61382   	 5.44822776
25/12/2011 	15.65300   	22.50731   	20.53016   	 5.66834485
26/12/2011 	13.55892   	23.82886   	19.21442   	 6.14308647
27/12/2011 	16.76866   	23.94549   	19.02248   	 6.41726108
28/12/2011 	16.14268   	24.89107   	18.90273   	 6.24459491
29/12/2011 	15.85544   	25.44355   	21.98760   	 6.06264138
30/12/2011 	17.14941   	26.86782   	22.22953   	 5.71726954
