date	smin	smax	smean	tmean
01/01/2009 	18.233032  	23.65660   	20.59690   	 1.85405290
02/01/2009 	17.284767  	23.87146   	20.33340   	 1.74992719
03/01/2009 	17.886324  	24.05471   	20.65665   	 1.43560912
04/01/2009 	18.845860  	22.47219   	20.15165   	 1.49684192
05/01/2009 	16.681561  	23.72060   	20.11867   	 1.49534343
06/01/2009 	18.401104  	24.36368   	21.99636   	 1.05223369
07/01/2009 	18.428425  	23.72477   	21.73544   	 0.97448559
08/01/2009 	18.884069  	23.56863   	21.67819   	 0.77069979
09/01/2009 	19.356396  	23.36947   	21.61211   	 0.70925963
10/01/2009 	18.657360  	23.57470   	21.45760   	 0.54408308
11/01/2009 	19.759792  	23.76065   	22.60205   	 0.75546827
12/01/2009 	21.410788  	27.99115   	24.11349   	 1.31238411
13/01/2009 	22.522135  	29.20847   	25.61589   	 2.07101684
14/01/2009 	22.043612  	28.43298   	24.95196   	 2.15696558
15/01/2009 	20.273323  	27.87948   	23.88306   	 1.99307022
16/01/2009 	19.994694  	26.44109   	24.14839   	 2.09801521
17/01/2009 	22.832026  	25.74463   	24.20443   	 2.29690227
18/01/2009 	22.865396  	26.73271   	24.43605   	 2.70804705
19/01/2009 	21.887924  	28.52110   	26.20537   	 2.89796498
20/01/2009 	25.511908  	29.53811   	27.47646   	 2.97187912
21/01/2009 	25.475651  	29.49528   	27.75299   	 2.87025817
22/01/2009 	25.939985  	29.50241   	28.09222   	 2.63951105
23/01/2009 	25.052055  	29.79039   	28.21010   	 2.60263709
24/01/2009 	26.154091  	28.38948   	27.34302   	 2.79767873
25/01/2009 	25.970655  	28.30911   	27.06532   	 2.80094770
26/01/2009 	26.044790  	27.77733   	27.07547   	 2.61851154
27/01/2009 	22.689501  	27.44695   	26.11484   	 2.31726955
28/01/2009 	20.969479  	26.93483   	25.30224   	 2.04643203
29/01/2009 	19.450361  	25.86232   	24.21433   	 1.78213071
30/01/2009 	20.651295  	25.53540   	23.74809   	 1.51147757
31/01/2009 	22.683205  	25.20015   	23.98180   	 1.24624023
01/02/2009 	22.223700  	24.67519   	23.38007   	 0.75688481
02/02/2009 	22.417471  	24.13872   	23.28527   	 0.39684814
03/02/2009 	23.296022  	24.60753   	23.99012   	 0.66275850
04/02/2009 	23.192272  	24.68678   	24.02432   	 0.79379390
05/02/2009 	23.341410  	25.48146   	24.36359   	 0.92887968
06/02/2009 	23.576817  	25.64018   	24.56075   	 1.20429955
07/02/2009 	22.564360  	25.15946   	24.07723   	 1.34743424
08/02/2009 	22.283556  	25.08049   	23.70181   	 1.49356182
09/02/2009 	21.291546  	25.43616   	23.47125   	 1.53137517
10/02/2009 	21.151279  	24.96437   	23.12577   	 1.57972798
11/02/2009 	19.206711  	24.84299   	22.42615   	 1.77470353
12/02/2009 	19.047831  	25.86059   	22.70284   	 2.01760897
13/02/2009 	19.131216  	25.82644   	22.91989   	 2.18305391
14/02/2009 	16.076761  	25.75860   	22.16089   	 2.00366798
15/02/2009 	18.220049  	25.76954   	22.16047   	 2.00246799
16/02/2009 	18.437153  	23.77531   	21.07597   	 2.33361159
17/02/2009 	17.549824  	23.21598   	21.09637   	 2.80259812
18/02/2009 	18.390043  	23.52665   	21.19583   	 2.66832134
19/02/2009 	19.244202  	22.08475   	20.85046   	 2.56987819
20/02/2009 	17.559168  	21.47762   	20.07207   	 2.78070843
21/02/2009 	17.037317  	21.96235   	19.52725   	 3.00513617
22/02/2009 	16.627409  	21.51756   	19.15639   	 3.21458317
23/02/2009 	17.498634  	21.68125   	19.28242   	 3.84734487
24/02/2009 	13.400114  	21.91322   	18.67282   	 3.97175588
25/02/2009 	14.191616  	21.14830   	18.39262   	 4.01071054
26/02/2009 	16.076687  	20.51468   	18.33901   	 4.27233875
27/02/2009 	15.404897  	20.00828   	17.62408   	 4.72857413
28/02/2009 	14.665740  	21.32409   	17.70347   	 5.01487919
01/03/2009 	14.179777  	21.77006   	18.16347   	 5.00964910
02/03/2009 	15.678275  	21.76768   	19.05578   	 5.16243681
03/03/2009 	16.776331  	21.77994   	19.58979   	 5.11606943
04/03/2009 	18.278721  	21.80849   	20.74284   	 4.83570994
05/03/2009 	19.183064  	23.33220   	21.17617   	 4.79487745
06/03/2009 	16.925518  	21.48625   	19.58940   	 4.88995202
07/03/2009 	16.659393  	21.65124   	19.24723   	 4.83144044
08/03/2009 	16.735706  	22.71828   	20.59396   	 4.94912530
09/03/2009 	18.290737  	23.26770   	20.73788   	 4.94282240
10/03/2009 	17.999411  	23.31177   	20.06628   	 4.92459416
11/03/2009 	18.628601  	22.68461   	20.42379   	 4.91991311
12/03/2009 	15.815499  	22.78356   	19.68978   	 5.10751276
13/03/2009 	15.900612  	22.80119   	19.49166   	 5.38993058
14/03/2009 	14.354491  	21.97904   	19.16735   	 5.63733991
15/03/2009 	16.825335  	21.83080   	19.72765   	 5.90258736
16/03/2009 	13.431764  	21.57703   	18.77428   	 6.14639395
17/03/2009 	13.653678  	21.35800   	18.31284   	 6.39047163
18/03/2009 	12.686549  	20.48137   	17.37609   	 6.52308262
19/03/2009 	15.352024  	20.07297   	18.05517   	 6.62131582
20/03/2009 	15.301732  	20.57047   	18.13093   	 6.68500977
21/03/2009 	15.686280  	21.93923   	19.11894   	 6.60728184
22/03/2009 	13.913324  	20.41860   	17.44016   	 6.57460459
23/03/2009 	13.946351  	18.90737   	15.64090   	 6.74741146
24/03/2009 	15.102487  	20.97583   	17.22673   	 6.56230689
25/03/2009 	13.410926  	20.90404   	17.53565   	 6.54011350
26/03/2009 	14.839600  	20.64112   	17.39647   	 6.54937810
27/03/2009 	15.228034  	21.39285   	18.15965   	 6.48779948
28/03/2009 	14.881772  	22.77499   	17.97376   	 6.46099057
29/03/2009 	15.386313  	21.24868   	18.27197   	 6.37625993
30/03/2009 	14.288761  	21.20439   	17.71584   	 6.30376866
31/03/2009 	14.528296  	21.09779   	17.83138   	 6.54496735
01/04/2009 	13.443939  	20.76574   	17.68699   	 6.86659058
02/04/2009 	13.012201  	21.16828   	18.01123   	 7.24729121
03/04/2009 	15.193660  	21.05397   	18.72265   	 7.64517777
04/04/2009 	15.168569  	21.34825   	18.96181   	 7.89104740
05/04/2009 	14.519034  	21.84760   	19.13007   	 8.05575333
06/04/2009 	14.917015  	22.47311   	19.26086   	 8.23519882
07/04/2009 	15.138369  	22.67682   	19.94559   	 8.43097474
08/04/2009 	17.132263  	23.02045   	20.98797   	 8.46139572
09/04/2009 	19.100124  	22.72346   	20.91619   	 8.60183791
10/04/2009 	18.736910  	23.28815   	20.94106   	 8.97028156
11/04/2009 	18.511148  	23.07542   	21.16380   	 9.36383869
12/04/2009 	18.554522  	22.76151   	20.91031   	 9.83899661
13/04/2009 	18.249249  	22.52862   	20.69817   	10.17682262
14/04/2009 	18.314417  	22.93803   	20.87870   	10.30847466
15/04/2009 	18.522282  	23.11045   	21.05622   	10.61628040
16/04/2009 	19.255018  	23.39309   	21.52291   	10.92825617
17/04/2009 	19.298399  	23.57397   	21.82415   	11.09191245
18/04/2009 	20.212627  	23.93234   	21.89723   	10.99130128
19/04/2009 	20.032352  	23.76527   	21.74523   	11.07547496
20/04/2009 	19.764168  	23.68210   	21.81445   	11.37255096
21/04/2009 	19.693092  	23.73819   	21.69078   	11.65657767
22/04/2009 	19.116102  	23.70911   	21.52814   	11.77418019
23/04/2009 	18.625862  	24.08675   	21.39978   	11.93839129
24/04/2009 	19.281107  	24.27163   	22.02810   	12.13351270
25/04/2009 	19.667809  	24.60909   	22.74546   	12.18140342
26/04/2009 	19.996334  	24.97102   	22.82582   	12.41227603
27/04/2009 	19.973135  	25.01753   	23.22725   	12.49267487
28/04/2009 	21.103432  	24.99947   	23.46815   	12.52935354
29/04/2009 	20.922857  	25.10309   	23.34510   	12.67726147
30/04/2009 	21.122965  	25.57532   	23.42092   	12.88269426
01/05/2009 	21.388359  	25.39860   	23.54367   	13.30615840
02/05/2009 	22.097347  	25.33522   	23.82130   	13.56775479
03/05/2009 	21.462439  	25.34537   	23.44444   	13.64320517
04/05/2009 	21.389290  	24.78640   	22.96300   	13.10643882
05/05/2009 	20.949989  	24.48556   	22.75876   	12.89544243
06/05/2009 	20.234259  	24.31832   	22.10655   	12.82291691
07/05/2009 	19.962496  	24.82785   	21.86459   	12.80539982
08/05/2009 	20.130486  	25.41206   	22.65469   	12.84109040
09/05/2009 	20.685989  	25.34554   	22.79932   	12.75955288
10/05/2009 	20.755650  	25.32212   	22.68285   	12.99036034
11/05/2009 	20.825876  	24.38425   	22.23396   	12.90045228
12/05/2009 	20.869858  	25.26327   	22.57002   	12.60983062
13/05/2009 	21.175709  	25.52898   	23.42391   	12.80458548
14/05/2009 	21.966600  	25.87248   	24.20958   	12.94955591
15/05/2009 	22.843765  	26.15440   	24.86257   	13.02407684
16/05/2009 	24.756018  	26.44988   	25.62909   	13.05473717
17/05/2009 	24.479507  	26.58148   	25.46335   	13.20993674
18/05/2009 	24.745890  	27.02786   	25.83144   	13.14423845
19/05/2009 	23.733847  	26.78787   	25.29435   	13.26172010
20/05/2009 	23.325188  	26.96387   	24.87144   	13.48439058
21/05/2009 	23.378759  	26.80284   	25.09545   	13.78111553
22/05/2009 	23.814751  	26.70386   	25.06944   	14.17877839
23/05/2009 	23.678337  	26.43392   	25.02983   	14.73717999
24/05/2009 	24.116323  	26.52892   	25.22879   	15.37560717
25/05/2009 	23.725918  	26.57234   	25.22610   	16.18621292
26/05/2009 	23.518339  	26.63520   	25.56123   	16.36865826
27/05/2009 	24.147833  	26.43103   	25.53296   	15.98893829
28/05/2009 	24.258980  	26.15119   	25.11422   	15.85981623
29/05/2009 	21.816092  	25.48617   	24.23842   	16.01029611
30/05/2009 	19.708214  	26.09637   	23.63649   	16.15146846
31/05/2009 	20.207275  	26.29457   	23.86563   	16.36713558
01/06/2009 	19.875614  	26.37267   	23.54735   	16.72482995
02/06/2009 	20.153374  	26.18975   	23.11463   	16.76059175
03/06/2009 	21.004030  	27.38060   	24.35834   	15.81963058
04/06/2009 	23.465528  	28.78626   	25.96550   	14.73783273
05/06/2009 	24.075533  	29.41155   	26.32816   	14.08459522
06/06/2009 	23.877510  	28.00659   	26.13459   	13.96488631
07/06/2009 	24.477982  	28.74836   	26.94660   	14.02150391
08/06/2009 	24.726789  	28.28960   	26.79760   	14.53865844
09/06/2009 	24.819717  	28.45267   	26.98849   	14.95354132
10/06/2009 	25.463037  	27.99508   	27.14729   	15.23704388
11/06/2009 	24.400314  	28.13109   	26.82147   	15.61264990
12/06/2009 	24.596094  	28.47964   	27.02887   	15.62706270
13/06/2009 	21.984039  	28.72878   	26.58496   	15.71857351
14/06/2009 	21.465185  	27.89055   	25.90787   	16.26647415
15/06/2009 	22.142345  	27.47842   	25.38540   	16.76827633
16/06/2009 	21.321081  	27.47993   	25.36470   	16.91491608
17/06/2009 	21.118593  	27.74389   	25.10278   	17.02577905
18/06/2009 	23.131088  	27.37646   	25.93177   	17.08513590
19/06/2009 	23.846815  	27.08931   	25.72625   	17.10004739
20/06/2009 	23.854603  	26.73563   	25.54154   	16.79056990
21/06/2009 	23.865629  	27.44073   	25.82000   	16.55015433
22/06/2009 	21.822386  	28.34414   	25.99915   	16.36438018
23/06/2009 	21.215380  	28.21736   	25.49818   	16.79665069
24/06/2009 	20.800541  	28.60933   	25.32349   	17.29727491
25/06/2009 	21.619513  	28.69831   	25.66095   	17.63421929
26/06/2009 	22.143747  	28.85798   	26.15268   	18.09812876
27/06/2009 	22.594940  	28.72741   	26.42468   	18.60215155
28/06/2009 	23.500010  	28.75707   	26.81240   	19.09511685
29/06/2009 	23.929037  	28.83602   	26.88596   	19.75713762
30/06/2009 	23.877798  	28.94986   	26.70033   	20.43942384
01/07/2009 	23.644840  	28.89758   	26.49898   	20.92986929
02/07/2009 	23.001181  	28.85162   	26.45454   	21.18796146
03/07/2009 	24.090895  	28.90400   	27.22502   	21.42564567
04/07/2009 	25.205700  	28.68746   	27.40398   	21.60139338
05/07/2009 	24.021206  	28.95479   	27.22469   	21.92366167
06/07/2009 	24.618095  	28.79351   	27.42781   	21.92514078
07/07/2009 	25.914896  	28.50041   	27.55175   	21.24022722
08/07/2009 	26.052580  	28.20461   	27.04127   	20.70699275
09/07/2009 	26.246082  	28.05041   	27.28072   	19.09425203
10/07/2009 	26.510468  	28.67415   	27.31617   	17.76604013
11/07/2009 	26.899837  	30.65436   	27.98176   	16.86892984
12/07/2009 	25.758411  	29.09793   	26.94386   	17.32612272
13/07/2009 	24.357058  	27.43242   	25.86603   	17.98192736
14/07/2009 	23.709494  	27.05100   	25.11859   	18.82130249
15/07/2009 	23.746206  	26.58717   	25.01949   	19.24416161
16/07/2009 	22.852530  	26.12666   	24.58190   	19.35636862
17/07/2009 	23.485922  	26.44563   	24.76324   	19.58309960
18/07/2009 	23.491320  	26.48716   	25.13871   	19.50264815
19/07/2009 	22.639561  	26.77260   	24.72121   	19.21094370
20/07/2009 	22.629078  	27.23785   	25.03188   	19.17841287
21/07/2009 	22.345711  	27.15105   	24.53247   	19.15863009
22/07/2009 	22.742714  	27.01627   	24.65843   	19.41018720
23/07/2009 	23.005127  	26.94576   	24.56224   	19.45627697
24/07/2009 	23.160313  	27.03781   	24.76842   	19.41178099
25/07/2009 	23.163338  	26.70889   	24.53501   	19.24918962
26/07/2009 	23.084082  	26.71338   	24.43338   	18.86119262
27/07/2009 	22.232561  	26.04179   	24.08166   	19.29727077
28/07/2009 	22.122231  	25.60109   	23.79853   	19.45774702
29/07/2009 	22.433216  	25.51684   	23.46700   	19.65160390
30/07/2009 	22.398300  	24.91595   	23.85335   	19.67336925
31/07/2009 	21.927713  	24.34318   	23.10740   	19.04681945
01/08/2009 	21.998140  	24.01336   	22.79670   	19.10478246
02/08/2009 	22.110483  	24.76385   	23.22560   	19.29761167
03/08/2009 	22.165371  	24.03921   	23.08190   	19.27718667
04/08/2009 	22.331659  	24.39477   	23.21448   	19.49097371
05/08/2009 	21.628580  	24.71369   	23.30166   	19.88610868
06/08/2009 	21.637896  	24.92760   	23.56799   	20.40306111
07/08/2009 	21.457726  	25.14598   	23.77678   	20.73363602
08/08/2009 	21.263351  	25.58882   	23.78702   	20.94385660
09/08/2009 	21.140219  	25.87065   	23.85907   	20.71458391
10/08/2009 	21.329729  	26.18808   	24.13642   	20.69184419
11/08/2009 	22.017036  	26.24042   	24.48491   	20.87538187
12/08/2009 	21.760738  	26.62757   	24.57049   	20.67630092
13/08/2009 	22.582422  	26.65244   	24.72812   	20.33305248
14/08/2009 	22.890537  	27.08761   	24.89326   	20.30616291
15/08/2009 	23.002613  	26.57641   	25.19721   	20.38750231
16/08/2009 	23.462511  	25.80561   	24.65208   	20.39583516
17/08/2009 	23.283304  	25.31289   	24.13554   	20.36996122
18/08/2009 	23.292931  	25.04421   	24.12325   	20.11533376
19/08/2009 	23.034706  	25.80577   	24.45404   	20.24584758
20/08/2009 	22.435226  	26.25473   	24.86760   	20.49758561
21/08/2009 	23.585562  	25.77792   	24.98989   	20.42508602
22/08/2009 	23.119509  	25.84309   	24.85966   	20.09662219
23/08/2009 	23.502760  	26.86648   	25.29737   	19.95048078
24/08/2009 	24.128992  	26.84016   	25.70327   	20.17051117
25/08/2009 	24.056501  	26.50362   	25.73837   	20.47175960
26/08/2009 	24.668428  	26.66074   	25.85289   	20.16813564
27/08/2009 	25.171587  	26.65210   	25.97527   	20.01751180
28/08/2009 	24.198360  	26.34018   	25.43961   	19.54522006
29/08/2009 	23.898035  	26.06700   	24.91115   	18.72628367
30/08/2009 	23.468912  	26.17093   	24.81557   	17.84661976
31/08/2009 	22.881353  	26.39139   	24.78669   	17.98357010
01/09/2009 	22.902958  	27.84873   	26.15086   	18.31862803
02/09/2009 	24.406570  	28.43570   	26.30854   	18.05560501
03/09/2009 	24.014412  	29.44371   	27.36616   	17.91502130
04/09/2009 	24.011705  	29.38930   	27.49543   	17.14558140
05/09/2009 	24.411934  	28.89840   	26.99162   	16.49994012
06/09/2009 	25.775753  	28.13735   	27.50833   	16.26639913
07/09/2009 	26.054365  	28.29682   	27.31441   	16.17364872
08/09/2009 	26.222410  	28.20041   	26.98516   	16.45655839
09/09/2009 	26.018980  	28.05639   	27.16087   	16.87163862
10/09/2009 	24.737354  	28.78467   	26.85562   	16.69322439
11/09/2009 	24.063347  	28.29409   	26.35409   	16.16621427
12/09/2009 	24.838556  	28.28946   	26.62072   	15.98820092
13/09/2009 	25.606020  	28.93081   	27.46511   	15.76944606
14/09/2009 	26.033051  	28.75305   	27.42770   	15.79222081
15/09/2009 	26.335138  	29.26249   	27.84534   	15.79305959
16/09/2009 	26.502283  	29.20669   	27.89908   	15.85747033
17/09/2009 	26.482666  	29.46573   	27.99073   	15.68825090
18/09/2009 	26.878567  	29.63753   	28.37445   	15.51089259
19/09/2009 	27.083942  	29.82751   	28.50073   	15.73630589
20/09/2009 	27.251337  	29.86263   	28.66798   	15.99865329
21/09/2009 	27.552027  	30.09921   	28.96223   	16.10788804
22/09/2009 	27.733494  	29.82220   	29.20740   	16.19056437
23/09/2009 	28.091141  	30.10113   	29.29347   	16.29725017
24/09/2009 	28.692101  	30.65566   	29.65960   	16.05161212
25/09/2009 	28.978674  	30.66331   	29.77350   	15.98130079
26/09/2009 	28.527374  	30.42188   	29.55163   	16.03210123
27/09/2009 	28.632408  	30.26593   	29.25520   	16.16893703
28/09/2009 	28.659575  	30.03377   	29.18103   	16.33151042
29/09/2009 	28.842371  	30.72795   	29.30719   	16.29327691
30/09/2009 	27.536406  	30.87261   	28.63080   	16.15094392
01/10/2009 	27.408041  	30.88626   	28.84611   	15.69929802
02/10/2009 	28.439566  	31.85580   	29.76613   	14.64814951
03/10/2009 	25.106689  	29.68070   	27.93584   	14.58449350
04/10/2009 	24.751854  	28.41421   	26.54395   	13.91566702
05/10/2009 	25.366125  	27.78234   	26.40238   	13.34611921
06/10/2009 	25.255552  	27.48144   	26.23291   	13.53157385
07/10/2009 	25.018995  	27.95092   	26.14185   	13.97961167
08/10/2009 	25.371042  	26.79128   	25.87928   	13.90102416
09/10/2009 	23.286661  	28.01718   	25.86197   	13.19560844
10/10/2009 	24.438833  	28.00318   	26.82785   	12.98390921
11/10/2009 	23.868853  	27.53802   	26.03955   	12.74450648
12/10/2009 	22.351503  	27.02606   	25.63986   	11.91091386
13/10/2009 	22.076939  	27.66986   	25.23005   	10.94949538
14/10/2009 	20.607187  	28.68251   	25.95081   	11.01669880
15/10/2009 	20.897408  	27.96721   	25.21198   	10.38909290
16/10/2009 	20.780458  	31.89767   	26.92848   	10.23501945
17/10/2009 	24.979166  	32.16472   	29.23792   	10.69217332
18/10/2009 	25.554211  	30.38716   	28.38256   	10.33680830
19/10/2009 	26.451487  	29.67157   	28.32514   	10.33352186
20/10/2009 	26.615463  	29.02251   	28.17882   	10.09389704
21/10/2009 	27.718386  	28.79888   	28.32053   	 9.69953452
22/10/2009 	27.878374  	28.41397   	28.09805   	 9.42357689
23/10/2009 	26.761980  	28.36590   	27.90056   	 9.52857079
24/10/2009 	27.575542  	28.93621   	28.12827   	 9.88626440
25/10/2009 	27.869335  	28.97710   	28.53017   	10.48106788
26/10/2009 	27.255804  	28.96210   	28.24714   	10.67940168
27/10/2009 	27.435535  	28.66982   	28.02054   	10.85227080
28/10/2009 	27.032705  	28.99890   	27.93252   	10.90512906
29/10/2009 	27.266720  	29.72113   	28.16731   	11.22217758
30/10/2009 	27.213161  	29.21861   	28.06742   	11.28997223
31/10/2009 	26.985355  	29.70314   	28.45998   	11.34905068
01/11/2009 	27.748417  	29.37745   	28.65888   	11.51037433
02/11/2009 	27.978518  	29.21700   	28.67371   	11.66164201
03/11/2009 	27.402973  	29.48804   	28.37353   	11.32930158
04/11/2009 	27.514282  	29.40578   	28.56470   	11.12463641
05/11/2009 	27.076313  	29.92166   	28.33643   	10.89994188
06/11/2009 	27.082720  	30.02444   	28.23257   	10.72531766
07/11/2009 	26.969841  	29.99269   	28.55957   	10.63050518
08/11/2009 	26.334665  	29.65317   	27.50138   	10.23937831
09/11/2009 	23.651485  	28.57198   	26.66732   	 9.48773442
10/11/2009 	24.670341  	29.00701   	27.00147   	 9.28909548
11/11/2009 	24.313643  	28.72338   	26.66884   	 9.07912582
12/11/2009 	24.745235  	29.05561   	27.03277   	 9.32213950
13/11/2009 	25.041626  	28.35337   	27.08791   	 9.62768795
14/11/2009 	24.963070  	27.98359   	26.94413   	10.14686449
15/11/2009 	24.607746  	29.85891   	27.36167   	10.35171187
16/11/2009 	24.739679  	30.33899   	27.55924   	10.42793121
17/11/2009 	25.850637  	29.96750   	27.87954   	10.47096841
18/11/2009 	25.164162  	30.31972   	28.18479   	10.41699449
19/11/2009 	23.766083  	30.00586   	27.46412   	10.50095658
20/11/2009 	24.726915  	30.09252   	28.58108   	10.52064075
21/11/2009 	26.278358  	29.98622   	28.06557   	10.53302052
22/11/2009 	26.850252  	29.88709   	28.46192   	10.65551054
23/11/2009 	25.932507  	30.12848   	28.72859   	10.53991876
24/11/2009 	25.607906  	30.12427   	28.43000   	10.29855436
25/11/2009 	26.961678  	30.57697   	29.80101   	10.27519143
26/11/2009 	29.397829  	30.57899   	30.41973   	10.23303167
27/11/2009 	29.915249  	30.51957   	30.21003   	 9.65805626
28/11/2009 	28.841383  	30.27913   	29.65841   	 9.25377591
29/11/2009 	26.983013  	29.68265   	29.06659   	 9.01305354
30/11/2009 	27.462105  	29.45444   	28.81891   	 8.99980549
01/12/2009 	26.490286  	28.63207   	27.78361   	 8.16240359
02/12/2009 	23.591335  	28.43245   	27.14332   	 7.79309776
03/12/2009 	25.129108  	27.82139   	26.50367   	 7.85064586
04/12/2009 	24.372955  	26.54320   	25.40704   	 7.80961823
05/12/2009 	23.918852  	26.82227   	25.36341   	 7.69678026
06/12/2009 	24.050457  	26.87491   	25.16104   	 7.88446508
07/12/2009 	23.273605  	27.82047   	25.34124   	 8.07917888
08/12/2009 	23.345936  	27.90366   	25.38510   	 8.10786640
09/12/2009 	23.414547  	26.67084   	24.75983   	 7.95782443
10/12/2009 	23.167248  	26.74869   	24.64708   	 8.17180348
11/12/2009 	18.524380  	24.75153   	22.84759   	 8.02146851
12/12/2009 	16.390835  	24.26471   	21.28603   	 7.63183205
13/12/2009 	16.859221  	23.71413   	21.04116   	 7.13199538
14/12/2009 	17.471424  	23.54217   	20.85029   	 6.60130394
15/12/2009 	14.789378  	21.92306   	19.72417   	 5.79142205
16/12/2009 	15.935637  	21.94673   	19.98806   	 5.34296647
17/12/2009 	17.585939  	22.67559   	19.87292   	 5.03296236
18/12/2009 	16.654310  	22.58770   	20.00526   	 4.49231651
19/12/2009 	15.151700  	23.36478   	19.73223   	 3.95113353
20/12/2009 	19.448259  	23.25815   	21.63463   	 3.57851085
21/12/2009 	19.107523  	23.55046   	21.06717   	 3.19542055
22/12/2009 	19.213842  	24.51316   	21.93518   	 3.32374407
23/12/2009 	20.013664  	25.59323   	22.34972   	 3.39958289
24/12/2009 	20.360254  	25.69711   	23.37081   	 3.56936731
25/12/2009 	20.165977  	25.76000   	23.48614   	 3.49487584
26/12/2009 	20.701252  	24.11205   	22.67823   	 3.39456439
27/12/2009 	23.009171  	27.41665   	25.55475   	 4.25763055
28/12/2009 	22.705330  	27.58508   	25.51466   	 4.25614594
29/12/2009 	20.931728  	27.15562   	24.80451   	 3.90058170
30/12/2009 	19.257629  	27.28969   	24.89398   	 3.62709309
31/12/2009 	18.586950  	25.92623   	23.40797   	 3.12982379
01/01/2010 	17.231764  	24.32981   	21.81638   	 2.63761377
02/01/2010 	17.683319  	23.74261   	21.40682   	 2.32872956
03/01/2010 	17.578676  	23.92309   	21.00178   	 2.00175061
04/01/2010 	17.952967  	23.67699   	20.89882   	 1.78809724
05/01/2010 	18.322741  	23.64401   	20.85736   	 1.81877084
06/01/2010 	18.009222  	23.43877   	20.50168   	 1.77158648
07/01/2010 	16.956766  	23.57015   	20.15841   	 1.66075104
08/01/2010 	15.773211  	23.42943   	20.05063   	 1.41226365
09/01/2010 	15.001678  	22.33075   	18.68024   	 0.73514365
10/01/2010 	13.832541  	22.52722   	18.80693   	 0.70780254
11/01/2010 	16.042809  	22.63892   	20.14875   	 0.98502037
12/01/2010 	15.665058  	23.17030   	20.53628   	 0.99512224
13/01/2010 	17.181990  	23.90286   	21.78031   	 0.82281667
14/01/2010 	20.620562  	24.22829   	22.82815   	 0.86196069
15/01/2010 	20.197926  	23.89180   	22.32831   	 0.67193254
16/01/2010 	20.754789  	23.87852   	22.38756   	 0.83821482
17/01/2010 	21.932446  	24.88951   	23.25317   	 1.33226378
18/01/2010 	21.719597  	24.29454   	22.81560   	 1.36562138
19/01/2010 	20.497248  	23.94478   	22.25872   	 1.51543767
20/01/2010 	17.004709  	23.84731   	21.21212   	 1.44339802
21/01/2010 	17.656305  	23.90711   	21.82163   	 1.43373800
22/01/2010 	17.983944  	23.50312   	21.40206   	 1.24533266
23/01/2010 	20.874937  	23.21901   	22.11675   	 1.38042959
24/01/2010 	20.146425  	23.00989   	21.89596   	 1.26340574
25/01/2010 	19.336287  	23.35000   	21.81377   	 1.07194051
26/01/2010 	18.251415  	23.73152   	21.62463   	 0.63385312
27/01/2010 	19.987871  	23.74431   	21.96148   	 0.52180716
28/01/2010 	18.474848  	22.68297   	20.81806   	 0.67185015
29/01/2010 	17.944368  	22.88699   	20.00837   	 0.73450089
30/01/2010 	18.565357  	25.57240   	21.98120   	 0.92864050
31/01/2010 	19.297636  	23.84275   	22.08605   	 0.91714090
01/02/2010 	19.389900  	24.22296   	22.07470   	 1.02099780
02/02/2010 	18.739529  	23.79810   	21.84878   	 1.08436026
03/02/2010 	20.475796  	23.72934   	21.66992   	 1.25475799
04/02/2010 	17.555607  	23.70656   	21.00750   	 1.32989263
05/02/2010 	18.154728  	23.34032   	21.36210   	 1.50783084
06/02/2010 	16.678219  	22.60760   	20.69585   	 1.63901761
07/02/2010 	15.212786  	22.30550   	19.79675   	 1.61386103
08/02/2010 	16.698900  	22.56279   	20.51754   	 1.45115649
09/02/2010 	19.206493  	22.65672   	21.34153   	 1.22055991
10/02/2010 	15.201474  	22.46877   	20.26004   	 0.84408463
11/02/2010 	14.876596  	22.11760   	18.85165   	 0.51336614
12/02/2010 	14.445538  	22.40053   	19.02944   	 0.20086589
13/02/2010 	14.471286  	23.66188   	19.82480   	-0.13824871
14/02/2010 	15.720131  	24.16785   	20.61958   	-0.28979242
15/02/2010 	17.222069  	23.39489   	20.99714   	-0.51343585
16/02/2010 	18.203478  	23.24927   	21.37122   	-0.49182910
17/02/2010 	20.585823  	23.44617   	21.67176   	-0.19600576
18/02/2010 	19.840078  	23.88588   	21.73517   	 0.01896630
19/02/2010 	21.071404  	24.57320   	22.81870   	 0.72036390
20/02/2010 	22.109850  	24.54339   	23.08988   	 1.02253329
21/02/2010 	21.461468  	24.77014   	22.83908   	 1.01610465
22/02/2010 	21.407032  	25.13066   	23.17448   	 1.31505460
23/02/2010 	20.313931  	24.52452   	22.58271   	 1.43130526
24/02/2010 	21.661762  	25.20254   	23.77838   	 1.56398526
25/02/2010 	22.811161  	24.93083   	24.26388   	 1.91045245
26/02/2010 	22.732290  	25.53581   	24.26153   	 2.22759751
27/02/2010 	21.924768  	26.68721   	24.11627   	 2.49106876
28/02/2010 	21.515333  	26.74351   	23.84122   	 2.73862139
01/03/2010 	23.380713  	25.82797   	24.52625   	 3.08296130
02/03/2010 	22.286352  	25.97179   	24.21853   	 3.07214426
03/03/2010 	18.427896  	25.06298   	22.91978   	 3.03727250
04/03/2010 	17.231215  	24.66847   	21.46568   	 3.04544130
05/03/2010 	16.942072  	24.19547   	20.94837   	 2.96243417
06/03/2010 	13.824922  	24.72227   	20.73545   	 2.71517462
07/03/2010 	15.165545  	24.51385   	20.47237   	 2.53959847
08/03/2010 	14.927320  	21.62923   	19.12416   	 2.41153803
09/03/2010 	17.752825  	21.39404   	19.64410   	 2.31055751
10/03/2010 	19.147257  	21.36693   	20.19072   	 2.31194594
11/03/2010 	15.819591  	23.15103   	20.14393   	 2.39661916
12/03/2010 	14.638545  	21.33021   	18.84658   	 2.49887797
13/03/2010 	14.665089  	21.47008   	18.19131   	 2.69720580
14/03/2010 	15.462171  	20.54201   	17.96845   	 3.05936759
15/03/2010 	15.354621  	21.43749   	18.59825   	 3.56154784
16/03/2010 	13.943559  	21.20472   	18.44997   	 3.90606942
17/03/2010 	14.428536  	21.04391   	18.46709   	 4.09422136
18/03/2010 	14.759126  	21.96096   	18.66462   	 4.37439939
19/03/2010 	16.196405  	22.38733   	19.70805   	 4.66092933
20/03/2010 	17.686029  	23.32264   	20.60512   	 5.07196636
21/03/2010 	17.635015  	22.72711   	20.42178   	 5.54961937
22/03/2010 	16.603231  	22.64550   	19.97047   	 5.82861143
23/03/2010 	17.239857  	23.30599   	20.70141   	 5.94982300
24/03/2010 	17.343533  	23.15989   	20.87234   	 6.15338401
25/03/2010 	18.136007  	23.84418   	21.85722   	 6.35777166
26/03/2010 	17.418747  	23.60944   	21.79989   	 6.64842979
27/03/2010 	17.996401  	24.54327   	22.20609   	 6.74966206
28/03/2010 	19.312412  	24.61730   	22.20454   	 6.87132264
29/03/2010 	17.922205  	24.11777   	21.68011   	 7.05746458
30/03/2010 	16.490072  	24.53294   	21.48874   	 7.29643813
31/03/2010 	20.670408  	25.67646   	23.90183   	 7.05587485
01/04/2010 	23.671156  	26.77383   	24.84984   	 6.70443520
02/04/2010 	23.554346  	27.17632   	25.02574   	 6.64165586
03/04/2010 	21.422729  	27.12797   	24.98797   	 6.81655240
04/04/2010 	19.417231  	26.81518   	24.42712   	 7.07816599
05/04/2010 	18.742912  	26.32240   	23.68253   	 7.23658939
06/04/2010 	20.032579  	26.68696   	24.06476   	 7.46655563
07/04/2010 	21.648523  	26.59852   	24.85080   	 7.67372184
08/04/2010 	20.277851  	26.15241   	24.26144   	 7.95027838
09/04/2010 	19.774921  	25.34718   	23.16213   	 8.44977538
10/04/2010 	19.372580  	25.03241   	22.64341   	 8.73638427
11/04/2010 	17.659174  	24.20688   	21.29382   	 8.85921683
12/04/2010 	16.945957  	24.28035   	20.76985   	 8.75244248
13/04/2010 	16.438452  	24.14352   	20.67007   	 8.77326824
14/04/2010 	16.540718  	23.93762   	20.86673   	 8.76210999
15/04/2010 	16.846161  	24.29790   	21.41316   	 8.84371285
16/04/2010 	17.683615  	24.96393   	21.81603   	 8.85247701
17/04/2010 	18.136887  	24.89998   	22.08203   	 9.09959366
18/04/2010 	18.665125  	24.46130   	22.29928   	 9.53801316
19/04/2010 	19.236244  	25.78827   	22.66117   	 9.79630329
20/04/2010 	19.638313  	25.78921   	23.56591   	 9.80391906
21/04/2010 	22.446318  	25.85598   	24.09407   	 9.18202223
22/04/2010 	20.012503  	26.62371   	23.50514   	 8.92496656
23/04/2010 	20.458031  	26.00374   	24.00410   	 9.22105668
24/04/2010 	19.957598  	25.99245   	23.92310   	 9.54375945
25/04/2010 	21.528032  	26.11622   	24.58222   	 9.79579745
26/04/2010 	21.534922  	26.09984   	24.66715   	10.07847057
27/04/2010 	21.433334  	26.71350   	24.66189   	10.48856729
28/04/2010 	21.159197  	26.83864   	24.55811   	11.01962137
29/04/2010 	21.270092  	26.86813   	25.00580   	11.38258990
30/04/2010 	22.426805  	27.04676   	25.34674   	11.72114935
01/05/2010 	22.858919  	27.01159   	25.49411   	11.81256084
02/05/2010 	21.616867  	27.43399   	24.94888   	11.89062011
03/05/2010 	19.155045  	27.43721   	23.81968   	10.67731349
04/05/2010 	19.667267  	27.82285   	24.08296   	 9.89728508
05/05/2010 	19.508921  	27.06863   	23.88187   	10.19473670
06/05/2010 	19.349297  	27.21371   	24.65659   	10.10880619
07/05/2010 	20.050980  	27.92004   	24.87909   	 9.90888858
08/05/2010 	22.207451  	27.30693   	25.50527   	 9.95904768
09/05/2010 	21.944588  	27.39238   	24.81674   	10.10542820
10/05/2010 	21.325899  	27.58464   	24.86810   	10.20672935
11/05/2010 	21.174782  	27.69469   	24.64764   	10.18273008
12/05/2010 	20.317873  	27.91290   	24.74809   	 9.56319374
13/05/2010 	20.419479  	28.33085   	25.18678   	 9.29376668
14/05/2010 	19.748785  	27.70121   	24.83892   	 9.54491895
15/05/2010 	20.801830  	27.86237   	25.34397   	 9.94062384
16/05/2010 	22.727468  	28.13870   	25.84193   	10.40124891
17/05/2010 	22.718895  	27.85987   	25.80292   	10.80028842
18/05/2010 	22.369484  	28.40467   	25.97312   	11.39452682
19/05/2010 	20.895205  	28.55663   	25.47505   	11.91207967
20/05/2010 	20.115334  	28.17236   	25.23838   	12.47011747
21/05/2010 	20.397882  	27.73775   	24.92841   	13.20926807
22/05/2010 	19.567564  	27.93812   	24.44473   	13.89293881
23/05/2010 	20.169186  	27.55457   	24.76236   	14.48173561
24/05/2010 	21.258617  	26.89380   	24.86560   	14.98965488
25/05/2010 	20.966827  	27.93047   	24.95471   	15.42640299
26/05/2010 	20.563980  	28.21084   	25.06088   	15.12925881
27/05/2010 	20.026081  	28.61175   	25.59132   	14.67543226
28/05/2010 	20.975700  	28.27687   	25.88447   	14.73632711
29/05/2010 	21.408501  	28.28060   	25.85288   	14.64822181
30/05/2010 	23.372484  	28.04814   	26.65751   	14.72419012
31/05/2010 	24.255547  	28.88889   	26.77154   	14.52838777
01/06/2010 	23.031422  	29.24957   	26.60880   	14.68696856
02/06/2010 	23.033747  	29.31099   	26.61160   	15.13417423
03/06/2010 	22.054813  	29.22305   	26.22132   	15.57038544
04/06/2010 	22.397346  	28.95031   	26.07354   	16.03670730
05/06/2010 	23.226082  	28.52746   	26.21428   	16.44732650
06/06/2010 	24.121771  	28.24829   	26.53134   	16.80619844
07/06/2010 	24.972832  	27.98974   	26.77377   	16.89540156
08/06/2010 	24.155470  	27.47062   	26.23261   	17.03933748
09/06/2010 	23.287069  	27.09385   	25.80446   	17.27899659
10/06/2010 	22.341660  	27.29062   	25.35484   	17.52753035
11/06/2010 	22.242981  	27.58877   	25.48019   	17.75867105
12/06/2010 	22.484226  	27.58270   	25.22926   	17.76493073
13/06/2010 	20.812727  	27.37433   	24.96030   	17.52594479
14/06/2010 	20.088503  	27.72277   	24.84324   	17.61080567
15/06/2010 	19.564369  	28.19120   	24.36938   	17.12920841
16/06/2010 	18.735334  	28.06671   	23.85028   	16.62666686
17/06/2010 	19.762278  	28.46031   	24.75764   	16.44775667
18/06/2010 	21.194866  	28.86880   	25.99524   	16.09814068
19/06/2010 	26.259893  	31.64191   	28.89062   	14.97096608
20/06/2010 	27.698940  	32.39578   	29.92431   	14.11496858
21/06/2010 	28.445564  	32.41679   	29.66284   	14.10547481
22/06/2010 	28.155739  	31.23862   	29.45076   	14.78285128
23/06/2010 	27.512436  	30.21730   	29.25193   	15.56478061
24/06/2010 	27.297062  	30.29277   	29.14251   	16.40760297
25/06/2010 	27.667522  	30.59603   	29.27998   	17.10447419
26/06/2010 	27.067789  	30.86242   	29.36189   	18.07939947
27/06/2010 	26.717838  	30.81250   	29.27927   	18.42190711
28/06/2010 	26.538437  	30.69893   	29.30248   	19.18528175
29/06/2010 	26.348524  	30.60142   	29.27760   	19.77677019
30/06/2010 	26.567816  	30.67120   	29.20444   	20.19484723
01/07/2010 	26.811003  	30.80914   	29.31800   	20.45363684
02/07/2010 	26.678631  	30.86235   	29.45534   	20.78010412
03/07/2010 	27.070120  	30.46065   	29.30881   	21.24793208
04/07/2010 	26.898182  	30.55420   	29.22251   	21.49015331
05/07/2010 	27.378717  	30.43334   	29.51816   	21.57610603
06/07/2010 	27.215471  	30.59763   	29.23573   	21.38485662
07/07/2010 	27.344563  	30.65463   	29.43049   	20.90961126
08/07/2010 	27.218586  	30.58198   	29.62182   	20.86664216
09/07/2010 	27.310358  	30.75548   	29.53779   	21.06304181
10/07/2010 	27.357912  	30.76706   	29.50604   	21.38177963
11/07/2010 	26.923744  	30.89172   	29.39475   	21.94687927
12/07/2010 	26.794140  	30.88970   	29.31811   	22.25398004
13/07/2010 	27.395981  	30.54885   	29.56467   	22.10681963
14/07/2010 	27.072922  	30.55751   	29.21121   	22.22393644
15/07/2010 	27.570410  	30.46628   	29.50399   	21.87407688
16/07/2010 	28.642147  	29.80966   	29.23250   	21.13723302
17/07/2010 	28.394873  	29.31913   	28.90697   	20.71601729
18/07/2010 	28.409561  	29.19480   	28.81885   	20.48116660
19/07/2010 	28.144823  	29.02087   	28.64985   	20.43866928
20/07/2010 	27.525024  	29.16146   	28.53972   	20.62293394
21/07/2010 	27.236559  	29.31421   	28.58686   	20.75091839
22/07/2010 	27.299206  	29.34560   	28.74675   	20.76257678
23/07/2010 	26.580549  	29.60361   	28.50027   	20.79569991
24/07/2010 	26.354948  	29.61273   	28.47568   	20.49541708
25/07/2010 	25.482586  	29.64977   	28.33412   	20.37913112
26/07/2010 	25.836880  	29.62505   	28.12810   	20.35421745
27/07/2010 	24.331495  	29.76865   	27.74684   	20.25906618
28/07/2010 	24.207748  	29.70035   	27.72458   	20.53988206
29/07/2010 	24.396164  	29.88210   	27.60491   	20.31958143
30/07/2010 	23.698360  	29.98328   	27.42857   	19.97137773
31/07/2010 	22.714401  	29.68427   	27.54913   	20.17040384
01/08/2010 	24.078321  	29.57501   	27.52134   	20.35285687
02/08/2010 	23.148170  	29.46529   	27.36551   	20.44911230
03/08/2010 	24.359970  	29.34128   	27.33773   	20.45948227
04/08/2010 	25.275167  	29.32125   	27.86438   	20.35222252
05/08/2010 	25.458504  	28.94558   	27.53292   	20.10114698
06/08/2010 	23.201056  	28.71580   	26.77340   	19.72975198
07/08/2010 	25.325251  	28.56316   	27.16491   	19.83518668
08/08/2010 	24.624857  	28.21549   	26.60450   	19.78991433
09/08/2010 	22.358568  	28.34920   	25.93099   	19.71531630
10/08/2010 	21.469419  	28.58027   	26.43587   	19.84847522
11/08/2010 	23.904945  	27.92440   	26.42232   	19.86075719
12/08/2010 	22.411560  	27.97843   	25.86938   	19.79391388
13/08/2010 	22.011389  	27.95091   	25.57240   	19.61150336
14/08/2010 	21.608799  	27.59281   	25.03381   	19.60479045
15/08/2010 	20.089781  	27.08412   	23.95001   	19.44509455
16/08/2010 	19.106968  	26.80407   	23.52257   	19.18249265
17/08/2010 	20.786642  	26.26509   	23.92527   	19.35651835
18/08/2010 	21.340288  	25.80162   	23.58607   	19.15647916
19/08/2010 	20.797710  	25.69158   	23.29084   	18.87266163
20/08/2010 	19.699358  	25.21065   	22.92937   	18.74015268
21/08/2010 	20.377254  	24.87600   	22.89869   	18.90776678
22/08/2010 	20.334677  	25.18096   	22.40684   	19.15465470
23/08/2010 	20.589466  	25.37685   	23.45704   	19.36074678
24/08/2010 	20.786457  	26.38681   	23.83934   	19.07646827
25/08/2010 	20.574436  	26.37907   	22.92989   	18.47235366
26/08/2010 	20.908237  	26.70304   	23.43667   	17.88835816
27/08/2010 	21.877558  	26.14190   	23.47878   	17.00345437
28/08/2010 	21.013140  	25.22211   	22.88158   	16.33525461
29/08/2010 	21.067768  	25.10463   	22.96079   	16.19708967
30/08/2010 	22.749260  	27.39213   	24.41697   	15.51976550
31/08/2010 	18.600964  	26.67436   	22.55989   	15.50274454
01/09/2010 	17.690670  	24.74582   	21.91168   	15.70945350
02/09/2010 	18.049902  	23.54528   	21.19131   	15.83310848
03/09/2010 	17.153776  	23.17920   	20.61208   	15.90591214
04/09/2010 	18.293934  	22.05621   	20.46544   	16.12036375
05/09/2010 	13.504524  	21.76295   	18.71120   	16.17005722
06/09/2010 	12.568121  	21.16062   	18.66968   	16.00807585
07/09/2010 	15.640668  	22.04235   	20.01110   	15.67588399
08/09/2010 	17.135799  	23.14128   	20.73137   	15.56527215
09/09/2010 	18.798143  	23.44263   	21.32737   	15.85258844
10/09/2010 	18.131857  	22.65650   	20.69973   	16.04382094
11/09/2010 	18.829569  	23.04637   	21.29783   	16.39378969
12/09/2010 	19.554741  	23.18224   	21.12591   	16.74683861
13/09/2010 	18.536604  	22.84213   	20.53506   	16.66843919
14/09/2010 	19.108206  	23.13702   	21.28769   	16.71518012
15/09/2010 	18.201210  	24.07351   	20.41712   	16.26517946
16/09/2010 	18.218689  	23.97812   	20.41039   	15.58350513
17/09/2010 	18.827789  	22.06305   	20.15688   	14.99912077
18/09/2010 	19.507936  	23.61009   	21.23682   	13.92867382
19/09/2010 	18.909817  	22.61580   	20.64275   	13.80742103
20/09/2010 	17.966644  	22.99817   	20.46568   	14.29285679
21/09/2010 	18.069799  	23.20059   	20.21949   	14.63220060
22/09/2010 	16.556175  	22.39223   	19.69574   	14.84675707
23/09/2010 	15.522756  	22.07026   	19.44613   	15.08956830
24/09/2010 	15.421711  	21.79776   	19.43866   	15.36435694
25/09/2010 	16.147261  	21.35561   	19.28905   	14.71783789
26/09/2010 	15.712275  	22.06374   	19.14120   	14.32572317
27/09/2010 	15.512724  	22.43751   	19.52064   	14.28506978
28/09/2010 	15.112651  	22.87896   	19.37488   	14.29466935
29/09/2010 	14.111384  	22.03485   	18.74563   	14.14657408
30/09/2010 	15.095261  	21.31340   	19.38522   	13.85988301
01/10/2010 	17.234100  	21.10594   	19.52809   	13.81962049
02/10/2010 	19.515675  	22.25613   	21.11414   	14.25170414
03/10/2010 	20.306063  	23.30078   	22.34380   	14.82046813
04/10/2010 	20.724144  	24.21480   	22.63203   	15.15061994
05/10/2010 	19.931517  	23.64290   	22.30966   	15.34997813
06/10/2010 	20.599197  	24.40697   	22.97248   	15.56783899
07/10/2010 	20.195400  	23.99425   	22.45971   	15.54302130
08/10/2010 	18.338633  	23.76653   	21.50335   	15.55495795
09/10/2010 	17.131786  	23.38676   	21.03964   	15.35968858
10/10/2010 	17.353849  	23.26618   	20.87675   	14.91954704
11/10/2010 	16.520386  	22.40546   	19.76891   	14.23564903
12/10/2010 	15.718050  	22.34931   	19.23315   	13.74477305
13/10/2010 	15.520169  	22.41735   	19.26222   	13.54495353
14/10/2010 	16.300871  	22.48962   	19.67373   	13.40676779
15/10/2010 	16.089781  	22.57506   	19.32171   	12.92338250
16/10/2010 	16.414772  	23.66986   	20.26243   	11.94721478
17/10/2010 	21.252186  	24.74922   	23.05513   	11.86424222
18/10/2010 	19.401796  	23.22095   	21.74658   	11.41884331
19/10/2010 	19.097836  	22.99249   	21.06875   	11.13430450
20/10/2010 	19.042801  	22.35093   	20.90465   	10.25021984
21/10/2010 	19.992908  	23.46503   	21.33819   	 9.53319456
22/10/2010 	19.273066  	22.87952   	20.76786   	 9.66351384
23/10/2010 	18.391912  	25.21670   	21.74011   	 9.93939400
24/10/2010 	19.447382  	23.84398   	21.76927   	 9.39018279
25/10/2010 	19.927177  	23.86956   	21.64327   	 8.37738522
26/10/2010 	18.657919  	24.03260   	21.75655   	 8.31651264
27/10/2010 	19.455391  	24.10860   	22.05361   	 8.62653643
28/10/2010 	18.550636  	24.63155   	21.39247   	 9.13670139
29/10/2010 	18.999598  	25.03556   	21.32634   	 9.46864740
30/10/2010 	20.445408  	25.51512   	23.47875   	10.18130928
31/10/2010 	20.686934  	25.88408   	23.53969   	10.30542370
01/11/2010 	20.261559  	25.86357   	23.56127   	10.37324814
02/11/2010 	22.168190  	25.12397   	23.69774   	10.44997829
03/11/2010 	21.831186  	26.31318   	24.52817   	10.81748271
04/11/2010 	21.594114  	26.20666   	23.88312   	10.98655961
05/11/2010 	20.687187  	26.67348   	23.73857   	11.46332993
06/11/2010 	21.073055  	26.37872   	23.59748   	11.43447451
07/11/2010 	19.507118  	25.99408   	23.49837   	10.97033201
08/11/2010 	18.786879  	25.99687   	23.22217   	10.28318554
09/11/2010 	18.202394  	24.97377   	23.48131   	 9.44972374
10/11/2010 	20.097523  	24.13794   	22.14541   	 8.79190264
11/11/2010 	18.243969  	24.07484   	22.18802   	 8.30341585
12/11/2010 	18.870541  	29.57581   	23.48494   	 8.54106772
13/11/2010 	19.908957  	29.35222   	23.54303   	 8.74901253
14/11/2010 	19.797041  	27.05162   	24.31216   	 8.91631250
15/11/2010 	21.168940  	26.98661   	24.08777   	 8.81315498
16/11/2010 	19.954340  	26.42326   	23.67878   	 8.61604019
17/11/2010 	17.963223  	26.29444   	23.38876   	 8.27708390
18/11/2010 	19.281969  	26.15466   	23.89491   	 7.98723666
19/11/2010 	18.845276  	24.68001   	22.66001   	 7.75250160
20/11/2010 	17.986826  	24.20132   	21.75100   	 7.61823706
21/11/2010 	16.532375  	23.90367   	20.94605   	 7.40653508
22/11/2010 	15.850172  	22.95951   	20.21899   	 7.11747590
23/11/2010 	16.065817  	22.64345   	19.63675   	 6.73566225
24/11/2010 	14.715204  	23.15739   	19.52839   	 6.18797425
25/11/2010 	15.782638  	23.69957   	20.36604   	 5.89100243
26/11/2010 	16.450451  	24.04901   	20.83129   	 5.51552658
27/11/2010 	16.269915  	24.04769   	20.53357   	 5.09956250
28/11/2010 	15.416878  	23.32036   	20.25577   	 4.63759451
29/11/2010 	16.024052  	22.62521   	20.23252   	 3.97112103
30/11/2010 	16.708031  	22.91154   	20.69535   	 3.65993078
01/12/2010 	17.089392  	22.43043   	20.71975   	 2.80971377
02/12/2010 	19.682198  	24.76529   	22.15986   	 2.51445197
03/12/2010 	19.578272  	23.83118   	22.10216   	 2.15206158
04/12/2010 	20.017420  	24.60326   	23.22276   	 2.28925868
05/12/2010 	22.667068  	25.97513   	24.26424   	 2.60695563
06/12/2010 	21.654320  	25.77892   	23.83690   	 2.57195897
07/12/2010 	21.509150  	25.67467   	23.62995   	 2.34952354
08/12/2010 	20.819447  	25.32212   	23.28631   	 1.83073169
09/12/2010 	21.380592  	25.19775   	23.58825   	 1.54151988
10/12/2010 	20.122818  	27.10383   	23.61920   	 1.71893350
11/12/2010 	21.735519  	28.03945   	24.38591   	 2.69127118
12/12/2010 	22.203043  	29.87382   	26.90520   	 3.91101666
13/12/2010 	22.077568  	27.90595   	25.14782   	 3.26120107
14/12/2010 	20.258360  	26.69582   	24.28566   	 2.70781099
15/12/2010 	20.015703  	27.27764   	23.90573   	 2.19034895
16/12/2010 	20.298655  	26.85883   	24.27866   	 2.29701917
17/12/2010 	19.573709  	24.99582   	23.29034   	 2.11241501
18/12/2010 	20.744711  	24.98567   	23.09811   	 1.91301419
19/12/2010 	20.810030  	23.61166   	22.71740   	 1.31682845
20/12/2010 	20.424568  	24.33697   	22.80053   	 0.96371913
21/12/2010 	20.915791  	24.12640   	22.56637   	 0.61091310
22/12/2010 	19.777073  	24.09652   	22.10132   	 0.11494630
23/12/2010 	17.914251  	23.88168   	20.60612   	-0.09925915
24/12/2010 	16.711372  	25.24544   	21.02098   	-0.15823219
25/12/2010 	19.122448  	26.42590   	22.99369   	-0.40407301
26/12/2010 	19.961756  	26.22073   	23.12348   	-0.35465924
27/12/2010 	20.441490  	25.05727   	22.78990   	-0.15267211
28/12/2010 	20.384394  	24.28004   	21.99791   	-0.04291791
29/12/2010 	20.422018  	23.01026   	22.03625   	-0.05134455
30/12/2010 	19.986443  	22.33457   	21.38688   	-0.03361684
31/12/2010 	19.111504  	22.27009   	21.03134   	 0.13899274
01/01/2011 	18.917376  	22.74859   	20.99795   	 0.55892614
02/01/2011 	19.420816  	23.83479   	21.69836   	 1.01204762
03/01/2011 	17.689581  	24.33117   	21.65263   	 1.23951034
04/01/2011 	17.876881  	23.51280   	21.38443   	 1.13187238
05/01/2011 	19.281349  	22.66494   	21.09690   	 1.01412197
06/01/2011 	20.231150  	23.98313   	21.58494   	 1.20489743
07/01/2011 	18.047180  	23.54009   	21.11104   	 1.31950097
08/01/2011 	20.304193  	24.04505   	22.29106   	 2.00973634
09/01/2011 	20.384796  	24.19203   	21.99581   	 2.24413984
10/01/2011 	20.119402  	24.24944   	21.44402   	 2.08829569
11/01/2011 	20.140162  	24.69337   	22.23292   	 2.15637471
12/01/2011 	20.549194  	24.91379   	22.16069   	 2.23363238
13/01/2011 	20.343985  	24.63719   	22.57970   	 2.50833534
14/01/2011 	19.829554  	24.21285   	22.38309   	 2.92070489
15/01/2011 	18.492064  	24.97564   	22.44397   	 3.34575214
16/01/2011 	18.356209  	27.12136   	24.18600   	 3.79656313
17/01/2011 	18.605091  	26.98246   	24.71487   	 4.12792124
18/01/2011 	18.660913  	25.87467   	23.37708   	 4.19108993
19/01/2011 	17.781080  	24.28144   	21.55537   	 4.19587494
20/01/2011 	14.521790  	22.83542   	19.31599   	 3.91266086
21/01/2011 	12.964927  	21.78082   	18.31592   	 3.65417390
22/01/2011 	11.214566  	20.79214   	16.62480   	 3.59547761
23/01/2011 	10.345487  	20.60332   	15.85233   	 3.70830405
24/01/2011 	 9.811925  	20.32420   	15.47786   	 3.96353799
25/01/2011 	11.417202  	20.19265   	16.10517   	 4.10591448
26/01/2011 	10.499170  	19.79425   	15.95305   	 3.94074330
27/01/2011 	 9.340695  	18.91150   	15.18732   	 3.39907127
28/01/2011 	10.889736  	19.00100   	15.87526   	 2.66273340
29/01/2011 	15.494907  	19.84355   	17.63465   	 2.60061325
30/01/2011 	12.762033  	19.98211   	17.16253   	 2.47185259
31/01/2011 	13.315480  	19.86474   	17.30461   	 2.25000910
01/02/2011 	11.452695  	20.59163   	17.12054   	 1.98858424
02/02/2011 	14.284611  	20.90738   	17.83494   	 2.20228394
03/02/2011 	15.169207  	22.85788   	18.73979   	 2.63882302
04/02/2011 	15.163165  	27.03325   	19.89256   	 3.19646475
05/02/2011 	17.100508  	29.51554   	25.27253   	 4.42356485
06/02/2011 	22.642254  	29.52884   	27.64375   	 5.14754578
07/02/2011 	25.859118  	29.00253   	27.99488   	 5.26308462
08/02/2011 	25.259577  	28.76441   	27.24624   	 5.26181146
09/02/2011 	20.928810  	27.69293   	25.06561   	 5.09649238
10/02/2011 	23.687742  	26.84920   	25.41266   	 5.00305585
11/02/2011 	21.199640  	26.40398   	24.29214   	 5.10421477
12/02/2011 	21.139229  	25.42912   	24.31905   	 4.83490897
13/02/2011 	20.738108  	25.75400   	24.34327   	 4.60015506
14/02/2011 	23.013664  	24.60214   	23.84603   	 4.62939174
15/02/2011 	22.440733  	24.32652   	23.35813   	 4.63591505
16/02/2011 	22.771036  	24.12694   	23.36438   	 4.62356931
17/02/2011 	20.525358  	24.34445   	22.94490   	 4.53604501
18/02/2011 	18.605797  	24.27854   	22.14265   	 4.17382780
19/02/2011 	17.750771  	23.74315   	21.72875   	 3.77318387
20/02/2011 	18.772223  	22.97520   	21.87708   	 3.22061941
21/02/2011 	19.730288  	23.07549   	21.79384   	 2.49176219
22/02/2011 	20.042501  	23.17371   	21.91741   	 1.80981505
23/02/2011 	20.982721  	23.33884   	22.12643   	 1.55443638
24/02/2011 	21.808292  	23.61499   	22.63199   	 1.70994418
25/02/2011 	20.829754  	23.48320   	22.38916   	 2.02931709
26/02/2011 	22.225451  	24.74109   	23.42210   	 2.45504316
27/02/2011 	21.373749  	24.43248   	22.96028   	 3.11894984
28/02/2011 	20.134081  	23.12899   	21.98606   	 3.23989010
01/03/2011 	17.240416  	22.88255   	20.98838   	 3.08401514
02/03/2011 	14.909657  	22.79027   	19.61860   	 2.92137946
03/03/2011 	13.884068  	22.37191   	19.10571   	 2.76131662
04/03/2011 	14.715088  	22.37224   	19.03025   	 2.60783342
05/03/2011 	15.493024  	22.50963   	19.51353   	 2.71485786
06/03/2011 	15.340166  	23.09243   	19.49311   	 2.88241713
07/03/2011 	15.447451  	22.82332   	20.10838   	 2.93702117
08/03/2011 	17.177055  	22.91148   	20.66464   	 2.96783880
09/03/2011 	19.670116  	23.32558   	22.08507   	 3.28475792
10/03/2011 	19.620541  	23.84428   	21.34412   	 3.61248824
11/03/2011 	19.050972  	23.91444   	21.21849   	 3.93685180
12/03/2011 	18.699093  	24.03858   	21.30968   	 4.13237275
13/03/2011 	19.424513  	24.99638   	22.41798   	 4.41556210
14/03/2011 	19.400093  	24.83415   	22.56644   	 4.70705403
15/03/2011 	19.897942  	24.84689   	22.57988   	 5.02569096
16/03/2011 	20.366806  	25.17818   	23.34450   	 5.26931328
17/03/2011 	20.056997  	25.16653   	23.24760   	 5.44172781
18/03/2011 	19.810066  	24.54844   	22.59192   	 5.59208981
19/03/2011 	18.902668  	24.02990   	21.72525   	 5.73072257
20/03/2011 	18.213488  	24.12338   	21.59778   	 5.87657823
21/03/2011 	18.610180  	24.30592   	22.05196   	 6.00906694
22/03/2011 	18.872919  	24.98928   	22.32809   	 6.28814951
23/03/2011 	18.835920  	25.35317   	22.43975   	 6.72647324
24/03/2011 	19.139139  	25.54672   	22.90014   	 7.12541200
25/03/2011 	19.836632  	25.53621   	23.18251   	 7.41853657
26/03/2011 	19.885868  	25.55602   	23.24124   	 7.52378016
27/03/2011 	20.717361  	25.95130   	23.78817   	 7.29705153
28/03/2011 	21.509367  	25.76226   	23.95534   	 7.22785507
29/03/2011 	21.768429  	25.95688   	24.12630   	 7.23179560
30/03/2011 	22.093664  	26.05626   	24.50075   	 7.32166062
31/03/2011 	22.604095  	25.86839   	24.98528   	 7.48097052
01/04/2011 	24.357302  	25.73847   	25.33889   	 7.76013576
02/04/2011 	24.104263  	26.30661   	25.27369   	 8.05712092
03/04/2011 	23.868155  	26.47701   	25.32461   	 8.47427790
04/04/2011 	23.980305  	26.85220   	25.39197   	 9.02082074
05/04/2011 	24.433989  	26.85594   	25.89610   	 8.79842619
06/04/2011 	25.049246  	26.68178   	26.09886   	 8.85623695
07/04/2011 	24.979050  	26.61548   	26.05068   	 9.39417982
08/04/2011 	25.502594  	26.51619   	26.19246   	 9.76916591
09/04/2011 	25.620232  	26.66488   	26.12418   	10.09820288
10/04/2011 	25.134718  	27.20393   	26.15689   	10.30667319
11/04/2011 	25.064947  	27.24443   	26.24102   	10.70311155
12/04/2011 	25.658215  	27.52679   	26.65713   	10.74315715
13/04/2011 	25.259447  	27.91868   	26.45740   	10.37495365
14/04/2011 	24.957598  	27.28676   	26.37048   	10.42143971
15/04/2011 	24.706903  	27.90129   	26.38173   	10.46536628
16/04/2011 	24.875839  	28.16611   	26.58281   	10.56015617
17/04/2011 	24.535721  	28.14717   	26.57078   	10.93709570
18/04/2011 	24.315554  	28.23488   	26.65767   	11.44126513
19/04/2011 	24.587801  	28.40821   	26.81526   	11.79910396
20/04/2011 	24.581621  	28.41401   	26.84423   	12.31487465
21/04/2011 	24.721087  	28.57979   	26.90145   	12.83972323
22/04/2011 	25.236917  	28.73507   	27.14932   	13.32035611
23/04/2011 	25.508366  	28.82846   	27.36635   	13.73491746
24/04/2011 	25.710163  	28.82598   	27.52951   	14.19483829
25/04/2011 	25.633820  	28.84700   	27.38543   	14.66941726
26/04/2011 	25.778166  	28.99855   	27.30215   	14.42959181
27/04/2011 	26.040878  	29.31808   	27.19450   	13.00714554
28/04/2011 	26.349360  	29.93181   	28.11477   	12.67913250
29/04/2011 	26.306353  	29.95972   	28.34570   	12.88151369
30/04/2011 	26.536446  	30.13085   	28.79465   	12.74383050
01/05/2011 	26.971266  	29.88413   	28.82604   	12.43750433
02/05/2011 	27.492222  	29.95108   	28.71482   	12.01405134
03/05/2011 	27.876169  	30.29766   	29.13535   	11.32868483
04/05/2011 	28.361450  	30.74764   	29.60272   	10.90528729
05/05/2011 	29.114302  	30.98765   	30.02546   	11.21946331
06/05/2011 	28.979895  	31.04610   	30.09438   	11.80417319
07/05/2011 	29.083250  	31.12700   	30.19738   	12.37764452
08/05/2011 	29.278885  	31.14708   	30.39929   	12.73478146
09/05/2011 	29.211092  	31.07626   	30.34139   	13.31300632
10/05/2011 	29.317608  	31.16431   	30.35116   	13.81135988
11/05/2011 	29.539341  	31.28087   	30.47750   	14.37329797
12/05/2011 	29.629866  	31.21221   	30.52916   	14.99646761
13/05/2011 	29.732094  	31.34142   	30.62967   	15.28203362
14/05/2011 	29.986923  	31.45831   	30.80816   	15.26491731
15/05/2011 	30.661591  	31.57664   	31.18247   	14.85276244
16/05/2011 	30.891764  	31.87992   	31.31158   	14.54651129
17/05/2011 	30.880646  	31.79736   	31.23521   	14.50705304
18/05/2011 	30.622839  	31.52867   	31.15141   	14.58582872
19/05/2011 	30.606461  	31.57200   	31.17799   	14.88370148
20/05/2011 	31.028784  	32.13333   	31.54601   	15.22143467
21/05/2011 	31.087202  	32.20537   	31.66880   	15.75318446
22/05/2011 	31.107521  	32.21328   	31.66823   	16.16763371
23/05/2011 	30.810053  	32.01363   	31.33585   	16.01337107
24/05/2011 	30.560274  	31.75026   	31.10751   	15.84772815
25/05/2011 	30.774971  	31.46128   	31.16940   	15.58579685
26/05/2011 	30.648693  	31.34256   	30.91093   	15.89455704
27/05/2011 	30.273897  	30.80155   	30.64053   	15.44229434
28/05/2011 	30.253395  	30.75144   	30.45857   	15.06488607
29/05/2011 	30.187315  	30.47778   	30.35984   	15.00194106
30/05/2011 	29.926504  	30.34859   	30.24205   	15.01398073
31/05/2011 	29.964930  	30.39869   	30.29441   	15.57685717
01/06/2011 	30.274160  	30.52302   	30.40607   	15.89397031
02/06/2011 	30.297346  	30.54095   	30.44341   	16.29617443
03/06/2011 	30.418308  	30.62205   	30.55629   	17.15671770
04/06/2011 	30.364460  	30.73768   	30.59932   	17.30367525
05/06/2011 	30.570919  	31.32432   	30.86606   	16.91377894
06/06/2011 	30.785675  	31.43682   	31.05075   	16.70844424
07/06/2011 	30.209776  	31.54364   	31.13122   	17.00537570
08/06/2011 	29.551182  	31.51539   	30.91930   	17.34283968
09/06/2011 	29.980330  	31.44647   	30.89004   	17.18754784
10/06/2011 	28.848291  	31.18110   	30.54944   	17.27466591
11/06/2011 	29.374134  	31.10679   	30.61941   	17.25690679
12/06/2011 	28.613270  	31.09672   	30.48805   	17.10294600
13/06/2011 	28.541313  	30.74738   	30.44300   	16.97500602
14/06/2011 	30.077394  	30.74675   	30.40747   	17.19747206
15/06/2011 	28.264193  	30.75830   	29.95331   	17.69505894
16/06/2011 	28.300974  	30.65792   	29.93522   	17.86239934
17/06/2011 	28.635178  	30.61202   	30.06547   	17.81884209
18/06/2011 	29.140535  	30.62198   	30.13604   	17.46183054
19/06/2011 	29.536499  	30.52527   	29.87694   	16.80446915
20/06/2011 	29.536936  	30.40499   	29.89542   	16.76595400
21/06/2011 	28.859322  	30.11260   	29.79726   	17.30466100
22/06/2011 	29.207010  	29.97219   	29.73004   	17.14922237
23/06/2011 	28.373594  	29.78070   	29.29532   	17.00275906
24/06/2011 	28.247938  	29.85443   	29.25988   	17.08165161
25/06/2011 	28.092630  	29.66205   	28.97384   	17.05016772
26/06/2011 	28.043610  	29.63689   	28.73504   	17.52338962
27/06/2011 	27.210995  	29.66771   	28.54425   	18.33900960
28/06/2011 	26.969368  	29.65075   	28.65433   	18.86311328
29/06/2011 	26.220921  	29.63202   	28.33103   	19.43740102
30/06/2011 	25.019102  	29.54004   	28.37666   	19.58188391
01/07/2011 	25.432972  	29.43468   	27.96344   	18.78508874
02/07/2011 	23.900724  	29.57175   	27.28038   	17.79439024
03/07/2011 	22.774591  	29.33208   	27.06031   	16.90604520
04/07/2011 	22.480585  	29.02664   	26.72426   	16.79133431
05/07/2011 	22.687153  	28.84475   	26.35931   	17.44141912
06/07/2011 	23.373514  	28.92573   	27.22497   	17.93076253
07/07/2011 	24.737585  	28.51413   	27.22055   	18.09890680
08/07/2011 	25.188000  	28.51110   	27.41128   	18.37900861
09/07/2011 	26.136257  	27.99540   	27.52431   	18.54610697
10/07/2011 	26.517532  	27.74099   	27.46644   	18.56072776
11/07/2011 	24.872768  	27.58038   	27.00350   	18.98690621
12/07/2011 	23.050085  	28.19898   	26.49834   	19.21365921
13/07/2011 	22.974112  	28.41627   	25.75372   	17.68768386
14/07/2011 	24.091246  	29.18783   	26.98318   	17.10903668
15/07/2011 	26.097403  	30.28961   	28.10593   	17.28378530
16/07/2011 	23.326206  	28.36844   	26.06481   	17.59439214
17/07/2011 	23.974220  	26.93149   	25.76054   	17.65342140
18/07/2011 	23.249826  	27.05690   	25.31115   	17.53357124
19/07/2011 	21.200104  	28.18870   	24.54371   	17.44686615
20/07/2011 	21.428106  	27.23137   	24.10854   	17.82623116
21/07/2011 	21.069601  	27.11017   	24.07170   	18.23389900
22/07/2011 	21.177662  	25.92787   	23.89584   	17.85614494
23/07/2011 	22.471882  	25.29200   	23.71871   	16.71989179
24/07/2011 	22.026354  	25.37623   	23.77240   	16.20115185
25/07/2011 	23.938305  	25.85095   	24.75477   	15.95538642
26/07/2011 	23.127455  	25.88892   	24.07954   	16.09946920
27/07/2011 	21.127565  	24.37333   	23.22574   	16.53393726
28/07/2011 	20.349863  	24.27205   	22.80971   	17.13373339
29/07/2011 	20.354551  	25.57564   	23.45571   	17.51227808
30/07/2011 	20.900503  	26.49384   	24.28808   	17.07219386
31/07/2011 	18.499184  	26.19816   	23.46272   	16.64303982
01/08/2011 	17.954674  	26.11238   	23.04803   	17.00784989
02/08/2011 	17.973753  	25.79847   	23.17193   	17.49607364
03/08/2011 	19.575615  	25.83609   	23.50616   	18.01171462
04/08/2011 	20.705009  	25.84272   	23.78233   	18.58073862
05/08/2011 	21.497705  	25.76776   	24.00654   	19.09527202
06/08/2011 	19.759174  	25.82119   	23.54287   	19.54922509
07/08/2011 	21.934896  	25.82120   	24.54572   	19.38070889
08/08/2011 	22.673676  	25.41645   	24.31190   	18.81242418
09/08/2011 	23.134869  	25.52301   	24.11312   	17.56994808
10/08/2011 	22.389181  	25.49901   	24.08653   	16.78452923
11/08/2011 	20.974140  	24.86226   	23.41139   	16.91062895
12/08/2011 	20.377096  	24.98179   	22.49403   	17.16673398
13/08/2011 	19.418922  	24.68793   	22.39410   	17.70395446
14/08/2011 	19.124567  	24.92996   	22.51237   	18.01034566
15/08/2011 	19.135160  	25.03872   	22.47041   	18.29377739
16/08/2011 	19.179150  	25.27450   	22.60392   	18.44658514
17/08/2011 	19.763050  	24.82843   	22.60301   	18.46763595
18/08/2011 	17.120796  	25.15683   	22.20707   	18.18076177
19/08/2011 	18.834009  	25.56997   	22.47628   	18.09880137
20/08/2011 	17.903652  	25.17269   	22.12745   	17.95458535
21/08/2011 	18.274042  	24.65992   	22.29642   	18.21893517
22/08/2011 	19.503294  	24.16596   	22.28492   	18.43771553
23/08/2011 	18.446154  	25.02793   	22.39097   	18.48623963
24/08/2011 	21.106035  	24.80351   	23.43164   	18.70702819
25/08/2011 	21.484854  	24.34189   	23.31509   	18.76099292
26/08/2011 	19.345104  	24.39059   	22.80812   	18.86102752
27/08/2011 	21.334166  	24.84174   	23.07716   	18.72751768
28/08/2011 	20.901852  	25.00022   	23.06181   	18.37662514
29/08/2011 	21.318609  	25.34385   	23.08423   	17.60822745
30/08/2011 	21.085133  	23.99685   	22.92589   	16.28342662
31/08/2011 	19.922655  	25.22666   	22.82768   	16.00456554
01/09/2011 	18.182640  	25.66953   	23.25798   	15.55440412
02/09/2011 	17.168324  	25.93658   	22.63985   	15.81734856
03/09/2011 	17.250631  	25.35094   	22.85831   	16.24661446
04/09/2011 	18.974730  	25.20507   	22.99062   	16.74384344
05/09/2011 	20.852066  	25.01974   	23.83054   	16.87420543
06/09/2011 	20.742100  	25.54270   	24.10345   	16.81136799
07/09/2011 	21.268309  	29.19288   	26.22089   	16.57668523
08/09/2011 	22.271765  	28.87737   	26.17343   	16.13081459
09/09/2011 	22.673225  	28.17533   	25.35953   	16.12452207
10/09/2011 	22.811951  	27.66580   	25.09270   	16.44944704
11/09/2011 	22.937860  	27.22784   	25.26167   	16.80556750
12/09/2011 	21.050322  	26.82765   	24.86350   	16.85009666
13/09/2011 	20.743372  	27.78482   	24.91407   	16.62982730
14/09/2011 	21.036768  	27.63628   	24.23314   	16.05031361
15/09/2011 	21.423212  	26.36956   	23.84469   	15.44317162
16/09/2011 	19.746836  	26.49605   	23.86506   	14.95253080
17/09/2011 	21.634291  	26.21611   	24.65708   	15.12573981
18/09/2011 	22.631119  	25.39582   	23.92671   	15.14485653
19/09/2011 	22.334223  	25.07985   	23.49454   	15.00058742
20/09/2011 	21.434717  	25.44895   	23.57916   	15.18038293
21/09/2011 	20.867785  	25.49392   	23.72360   	15.44129012
22/09/2011 	21.241905  	25.88457   	23.53185   	15.32043860
23/09/2011 	21.439802  	25.38716   	23.35739   	15.04458771
24/09/2011 	21.236155  	25.46542   	23.28416   	15.01789478
25/09/2011 	20.265656  	25.40938   	23.27378   	15.03101581
26/09/2011 	20.142975  	25.75070   	23.46638   	15.30106541
27/09/2011 	20.086508  	25.84699   	23.26215   	15.55032605
28/09/2011 	19.217327  	25.78675   	23.15116   	15.87770190
29/09/2011 	18.321024  	25.59721   	22.86944   	16.20379863
30/09/2011 	18.154381  	25.21393   	22.59191   	16.53004376
01/10/2011 	18.127937  	25.00329   	22.32371   	16.83489466
02/10/2011 	17.997046  	24.84048   	22.02761   	17.13564928
03/10/2011 	18.703009  	24.45144   	22.18160   	17.29050052
04/10/2011 	20.422503  	24.31767   	22.82731   	17.24136639
05/10/2011 	20.694481  	24.02787   	22.21719   	16.97520208
06/10/2011 	21.247389  	24.87970   	23.15135   	16.53394882
07/10/2011 	20.926802  	26.15252   	23.83878   	15.26539214
08/10/2011 	23.629761  	27.86677   	25.66062   	13.11385657
09/10/2011 	22.237549  	26.57407   	24.60515   	12.49150336
10/10/2011 	22.367002  	26.11427   	24.16550   	13.16849645
11/10/2011 	21.789742  	25.56572   	23.81562   	13.52600123
12/10/2011 	21.323341  	24.69877   	23.10590   	13.54521948
13/10/2011 	20.274954  	25.10163   	23.10112   	13.17116082
14/10/2011 	17.474804  	25.60875   	22.56585   	12.83618712
15/10/2011 	16.431204  	24.93243   	22.53731   	12.46176551
16/10/2011 	19.236778  	23.93769   	22.25837   	12.07359809
17/10/2011 	19.779148  	22.84184   	21.65716   	12.04931764
18/10/2011 	20.176300  	22.98767   	21.84912   	12.29030524
19/10/2011 	19.960827  	22.63388   	21.13561   	11.44852899
20/10/2011 	20.791918  	22.98549   	22.05745   	10.25682433
21/10/2011 	20.268921  	23.06903   	21.66605   	10.19151531
22/10/2011 	19.385548  	23.83707   	21.77451   	10.46259475
23/10/2011 	20.467300  	24.44599   	22.53731   	10.50539388
24/10/2011 	21.102201  	24.66281   	23.24139   	10.29407370
25/10/2011 	22.311655  	24.47887   	23.94846   	10.20645612
26/10/2011 	23.757710  	24.86025   	24.40883   	10.22126752
27/10/2011 	24.213856  	25.52107   	24.81399   	10.30655169
28/10/2011 	24.284323  	25.95267   	25.05074   	10.44819214
29/10/2011 	23.955170  	25.87142   	24.69487   	10.53452740
30/10/2011 	24.005745  	25.94711   	24.94745   	10.88805976
31/10/2011 	24.189075  	25.88259   	25.05558   	11.21528530
01/11/2011 	24.362740  	26.26807   	25.17986   	11.33605345
02/11/2011 	23.682638  	26.29647   	24.99330   	11.46720030
03/11/2011 	24.545841  	26.27602   	25.43505   	11.59979260
04/11/2011 	25.296980  	26.46347   	25.93760   	11.88332913
05/11/2011 	25.118500  	26.74958   	25.86902   	12.01108442
06/11/2011 	24.134407  	26.72165   	25.59624   	11.96809429
07/11/2011 	22.459711  	26.11860   	24.65799   	11.69063642
08/11/2011 	22.148710  	26.27003   	24.80308   	11.36533533
09/11/2011 	23.068726  	26.22206   	25.00231   	11.07902678
10/11/2011 	22.574699  	26.18178   	24.84186   	10.78969089
11/11/2011 	23.524925  	26.63924   	25.23127   	10.37817419
12/11/2011 	24.666838  	26.49809   	25.62662   	 9.87719055
13/11/2011 	23.752275  	26.55725   	25.43123   	 9.44031723
14/11/2011 	23.212761  	26.58825   	24.90953   	 8.62937832
15/11/2011 	23.587572  	26.80761   	25.12638   	 8.09955243
16/11/2011 	23.769135  	27.01251   	25.30697   	 7.49381417
17/11/2011 	24.255249  	27.03678   	25.78627   	 7.38316567
18/11/2011 	25.046007  	27.23995   	26.20100   	 7.62116197
19/11/2011 	25.099199  	27.46267   	26.41033   	 7.66637028
20/11/2011 	24.873449  	27.85296   	26.32505   	 7.53738850
21/11/2011 	24.818497  	28.09662   	26.33638   	 7.35959516
22/11/2011 	24.661797  	28.15207   	26.38609   	 7.18693515
23/11/2011 	24.291994  	27.84669   	26.09791   	 7.08564090
24/11/2011 	23.862465  	27.81167   	26.40055   	 7.46524642
25/11/2011 	25.071251  	28.23873   	27.06616   	 7.88754514
26/11/2011 	25.845510  	27.77767   	27.04993   	 8.01228151
27/11/2011 	25.882786  	28.56065   	27.09363   	 8.32762424
28/11/2011 	25.686548  	28.21594   	26.83931   	 8.20133313
29/11/2011 	24.979872  	28.92258   	26.84538   	 8.14030124
30/11/2011 	24.793938  	29.34503   	27.08489   	 8.11805822
01/12/2011 	23.201300  	26.71060   	25.07711   	 8.12580053
02/12/2011 	23.805380  	26.75196   	24.99855   	 8.04091625
03/12/2011 	23.852318  	26.18016   	25.02749   	 7.86418242
04/12/2011 	23.862511  	26.21846   	25.14843   	 7.62426586
05/12/2011 	24.174135  	25.28310   	24.84628   	 7.15483057
06/12/2011 	24.745790  	25.91991   	25.16115   	 6.61553106
07/12/2011 	24.601959  	25.91451   	25.02354   	 6.36259950
08/12/2011 	25.163767  	26.88920   	25.57071   	 6.18862630
09/12/2011 	25.274433  	27.90589   	26.42782   	 6.20558228
10/12/2011 	25.440308  	27.13861   	26.13796   	 5.84637014
11/12/2011 	24.875612  	27.22009   	26.16405   	 5.68742319
12/12/2011 	24.338074  	27.49318   	25.81622   	 5.79680742
13/12/2011 	23.260546  	28.07560   	26.49839   	 6.00295679
14/12/2011 	21.987923  	28.55415   	26.25132   	 6.16741909
15/12/2011 	22.929611  	28.72448   	27.05031   	 6.20158856
16/12/2011 	23.577213  	28.65752   	26.62531   	 5.93038445
17/12/2011 	22.004969  	28.06707   	25.13815   	 5.25096838
18/12/2011 	23.156710  	26.81522   	25.13593   	 4.81704747
19/12/2011 	20.470915  	26.31056   	23.62875   	 4.57593983
20/12/2011 	21.081781  	25.92922   	23.75613   	 4.62113888
21/12/2011 	16.688936  	25.82649   	22.41496   	 4.59155733
22/12/2011 	18.612570  	24.53658   	21.79329   	 4.75876484
23/12/2011 	17.476128  	23.36596   	21.13364   	 5.23729923
24/12/2011 	18.514721  	22.59041   	20.57447   	 5.49224412
25/12/2011 	16.966259  	21.60628   	19.64674   	 5.62254141
26/12/2011 	15.577289  	22.56744   	18.90362   	 5.98136230
27/12/2011 	15.482572  	22.55629   	18.60683   	 6.25845730
28/12/2011 	16.052725  	23.17120   	18.76090   	 6.25944289
29/12/2011 	16.571236  	23.05315   	20.28210   	 6.00578571
30/12/2011 	16.278128  	23.56257   	19.91480   	 5.62460489
