date	smin	smax	smean	tmean
01/01/2009   	16.068495    	21.77317     	19.295058    	 1.0169454853
02/01/2009   	17.903679    	22.22198     	19.439827    	 0.9516733014
03/01/2009   	17.271969    	22.46009     	20.357901    	 0.8210986823
04/01/2009   	19.808153    	26.21704     	21.696261    	 1.6671138729
05/01/2009   	18.102505    	26.21970     	22.557350    	 0.8798957907
06/01/2009   	16.643143    	22.77021     	19.698711    	-0.5729007465
07/01/2009   	20.234358    	23.33605     	22.128314    	 0.6525257242
08/01/2009   	18.505005    	22.47866     	21.026638    	 0.1773120761
09/01/2009   	18.543081    	23.07508     	20.872972    	 0.0301001302
10/01/2009   	19.247591    	22.95461     	20.875286    	-0.4213151292
11/01/2009   	19.613441    	23.61669     	22.515711    	 0.4953996648
12/01/2009   	23.279257    	27.54699     	24.327767    	 1.4132399087
13/01/2009   	22.773405    	27.58580     	25.033806    	 2.1179196313
14/01/2009   	22.463760    	26.44551     	24.455228    	 2.3072874273
15/01/2009   	22.424545    	25.43657     	23.791812    	 2.0097815146
16/01/2009   	20.831154    	24.84553     	22.661769    	 1.6964654525
17/01/2009   	22.947046    	25.11588     	23.814433    	 2.2715372394
18/01/2009   	22.234278    	26.07695     	23.726055    	 2.8339172055
19/01/2009   	22.380079    	27.89351     	25.303845    	 2.9200654328
20/01/2009   	25.866705    	28.10789     	27.134537    	 3.0079688430
21/01/2009   	25.086880    	27.35998     	26.237978    	 2.7181959401
22/01/2009   	26.210663    	29.18604     	27.625040    	 2.6176056614
23/01/2009   	21.633408    	29.38893     	27.328059    	 2.6857199321
24/01/2009   	27.058628    	28.41592     	27.729763    	 2.8461328397
25/01/2009   	26.430302    	28.30279     	27.079701    	 2.7669635514
26/01/2009   	26.085768    	27.44076     	26.548031    	 2.4218411098
27/01/2009   	24.527990    	26.95448     	26.153178    	 1.6514177869
28/01/2009   	20.794815    	26.10851     	23.852769    	 1.2611020257
29/01/2009   	19.518017    	25.26521     	22.520717    	 0.9661315667
30/01/2009   	17.254114    	23.29509     	19.487815    	 0.6709856293
31/01/2009   	19.940805    	22.43341     	21.462555    	 0.2501158636
01/02/2009   	19.194937    	22.14595     	20.281491    	-0.6833561002
02/02/2009   	18.544264    	22.94200     	21.083769    	-0.2335018349
03/02/2009   	21.928593    	24.33228     	22.894484    	 0.4989184267
04/02/2009   	22.620432    	24.42327     	23.211742    	 0.8108025591
05/02/2009   	22.007940    	24.33458     	23.097593    	 0.9441838997
06/02/2009   	22.821407    	24.80326     	23.452605    	 1.4001181548
07/02/2009   	22.888645    	24.96441     	23.551344    	 1.5567642599
08/02/2009   	23.355293    	24.49326     	23.913249    	 1.4224052429
09/02/2009   	22.289497    	24.34464     	23.439185    	 1.5369442180
10/02/2009   	20.840811    	24.33064     	22.956154    	 1.6333628992
11/02/2009   	20.630493    	24.81761     	23.341037    	 1.8461852297
12/02/2009   	22.723276    	25.84659     	24.287640    	 2.0444310556
13/02/2009   	22.648628    	25.73743     	24.445516    	 2.2038014978
14/02/2009   	22.083309    	25.17364     	24.425454    	 1.8575240945
15/02/2009   	20.391512    	24.94209     	22.179184    	 1.9926150839
16/02/2009   	20.597744    	23.01905     	21.942011    	 2.5067164699
17/02/2009   	18.969177    	22.98441     	21.557549    	 2.9369331598
18/02/2009   	16.660383    	21.03782     	18.523255    	 2.5363794764
19/02/2009   	16.685291    	20.81039     	18.761722    	 2.4623276144
20/02/2009   	19.522726    	20.95735     	20.631396    	 2.9545383255
21/02/2009   	16.244837    	20.79626     	19.900500    	 3.1582412968
22/02/2009   	17.586994    	20.64955     	19.272939    	 3.4055785040
23/02/2009   	18.383371    	24.27687     	20.812336    	 3.9285182556
24/02/2009   	18.847561    	23.30647     	20.978521    	 4.2025269369
25/02/2009   	16.927475    	20.56719     	19.013951    	 4.2994468113
26/02/2009   	16.645206    	19.89583     	18.290882    	 4.3932555318
27/02/2009   	16.612936    	19.44161     	18.249476    	 4.8638013899
28/02/2009   	16.480865    	20.09596     	18.244471    	 5.2569569647
01/03/2009   	17.471231    	20.86039     	19.183391    	 5.2010265589
02/03/2009   	18.519043    	20.89408     	19.758563    	 5.3287761211
03/03/2009   	17.128714    	20.89255     	18.504587    	 5.3260833919
04/03/2009   	18.821489    	21.13921     	20.163314    	 4.8978659411
05/03/2009   	19.707100    	21.64207     	20.665666    	 4.8228075703
06/03/2009   	18.309713    	20.86775     	19.856295    	 4.8598576486
07/03/2009   	17.677872    	20.51389     	19.255929    	 4.6161718369
08/03/2009   	17.973310    	22.25058     	20.667029    	 5.0591995517
09/03/2009   	17.960434    	22.87583     	21.139217    	 4.9088399013
10/03/2009   	19.121496    	22.11303     	20.603274    	 4.9246664246
11/03/2009   	20.133507    	21.15935     	20.508600    	 4.9574398597
12/03/2009   	19.547602    	21.69625     	20.547534    	 5.2903430363
13/03/2009   	19.415390    	21.19867     	20.384493    	 5.4525631368
14/03/2009   	19.248539    	21.54386     	20.653119    	 5.7481844723
15/03/2009   	19.027546    	22.76868     	20.452197    	 5.9105914533
16/03/2009   	18.487194    	21.94101     	20.296035    	 6.2657314738
17/03/2009   	17.605970    	20.30384     	19.065852    	 6.5562249919
18/03/2009   	15.588816    	19.36140     	17.465527    	 6.4726302226
19/03/2009   	11.836924    	17.87303     	15.475246    	 6.3013268411
20/03/2009   	10.555470    	16.95190     	13.074961    	 6.0602587561
21/03/2009   	 9.361590    	19.25745     	13.917499    	 6.1273153027
22/03/2009   	15.270230    	17.81239     	16.709734    	 6.5689514577
23/03/2009   	15.093040    	19.06356     	16.934260    	 6.6775590777
24/03/2009   	15.484503    	22.68824     	18.132297    	 6.6143656969
25/03/2009   	13.997390    	20.35403     	17.896462    	 6.5637029111
26/03/2009   	16.444572    	19.21992     	17.757470    	 6.5630826851
27/03/2009   	16.005610    	20.40244     	18.109880    	 6.4409391582
28/03/2009   	15.964427    	20.86045     	17.439985    	 6.3958732287
29/03/2009   	16.694683    	20.18783     	18.251055    	 6.3739544749
30/03/2009   	17.141342    	19.79898     	17.867939    	 6.1712825696
31/03/2009   	17.207684    	18.93484     	17.812457    	 6.5102176865
01/04/2009   	16.501148    	19.46482     	18.106194    	 6.9207092027
02/04/2009   	14.231230    	18.89943     	16.952019    	 7.3646278381
03/04/2009   	11.834005    	19.98676     	15.745580    	 7.9563857118
04/04/2009   	11.164382    	20.56026     	16.348402    	 8.1321012179
05/04/2009   	14.020894    	20.55437     	17.096259    	 8.3778564930
06/04/2009   	13.560408    	21.52614     	16.710332    	 8.6785273552
07/04/2009   	12.989560    	21.62676     	17.246935    	 9.1391554276
08/04/2009   	14.263141    	22.45560     	19.745311    	 8.7465343873
09/04/2009   	20.024746    	21.53408     	20.672681    	 8.7271694938
10/04/2009   	18.712894    	22.25471     	20.090588    	 9.5110685627
11/04/2009   	18.669281    	22.29581     	20.493634    	 9.8927280704
12/04/2009   	18.806320    	22.07135     	20.631228    	10.0453487237
13/04/2009   	18.797951    	21.60927     	20.271445    	10.1986781955
14/04/2009   	19.366106    	22.10717     	20.294962    	10.4917132457
15/04/2009   	18.732241    	22.31752     	20.127140    	11.0214759906
16/04/2009   	16.905785    	22.68134     	19.452517    	11.5796377063
17/04/2009   	16.638971    	22.50875     	19.458436    	11.3242601951
18/04/2009   	16.853043    	22.44625     	18.955889    	10.8222553134
19/04/2009   	18.359728    	22.01004     	19.262762    	10.6616753141
20/04/2009   	17.779476    	22.19350     	19.411384    	11.2071085572
21/04/2009   	17.670214    	22.41581     	19.651740    	11.9661894639
22/04/2009   	19.603113    	22.46207     	21.014831    	11.9274064104
23/04/2009   	19.619463    	23.03499     	20.759698    	11.7904297113
24/04/2009   	19.037558    	23.82526     	21.278013    	12.4493659735
25/04/2009   	19.266884    	24.38109     	21.723831    	12.3270049294
26/04/2009   	20.692373    	24.06765     	22.630887    	12.6838523149
27/04/2009   	21.249172    	24.47543     	22.939273    	12.8337312341
28/04/2009   	20.107918    	24.57379     	22.485273    	12.6931680640
29/04/2009   	21.028278    	24.65428     	22.931952    	12.6589656075
30/04/2009   	21.439110    	24.41941     	22.876829    	12.7546761235
01/05/2009   	21.801497    	24.97307     	22.970334    	13.3729300698
02/05/2009   	21.356646    	25.17687     	23.057862    	13.5695647399
03/05/2009   	21.424768    	24.88795     	23.013352    	13.3963659604
04/05/2009   	22.842152    	24.50181     	23.479642    	12.8475879033
05/05/2009   	20.172533    	24.21965     	22.554335    	12.7340427438
06/05/2009   	18.368246    	23.53120     	21.641902    	12.8487412532
07/05/2009   	19.710262    	23.29718     	20.868098    	12.8963120580
08/05/2009   	20.009420    	24.47967     	22.485215    	12.8599593838
09/05/2009   	22.292765    	24.09736     	23.014047    	12.4962026874
10/05/2009   	22.445370    	24.01625     	22.900560    	12.9764468670
11/05/2009   	21.005974    	22.82915     	21.923676    	12.6632484198
12/05/2009   	20.992117    	23.31625     	21.863748    	12.1173205177
13/05/2009   	20.657263    	24.41182     	22.303015    	12.0416621367
14/05/2009   	21.133854    	25.25288     	22.478933    	12.4624545972
15/05/2009   	21.290956    	25.46385     	22.578202    	12.8765634497
16/05/2009   	21.950396    	25.98484     	24.467254    	13.2258008718
17/05/2009   	23.944475    	25.89478     	24.957976    	13.5066303611
18/05/2009   	25.181095    	26.74174     	25.678499    	13.2245232860
19/05/2009   	22.967831    	26.09284     	25.039964    	13.2561404109
20/05/2009   	22.426369    	25.96532     	23.913974    	13.7051303585
21/05/2009   	22.403837    	26.26031     	24.171576    	14.2529081106
22/05/2009   	23.107525    	26.03949     	24.646722    	14.4080378612
23/05/2009   	24.151558    	25.21931     	24.674943    	15.1059013605
24/05/2009   	24.346260    	25.78284     	24.950559    	15.6680586735
25/05/2009   	24.787128    	26.23929     	25.179542    	16.3516515096
26/05/2009   	24.901785    	26.48306     	25.504232    	16.6858503421
27/05/2009   	25.704805    	26.44568     	26.153061    	15.5449392994
28/05/2009   	24.711985    	26.43226     	25.827780    	15.5833884279
29/05/2009   	24.672314    	26.58598     	25.681170    	15.9715412259
30/05/2009   	24.477024    	26.73125     	25.705531    	15.5877958536
31/05/2009   	20.018023    	25.73448     	23.444110    	15.8988163869
01/06/2009   	19.826654    	24.90317     	22.754479    	16.4243716598
02/06/2009   	22.235743    	25.51972     	23.864807    	16.5409182111
03/06/2009   	23.250366    	29.14081     	25.498783    	15.7655299703
04/06/2009   	23.941376    	29.72955     	26.694361    	14.6602103909
05/06/2009   	24.443117    	28.95740     	26.916284    	14.1514715751
06/06/2009   	25.845373    	31.01689     	28.214207    	13.6965597272
07/06/2009   	27.101784    	30.68811     	28.596049    	13.7222296596
08/06/2009   	27.288029    	28.43464     	28.011222    	14.8348049919
09/06/2009   	25.800741    	28.77247     	27.569078    	15.4386315147
10/06/2009   	26.051140    	27.96538     	27.572096    	15.5630411903
11/06/2009   	27.608706    	28.73162     	27.959091    	15.5722580949
12/06/2009   	27.328966    	29.09569     	28.179220    	15.6364543438
13/06/2009   	26.802616    	28.79005     	28.004149    	15.6817316016
14/06/2009   	25.145384    	28.51300     	26.333782    	16.4163590670
15/06/2009   	23.438795    	27.01206     	25.934936    	16.9383246501
16/06/2009   	24.446476    	27.26951     	26.027738    	16.5751413504
17/06/2009   	19.723705    	26.17577     	23.608696    	16.6250030200
18/06/2009   	24.614616    	27.23348     	26.001714    	17.0589931409
19/06/2009   	25.759436    	27.00825     	26.342774    	16.9773080349
20/06/2009   	25.254383    	26.98105     	26.326357    	16.8303447167
21/06/2009   	25.707470    	29.24352     	26.986679    	16.7459981044
22/06/2009   	26.098190    	29.01050     	27.656171    	16.3907601833
23/06/2009   	26.480326    	28.12253     	27.252922    	16.7172881961
24/06/2009   	21.937811    	27.14732     	25.913689    	17.1230539282
25/06/2009   	22.408384    	27.68686     	25.108692    	17.5975578229
26/06/2009   	21.778746    	28.35707     	25.700365    	18.4202378591
27/06/2009   	24.722391    	28.52724     	26.327854    	18.9869046211
28/06/2009   	24.704165    	28.64309     	26.368470    	19.4114120801
29/06/2009   	24.728027    	28.73074     	26.585123    	20.2779799302
30/06/2009   	25.332209    	28.43863     	26.511367    	20.8612665733
01/07/2009   	24.894556    	27.87747     	26.073551    	21.2028298378
02/07/2009   	24.869663    	27.48830     	25.935105    	21.4480978251
03/07/2009   	24.726696    	28.48116     	26.322778    	21.6361373266
04/07/2009   	25.632040    	28.50955     	27.248247    	22.1186409394
05/07/2009   	24.995726    	28.26369     	27.210633    	22.5955675443
06/07/2009   	26.518925    	28.74000     	27.797213    	21.9984159867
07/07/2009   	26.503080    	28.42274     	27.564297    	20.7830279668
08/07/2009   	26.323654    	28.11376     	27.317255    	20.2991567850
09/07/2009   	26.869219    	28.61200     	27.569293    	19.2039132516
10/07/2009   	26.423258    	30.69053     	27.869860    	17.5584671696
11/07/2009   	26.581377    	31.44989     	28.621138    	16.7903983593
12/07/2009   	23.623823    	29.62132     	27.681475    	17.3688276609
13/07/2009   	22.940653    	27.08171     	25.159434    	18.1868791580
14/07/2009   	23.044548    	25.39465     	24.688424    	19.0750867526
15/07/2009   	23.876513    	26.20282     	25.243279    	19.5164562464
16/07/2009   	22.536890    	25.70863     	24.670818    	19.1587903102
17/07/2009   	23.032156    	26.03028     	24.245556    	19.4060937961
18/07/2009   	22.537666    	26.17338     	24.605214    	19.1855503718
19/07/2009   	23.236921    	26.04489     	24.980867    	18.7693072955
20/07/2009   	24.407858    	26.70053     	25.446940    	19.0359835227
21/07/2009   	23.475451    	25.67051     	24.768599    	19.0243568420
22/07/2009   	23.890394    	26.16191     	24.785313    	19.4493872722
23/07/2009   	23.923725    	25.99091     	24.609971    	19.3087236087
24/07/2009   	23.381754    	26.36128     	24.419112    	18.9955846866
25/07/2009   	24.016222    	26.14535     	24.703597    	18.9961382151
26/07/2009   	23.270926    	25.99492     	24.602628    	18.9690697591
27/07/2009   	22.903526    	25.20525     	24.290518    	19.2570240895
28/07/2009   	22.245943    	24.89539     	23.827183    	19.2692500750
29/07/2009   	22.304832    	24.65924     	23.761876    	19.3089861472
30/07/2009   	22.770718    	24.92560     	24.094380    	19.4146139622
31/07/2009   	21.834667    	24.67686     	23.546890    	18.5755927165
01/08/2009   	22.219288    	24.72675     	23.567298    	18.6578048865
02/08/2009   	22.872206    	23.86894     	23.364836    	19.0985612472
03/08/2009   	22.785851    	23.61311     	23.337418    	18.9962638617
04/08/2009   	22.771658    	23.78727     	23.372465    	19.4720450242
05/08/2009   	23.082500    	24.17968     	23.705668    	20.1341375113
06/08/2009   	23.323259    	24.64292     	24.081051    	20.8951072693
07/08/2009   	23.500174    	24.99519     	24.410723    	20.9393798113
08/08/2009   	23.798569    	25.33616     	24.530809    	20.7263047298
09/08/2009   	23.576067    	25.75567     	24.264033    	20.7421226501
10/08/2009   	23.853350    	26.05700     	24.637765    	20.7582290967
11/08/2009   	24.278603    	26.07202     	24.938986    	20.8278213342
12/08/2009   	24.353132    	26.67999     	25.313228    	20.5714666843
13/08/2009   	24.517584    	26.57747     	25.710677    	20.4228174289
14/08/2009   	24.860943    	27.10709     	26.185923    	20.0391528209
15/08/2009   	23.392908    	26.35594     	25.237597    	20.0613050461
16/08/2009   	22.751177    	25.73649     	24.588393    	20.2909906705
17/08/2009   	22.973831    	25.39876     	24.127512    	20.1972393195
18/08/2009   	23.142920    	25.23861     	24.308371    	20.1177543799
19/08/2009   	23.850540    	25.43620     	24.909222    	20.1065870921
20/08/2009   	22.756796    	25.41191     	24.690420    	20.4467260838
21/08/2009   	24.173239    	25.49442     	25.079935    	20.1840794086
22/08/2009   	25.115992    	26.11008     	25.467772    	19.9425630569
23/08/2009   	25.331371    	26.75024     	26.065615    	19.6486588319
24/08/2009   	24.446722    	26.65264     	25.897544    	19.4175325235
25/08/2009   	25.394966    	26.52132     	26.212581    	20.0424243609
26/08/2009   	25.305885    	26.59327     	26.072544    	19.3587177197
27/08/2009   	24.786100    	26.65077     	26.012660    	19.6432118416
28/08/2009   	24.518551    	26.56372     	26.105334    	19.2703123887
29/08/2009   	25.616898    	26.48632     	25.912647    	18.4579618772
30/08/2009   	23.325760    	26.01008     	24.338365    	17.7585928440
31/08/2009   	22.867626    	25.09913     	24.108494    	17.8879336913
01/09/2009   	22.828230    	26.55898     	25.281345    	18.0757001241
02/09/2009   	25.382948    	27.73981     	26.673208    	17.8954637448
03/09/2009   	25.155235    	29.79643     	28.202603    	17.9212559064
04/09/2009   	26.252409    	29.50813     	28.796372    	17.2197702726
05/09/2009   	26.423849    	28.86267     	28.031654    	16.6171650887
06/09/2009   	26.740690    	29.04234     	27.853188    	16.2818698883
07/09/2009   	26.368628    	28.74893     	27.647753    	16.0472611388
08/09/2009   	26.621052    	28.55864     	27.500576    	16.5929980477
09/09/2009   	26.850824    	28.53213     	27.609563    	16.7716627916
10/09/2009   	27.525177    	28.71477     	28.281527    	16.5451076031
11/09/2009   	26.872042    	28.34467     	27.652791    	16.0670932531
12/09/2009   	27.155638    	28.56418     	28.162636    	15.7431995273
13/09/2009   	27.473667    	29.53617     	28.656610    	15.9476309220
14/09/2009   	28.208368    	29.43650     	29.143230    	15.3583451907
15/09/2009   	26.748230    	29.39935     	28.510984    	15.5198551416
16/09/2009   	27.570417    	28.98614     	28.550460    	15.8475564122
17/09/2009   	28.253912    	29.17461     	28.739929    	15.5143672228
18/09/2009   	28.455736    	29.73496     	29.254696    	15.4207530022
19/09/2009   	28.763721    	29.79653     	29.567605    	15.6209477981
20/09/2009   	28.915533    	29.78092     	29.533224    	15.9665987293
21/09/2009   	29.277946    	29.95973     	29.793842    	15.8409657280
22/09/2009   	29.497728    	29.94905     	29.751048    	16.0501965483
23/09/2009   	29.511442    	30.89884     	29.989008    	16.3218018413
24/09/2009   	29.201382    	31.25024     	30.266529    	16.1399901708
25/09/2009   	29.394604    	31.24812     	30.315202    	15.9222710530
26/09/2009   	29.322128    	31.16502     	30.405129    	15.7259132862
27/09/2009   	29.183811    	31.27074     	30.594019    	15.8382550677
28/09/2009   	29.311066    	31.09684     	30.082086    	16.2539407412
29/09/2009   	29.193487    	31.97108     	30.289070    	16.3023775419
30/09/2009   	27.847820    	31.79656     	29.935762    	16.0790198843
01/10/2009   	28.155426    	31.95693     	29.502492    	15.6012364229
02/10/2009   	28.490570    	32.29903     	30.052940    	14.6228599350
03/10/2009   	25.341532    	30.70110     	28.799823    	14.6924964984
04/10/2009   	23.912319    	28.53870     	26.606684    	13.9115574956
05/10/2009   	25.070015    	27.96512     	26.331358    	13.1934331258
06/10/2009   	25.069874    	27.58477     	26.040409    	13.3637871345
07/10/2009   	25.681208    	27.09118     	26.196826    	14.1592737635
08/10/2009   	25.602495    	26.16136     	25.813172    	13.6505924463
09/10/2009   	25.766233    	27.42637     	26.407859    	12.6881770690
10/10/2009   	22.603628    	27.76799     	25.487963    	12.1556037466
11/10/2009   	24.289791    	27.59402     	26.671977    	12.5342311859
12/10/2009   	24.908199    	29.20299     	27.046173    	11.7984415491
13/10/2009   	26.686106    	29.64211     	28.364850    	10.8014922539
14/10/2009   	23.799961    	28.93194     	25.615923    	10.1057967146
15/10/2009   	25.349026    	28.45970     	26.879981    	 9.9540253480
16/10/2009   	25.304909    	32.84621     	29.059552    	10.3442056179
17/10/2009   	28.000704    	33.46860     	31.454287    	10.9614643653
18/10/2009   	27.869944    	31.56772     	29.877882    	10.2954732577
19/10/2009   	27.933479    	30.90504     	29.290155    	10.1981372635
20/10/2009   	26.646126    	28.94990     	27.805854    	 9.3797859947
21/10/2009   	27.040192    	28.67054     	28.020824    	 9.1813789010
22/10/2009   	23.729641    	28.46538     	27.618889    	 8.8388980826
23/10/2009   	25.685478    	28.29771     	27.419265    	 9.1518847545
24/10/2009   	25.254709    	28.67184     	27.673536    	 9.7411123713
25/10/2009   	27.963263    	28.79662     	28.584456    	10.6850150824
26/10/2009   	28.337120    	28.89014     	28.727650    	10.9069403013
27/10/2009   	28.322300    	28.81028     	28.643350    	11.1384630998
28/10/2009   	25.933058    	28.89337     	28.048401    	11.1274263859
29/10/2009   	26.562849    	28.97917     	27.988034    	11.4357809226
30/10/2009   	27.413858    	28.76162     	28.122733    	11.5207677484
31/10/2009   	26.961010    	28.48564     	27.835971    	11.0338188410
01/11/2009   	26.455841    	29.08715     	28.202623    	11.4385675788
02/11/2009   	27.934919    	29.01781     	28.557519    	11.5113065243
03/11/2009   	27.356218    	28.83044     	28.079352    	10.9571217100
04/11/2009   	26.826279    	28.92886     	28.198661    	10.8492070039
05/11/2009   	26.725431    	29.34659     	27.835761    	10.5469952226
06/11/2009   	26.937208    	29.75047     	27.727317    	10.2819242477
07/11/2009   	24.646027    	29.71329     	28.509297    	10.4687969883
08/11/2009   	24.901484    	28.34003     	27.371971    	 9.6973940333
09/11/2009   	26.948418    	28.48750     	27.798571    	 8.9925569097
10/11/2009   	26.838074    	28.00043     	27.587926    	 8.9365570347
11/11/2009   	26.926632    	28.19338     	27.578167    	 9.0147799452
12/11/2009   	25.976988    	28.21518     	27.118327    	 8.7451986273
13/11/2009   	22.422802    	28.37684     	26.589323    	 9.6557578246
14/11/2009   	24.120464    	29.25180     	27.292391    	10.1847267350
15/11/2009   	24.799799    	28.94938     	27.296309    	10.3582544128
16/11/2009   	24.030140    	29.64238     	26.573703    	10.2932687998
17/11/2009   	26.001808    	29.36858     	27.558854    	10.3776674867
18/11/2009   	26.249615    	30.46774     	28.986982    	10.5108774702
19/11/2009   	24.793749    	29.78759     	28.089518    	10.4330150485
20/11/2009   	27.570776    	29.96896     	28.970045    	10.3721848528
21/11/2009   	26.938641    	29.22938     	28.151890    	10.6334177653
22/11/2009   	27.128103    	30.11572     	28.389621    	10.6764738560
23/11/2009   	27.547092    	30.15029     	29.738828    	10.5505213539
24/11/2009   	26.936949    	30.14827     	28.954843    	10.3493144115
25/11/2009   	29.541002    	30.50284     	30.144875    	10.2751954595
26/11/2009   	30.346670    	30.58182     	30.491868    	10.1658402880
27/11/2009   	29.929510    	30.51978     	30.260084    	 9.6089911660
28/11/2009   	29.456417    	30.07541     	29.772969    	 9.2815259894
29/11/2009   	27.879999    	29.57495     	29.080348    	 9.0751130780
30/11/2009   	26.540157    	29.52072     	28.604074    	 8.6382672985
01/12/2009   	27.515860    	28.70891     	28.140135    	 7.6735306978
02/12/2009   	24.801542    	28.44434     	27.205209    	 6.8942453265
03/12/2009   	24.353901    	27.71066     	26.470229    	 7.7828892469
04/12/2009   	23.021257    	26.57748     	24.791410    	 7.6819327573
05/12/2009   	23.562265    	26.10366     	24.517355    	 7.4569464624
06/12/2009   	23.710764    	26.68153     	24.620458    	 7.9704688688
07/12/2009   	21.560156    	26.67451     	24.300736    	 7.9254656633
08/12/2009   	23.313862    	26.65946     	24.546297    	 7.9053769708
09/12/2009   	23.422277    	25.92278     	24.249021    	 7.7927957575
10/12/2009   	23.278564    	26.00780     	24.267927    	 8.1179510951
11/12/2009   	22.804438    	24.51754     	23.714646    	 8.0133625666
12/12/2009   	16.590658    	23.62791     	21.107754    	 7.0599982341
13/12/2009   	14.189795    	22.15336     	18.558601    	 5.6703021526
14/12/2009   	13.661994    	21.87987     	18.176713    	 4.8556654304
15/12/2009   	13.130436    	20.72529     	17.190042    	 3.7278789183
16/12/2009   	14.185817    	21.04770     	18.621175    	 4.1356542856
17/12/2009   	15.580478    	19.87564     	18.061242    	 4.1200431834
18/12/2009   	11.883675    	20.09699     	15.911729    	 2.6651166603
19/12/2009   	12.557928    	22.96147     	16.442572    	 2.2606743202
20/12/2009   	20.189175    	22.64685     	21.766243    	 3.3580904106
21/12/2009   	19.712097    	22.25004     	20.804629    	 2.8022285948
22/12/2009   	19.702293    	23.87788     	20.807396    	 2.7682650785
23/12/2009   	19.787664    	24.52125     	21.387524    	 2.8953174949
24/12/2009   	20.469868    	24.63347     	21.834891    	 2.8864616305
25/12/2009   	20.452976    	25.62019     	23.351416    	 3.3372154286
26/12/2009   	21.968416    	24.31009     	22.985198    	 3.5168828070
27/12/2009   	23.413815    	26.33263     	24.933089    	 4.1008977145
28/12/2009   	24.762344    	27.37738     	25.965816    	 4.2471640607
29/12/2009   	19.987156    	25.35445     	23.675682    	 3.1907228629
30/12/2009   	13.412589    	25.54798     	20.155594    	 2.2812040225
31/12/2009   	14.414139    	24.38701     	19.205876    	 2.0419801225
01/01/2010   	15.520741    	23.02221     	19.974020    	 2.0561757833
02/01/2010   	15.671195    	22.75913     	19.695656    	 1.7251205631
03/01/2010   	15.525774    	22.41735     	19.697814    	 1.3353936728
04/01/2010   	17.199314    	22.82314     	20.034648    	 1.2671970837
05/01/2010   	17.935455    	22.40690     	20.256445    	 1.5424004160
06/01/2010   	17.404985    	22.38044     	19.512428    	 1.4188614289
07/01/2010   	17.322935    	22.07409     	19.331927    	 1.0463988235
08/01/2010   	17.288214    	21.48862     	19.065930    	 0.3108461815
09/01/2010   	11.367193    	18.47653     	14.254960    	-0.4703773643
10/01/2010   	 8.515418    	18.41314     	14.169819    	 0.0089570513
11/01/2010   	 8.537368    	19.37949     	13.310906    	 0.1858245877
12/01/2010   	10.944227    	20.26181     	15.001500    	 0.0059055919
13/01/2010   	11.743431    	22.63808     	16.813629    	-0.6661341389
14/01/2010   	17.941835    	23.55957     	20.715038    	-0.0179172590
15/01/2010   	18.438484    	22.88391     	20.545945    	 0.1915131408
16/01/2010   	17.973982    	21.67588     	20.560916    	 0.2378163818
17/01/2010   	21.542675    	24.06234     	22.472250    	 1.0835866158
18/01/2010   	21.660259    	23.32602     	22.358289    	 1.3577002188
19/01/2010   	20.982153    	22.60802     	22.102078    	 1.6303947295
20/01/2010   	18.277594    	22.61602     	20.196434    	 1.1248233840
21/01/2010   	15.417431    	22.27123     	18.030998    	 0.8090166661
22/01/2010   	15.241130    	22.30024     	17.526099    	 0.5518085515
23/01/2010   	18.698647    	22.43721     	20.493397    	 0.9909570490
24/01/2010   	17.302780    	21.80773     	19.537340    	 0.5516778957
25/01/2010   	16.853693    	22.21024     	18.977982    	-0.0687316298
26/01/2010   	14.661074    	21.81464     	17.174094    	-0.7495758850
27/01/2010   	14.887710    	23.44185     	20.085722    	-0.0220487590
28/01/2010   	17.173677    	22.79819     	20.538952    	 0.6501678489
29/01/2010   	19.064869    	22.92438     	20.410708    	 0.8812645686
30/01/2010   	20.444107    	25.81737     	22.601594    	 0.9408348824
31/01/2010   	21.416752    	24.09092     	23.036431    	 0.9960996881
01/02/2010   	20.426569    	24.33031     	22.588343    	 1.0106839252
02/02/2010   	20.444778    	23.63053     	22.393039    	 1.1341991549
03/02/2010   	21.016087    	23.23629     	22.242742    	 1.1604735280
04/02/2010   	20.868290    	23.30321     	22.050035    	 1.4192068800
05/02/2010   	16.976706    	23.31251     	19.582766    	 1.6282483737
06/02/2010   	16.812124    	22.41136     	20.091256    	 1.8270469755
07/02/2010   	14.422575    	20.75735     	17.427608    	 1.5284902081
08/02/2010   	11.484253    	20.46596     	15.667628    	 0.4898515824
09/02/2010   	11.480728    	21.05859     	16.479553    	-0.0002580764
10/02/2010   	10.532669    	19.12879     	14.955832    	-0.3385591727
11/02/2010   	 9.593841    	18.98806     	14.086010    	-0.4638362049
12/02/2010   	15.795184    	20.13709     	18.139948    	-0.5318007393
13/02/2010   	19.023773    	22.49664     	21.236201    	-0.7207519499
14/02/2010   	19.930361    	23.45322     	21.859583    	-0.8108278656
15/02/2010   	17.771572    	23.14315     	20.886413    	-1.0213933364
16/02/2010   	16.872389    	22.13385     	20.315668    	-0.6756833605
17/02/2010   	20.651840    	21.85799     	21.162188    	-0.5603353843
18/02/2010   	20.756168    	22.23105     	21.193061    	-0.3609632140
19/02/2010   	20.564939    	24.36995     	21.898140    	 0.5757143122
20/02/2010   	22.786358    	24.34054     	23.360396    	 1.0768648746
21/02/2010   	21.316206    	23.77709     	22.908785    	 0.9725321668
22/02/2010   	21.291565    	23.74982     	22.114892    	 1.3317860017
23/02/2010   	19.801731    	23.84403     	22.046219    	 1.3569432497
24/02/2010   	18.969675    	24.39000     	20.682285    	 1.3442222389
25/02/2010   	20.051601    	24.26733     	22.525069    	 2.2066710616
26/02/2010   	21.782736    	26.13126     	23.771604    	 2.5425658772
27/02/2010   	20.972582    	26.63990     	23.930218    	 2.6348300775
28/02/2010   	20.926174    	26.19455     	23.697730    	 3.0461082111
01/03/2010   	24.193586    	26.21744     	24.862431    	 3.0001001706
02/03/2010   	23.503801    	25.24627     	24.401881    	 3.1101261030
03/03/2010   	22.726900    	24.40938     	23.748596    	 3.1229737202
04/03/2010   	21.428020    	23.72905     	23.244049    	 3.1047623555
05/03/2010   	20.988443    	22.98145     	22.125981    	 3.0101678471
06/03/2010   	17.815231    	24.73801     	21.721504    	 2.3984041164
07/03/2010   	14.467511    	20.75504     	17.959056    	 1.3824815173
08/03/2010   	14.644667    	20.40311     	19.024687    	 1.7174690552
09/03/2010   	13.881145    	18.29104     	15.764787    	 1.4648675111
10/03/2010   	11.552214    	17.12416     	14.546490    	 1.5235732893
11/03/2010   	10.264633    	19.69323     	13.968197    	 1.7820235292
12/03/2010   	15.101004    	20.81701     	17.126190    	 2.3897009939
13/03/2010   	16.926043    	20.21083     	18.019247    	 2.6753715326
14/03/2010   	16.951450    	20.87967     	18.759043    	 3.2220394860
15/03/2010   	16.219318    	22.73251     	19.719565    	 3.6274936497
16/03/2010   	17.632441    	21.17762     	19.539188    	 4.0943809251
17/03/2010   	17.303198    	20.04362     	19.045465    	 4.4552872876
18/03/2010   	17.454254    	20.26617     	18.760512    	 4.8219930530
19/03/2010   	16.823858    	21.39120     	18.940342    	 5.3541826308
20/03/2010   	17.392260    	22.65509     	19.329079    	 5.8378261824
21/03/2010   	18.465670    	21.81728     	19.778768    	 6.2565245529
22/03/2010   	17.940145    	20.87184     	19.392395    	 6.4870259861
23/03/2010   	17.747356    	22.44515     	19.520444    	 6.4924773971
24/03/2010   	14.389202    	21.77033     	17.854176    	 6.8290127317
25/03/2010   	14.352976    	22.65354     	18.562738    	 7.1273073951
26/03/2010   	15.498378    	22.38331     	19.663617    	 7.3203800122
27/03/2010   	17.171053    	23.78488     	20.968960    	 7.0989153882
28/03/2010   	20.284941    	23.73749     	22.075583    	 7.0445247789
29/03/2010   	20.087673    	23.10695     	21.929843    	 7.4125937323
30/03/2010   	17.938292    	23.87620     	21.236110    	 7.8179951509
31/03/2010   	19.380058    	25.52091     	23.459903    	 7.0853685538
01/04/2010   	23.940218    	25.59270     	24.636349    	 6.6019328932
02/04/2010   	23.978962    	25.47697     	24.501262    	 6.6210187674
03/04/2010   	23.671423    	26.04119     	24.365250    	 6.9518241982
04/04/2010   	23.309723    	26.04027     	24.456443    	 7.1608961125
05/04/2010   	22.232145    	25.31139     	24.385585    	 7.1273780266
06/04/2010   	20.147329    	25.98320     	22.761560    	 7.6248297890
07/04/2010   	16.286516    	26.04370     	21.119316    	 8.0633872350
08/04/2010   	21.137907    	24.74499     	22.767913    	 8.4170371493
09/04/2010   	20.110901    	24.16625     	21.897226    	 8.9857563575
10/04/2010   	19.266497    	23.63749     	21.207127    	 9.2585065365
11/04/2010   	16.247328    	21.80878     	19.158184    	 8.8902833660
12/04/2010   	16.748684    	21.40128     	18.974560    	 8.8435728351
13/04/2010   	18.857307    	22.36062     	20.154410    	 8.4448639055
14/04/2010   	20.787931    	22.22375     	21.397326    	 8.6158433457
15/04/2010   	21.567123    	23.29831     	22.323516    	 8.5617668728
16/04/2010   	22.207865    	23.80748     	22.845309    	 8.8125116030
17/04/2010   	22.308029    	24.21664     	23.464606    	 9.0639245510
18/04/2010   	22.359602    	24.73064     	23.656844    	 9.5593458613
19/04/2010   	23.019007    	25.53143     	24.356613    	 9.5584412018
20/04/2010   	22.260883    	25.58626     	24.358548    	 9.5167904298
21/04/2010   	23.102106    	27.29712     	25.441195    	 9.1511145035
22/04/2010   	23.427202    	27.07407     	25.315116    	 8.6403765778
23/04/2010   	22.879086    	25.62445     	24.271993    	 8.9996939500
24/04/2010   	22.243250    	25.63469     	24.009549    	 9.5462583899
25/04/2010   	21.325136    	25.99844     	23.714785    	 9.8489705523
26/04/2010   	22.459103    	26.06314     	24.605987    	10.3440191348
27/04/2010   	23.827065    	26.30271     	24.996918    	10.9958018462
28/04/2010   	23.520294    	26.71903     	24.840563    	11.7719615698
29/04/2010   	24.056351    	26.76192     	25.173852    	11.9355329672
30/04/2010   	24.542761    	26.95324     	25.652415    	12.0338926315
01/05/2010   	24.026409    	26.81231     	25.445488    	12.2253670096
02/05/2010   	23.215879    	26.47890     	25.278929    	11.7441332142
03/05/2010   	18.741247    	27.56395     	23.953622    	 9.9323728283
04/05/2010   	23.807138    	29.72551     	26.912159    	 9.3118496537
05/05/2010   	23.873047    	28.41385     	26.713547    	 9.5414442221
06/05/2010   	23.602812    	29.12116     	26.548769    	 9.3145161470
07/05/2010   	18.457613    	27.16501     	23.594950    	 8.9960079193
08/05/2010   	19.157673    	26.29718     	23.042768    	 9.4301408728
09/05/2010   	23.422781    	25.78185     	24.613200    	 9.6969378988
10/05/2010   	23.692514    	26.17791     	24.513914    	 9.8334444960
11/05/2010   	23.405247    	25.58144     	24.346863    	 9.6606392264
12/05/2010   	24.727905    	26.52587     	25.643492    	 9.1153865655
13/05/2010   	24.553749    	29.06323     	26.625689    	 8.9668103655
14/05/2010   	25.401810    	28.46709     	26.814619    	 9.5783719619
15/05/2010   	25.664246    	27.55240     	26.688793    	10.1771394809
16/05/2010   	25.491993    	27.96282     	26.949089    	10.3777934313
17/05/2010   	25.201302    	27.79260     	26.696914    	10.9197802941
18/05/2010   	26.469048    	29.00507     	27.502331    	11.4967697263
19/05/2010   	26.394680    	28.58572     	27.770322    	12.0981340210
20/05/2010   	26.203775    	28.26581     	27.174086    	12.9123934309
21/05/2010   	25.087151    	27.08676     	26.231644    	13.8210923870
22/05/2010   	25.037691    	26.79653     	25.680089    	14.4026617606
23/05/2010   	24.689903    	27.01678     	25.427978    	15.0476234754
24/05/2010   	24.281551    	26.56579     	25.464819    	15.6427550912
25/05/2010   	24.853930    	27.20174     	26.027084    	15.6232743859
26/05/2010   	25.523420    	27.27215     	26.718987    	15.0209885041
27/05/2010   	25.007465    	27.22306     	26.303998    	14.3711320559
28/05/2010   	24.924925    	27.33756     	26.300013    	14.6959341566
29/05/2010   	22.743820    	27.99099     	25.949324    	14.3940435052
30/05/2010   	22.829279    	27.95418     	26.487256    	14.5653054317
31/05/2010   	27.120163    	29.09324     	27.830848    	14.6181273262
01/06/2010   	26.945343    	29.10760     	27.736720    	14.5181065202
02/06/2010   	26.292925    	28.98549     	27.737521    	14.9399408301
03/06/2010   	24.880482    	28.57708     	26.500097    	15.5081882675
04/06/2010   	23.331190    	27.97158     	25.174722    	15.9724633296
05/06/2010   	21.672630    	27.57636     	24.256818    	16.3437072237
06/06/2010   	20.543158    	27.62594     	24.090570    	16.9091564417
07/06/2010   	23.820581    	27.69924     	26.050378    	16.8855561813
08/06/2010   	23.276909    	27.12736     	25.264301    	17.1260321140
09/06/2010   	23.155615    	26.48626     	25.171617    	17.6830571493
10/06/2010   	24.597889    	26.16330     	25.253386    	17.9939334393
11/06/2010   	24.572016    	26.83783     	25.443315    	18.3303831021
12/06/2010   	24.575607    	26.61416     	25.557888    	17.6692037582
13/06/2010   	25.021044    	26.06579     	25.531867    	17.5431605577
14/06/2010   	25.526312    	27.03470     	26.217426    	17.6769345601
15/06/2010   	23.478765    	26.93288     	25.766074    	16.6714051565
16/06/2010   	21.909576    	26.08783     	24.748532    	15.8097692331
17/06/2010   	24.271826    	28.76994     	26.591825    	15.5494737824
18/06/2010   	25.795412    	30.35890     	28.152124    	15.5597730080
19/06/2010   	26.537437    	32.78769     	29.919802    	14.8850897948
20/06/2010   	27.650831    	32.84778     	30.696317    	14.0763235688
21/06/2010   	28.077473    	32.24635     	30.471067    	14.3398128549
22/06/2010   	29.096325    	31.47599     	30.282131    	15.0742514332
23/06/2010   	29.064388    	30.81700     	29.963568    	16.2093278567
24/06/2010   	29.043274    	30.42942     	29.745215    	17.0473529895
25/06/2010   	29.204819    	31.10874     	30.097948    	17.5490364234
26/06/2010   	29.662981    	31.68438     	30.738245    	18.4427904685
27/06/2010   	30.257391    	31.42245     	30.745588    	18.9639238119
28/06/2010   	29.929195    	30.86954     	30.461289    	20.1785289447
29/06/2010   	29.546701    	30.75529     	30.175309    	20.4798636436
30/06/2010   	29.355211    	30.59001     	29.948683    	20.5451651812
01/07/2010   	29.152874    	30.70025     	29.744681    	20.5189048847
02/07/2010   	28.567894    	30.75662     	29.699051    	21.0075184504
03/07/2010   	28.824846    	30.43711     	29.740687    	21.6370928288
04/07/2010   	29.388283    	30.53831     	29.880891    	21.6937662363
05/07/2010   	29.098669    	30.44620     	29.917891    	21.3381994168
06/07/2010   	29.787743    	30.35423     	30.015493    	21.3065671523
07/07/2010   	29.683855    	30.51285     	30.038605    	19.7336159945
08/07/2010   	29.626741    	30.45891     	30.131049    	19.9475986958
09/07/2010   	29.584167    	30.49224     	30.112664    	20.7369775772
10/07/2010   	29.671070    	30.52945     	30.220950    	22.2170948585
11/07/2010   	29.175163    	30.54602     	29.855404    	22.4776352247
12/07/2010   	28.481003    	30.88448     	29.678412    	21.9779642423
13/07/2010   	29.288275    	30.54340     	30.005928    	21.6810234785
14/07/2010   	28.621937    	30.57822     	29.667469    	22.2714662552
15/07/2010   	28.688360    	30.51504     	29.859669    	21.3879494667
16/07/2010   	28.778313    	30.39636     	29.629750    	20.4239591757
17/07/2010   	28.124136    	29.61922     	28.901760    	20.1933600108
18/07/2010   	28.312138    	28.96574     	28.665712    	19.7938826879
19/07/2010   	28.333979    	28.84617     	28.624771    	20.0121576786
20/07/2010   	28.463064    	28.96791     	28.672607    	20.6544688145
21/07/2010   	28.537704    	29.30844     	28.892712    	20.8528374831
22/07/2010   	28.610409    	29.11998     	28.847962    	20.6070769231
23/07/2010   	28.698423    	29.30819     	28.981987    	20.5699865421
24/07/2010   	28.752245    	29.36314     	29.145605    	20.2084451914
25/07/2010   	28.118448    	29.58802     	28.819080    	20.1630789836
26/07/2010   	28.131096    	29.59083     	28.865471    	20.2209606171
27/07/2010   	27.433792    	29.47208     	28.177942    	20.0437191327
28/07/2010   	27.347591    	29.59338     	28.315272    	20.2644656102
29/07/2010   	27.261091    	29.65729     	28.297329    	20.1873739958
30/07/2010   	27.668764    	29.71552     	28.386469    	20.0138062636
31/07/2010   	27.510254    	29.57179     	28.376800    	19.6544976632
01/08/2010   	26.979343    	29.15184     	27.965195    	19.8195943435
02/08/2010   	26.733587    	29.25382     	28.111076    	19.9358452956
03/08/2010   	27.401121    	28.73423     	28.261929    	19.9794357618
04/08/2010   	24.933548    	29.17221     	26.781907    	19.7749538422
05/08/2010   	26.565573    	28.51210     	27.535638    	19.5152190129
06/08/2010   	26.249290    	27.91858     	27.230662    	19.1008521716
07/08/2010   	24.181120    	27.34533     	25.780656    	19.2476584117
08/08/2010   	24.299335    	27.57840     	25.987268    	19.4427439769
09/08/2010   	25.908880    	27.06669     	26.179376    	19.5579146942
10/08/2010   	24.950117    	28.36419     	26.418618    	19.6348558664
11/08/2010   	26.077715    	27.91830     	26.618236    	19.6750947237
12/08/2010   	25.907688    	27.89260     	26.532547    	19.4055583874
13/08/2010   	25.396008    	27.56866     	26.278198    	18.8836718798
14/08/2010   	24.881443    	27.07716     	25.913337    	19.1935253143
15/08/2010   	16.529871    	26.06582     	23.143785    	18.9198128382
16/08/2010   	18.708044    	26.03714     	23.329890    	19.2476408879
17/08/2010   	21.726891    	25.85143     	24.259529    	19.2557323774
18/08/2010   	23.199776    	25.23905     	24.370523    	18.8066010078
19/08/2010   	18.919340    	24.78290     	22.420589    	18.3930137157
20/08/2010   	19.242250    	22.64532     	20.482038    	18.5594462951
21/08/2010   	19.171074    	23.82221     	21.289240    	18.9505916834
22/08/2010   	19.434050    	24.40836     	21.170242    	19.2491316001
23/08/2010   	20.300106    	26.17046     	22.935509    	19.3299639622
24/08/2010   	20.665314    	26.67421     	24.579946    	18.7585416238
25/08/2010   	20.402901    	25.50843     	22.509538    	17.9914737542
26/08/2010   	20.639324    	23.75046     	22.606829    	16.8770764271
27/08/2010   	21.983192    	24.84813     	23.964561    	16.5347392162
28/08/2010   	21.990582    	24.17285     	23.396855    	15.9926925302
29/08/2010   	22.198090    	24.44498     	23.563626    	16.0918943087
30/08/2010   	23.188776    	27.73767     	25.636560    	15.3913468520
31/08/2010   	22.848345    	27.71728     	25.225188    	15.1705551744
01/09/2010   	21.940752    	25.78603     	23.630025    	15.0752463937
02/09/2010   	21.317408    	23.98779     	22.753967    	15.4012918472
03/09/2010   	17.593788    	23.75105     	20.854387    	15.7465027372
04/09/2010   	16.427713    	20.75377     	19.165608    	16.0186301867
05/09/2010   	11.654482    	19.16189     	15.845262    	15.9172427257
06/09/2010   	 9.354836    	18.25046     	11.887309    	15.5270237923
07/09/2010   	 9.394300    	20.23205     	15.795441    	14.6892718474
08/09/2010   	13.379797    	21.42197     	17.848914    	14.8803848426
09/09/2010   	15.483834    	22.74544     	19.737817    	15.8229081631
10/09/2010   	18.304394    	21.86914     	20.028489    	16.1326734622
11/09/2010   	17.272499    	22.75859     	20.268606    	16.4392769933
12/09/2010   	20.300570    	22.16399     	20.743049    	16.8582589626
13/09/2010   	19.753490    	21.94130     	20.633617    	16.5140024821
14/09/2010   	19.265854    	22.72885     	22.006754    	16.7760725816
15/09/2010   	17.969049    	23.72461     	21.443222    	16.1232318083
16/09/2010   	16.809767    	21.56418     	19.203212    	15.3486672044
17/09/2010   	17.676908    	23.75336     	20.492136    	14.8388760289
18/09/2010   	19.084257    	22.96600     	21.183149    	14.1576313774
19/09/2010   	16.938284    	22.36085     	19.513496    	13.7915294170
20/09/2010   	16.713724    	22.20788     	19.673819    	14.1407040159
21/09/2010   	16.921606    	21.76148     	19.191399    	14.6809837619
22/09/2010   	18.338076    	20.86845     	19.375394    	15.1067195336
23/09/2010   	15.854532    	21.18097     	18.643254    	15.4272724191
24/09/2010   	15.992184    	20.80507     	18.739420    	15.5794241031
25/09/2010   	15.886173    	21.02817     	19.515386    	14.6794213255
26/09/2010   	18.611259    	21.05351     	19.767187    	14.1104358037
27/09/2010   	17.477753    	20.90365     	19.723013    	14.0817448099
28/09/2010   	17.507170    	20.78222     	19.718314    	14.0296972195
29/09/2010   	12.737318    	19.56521     	16.380747    	13.2115809520
30/09/2010   	12.874051    	20.61859     	15.790917    	13.2425698837
01/10/2010   	16.425270    	20.59206     	17.522060    	13.5235617558
02/10/2010   	18.528547    	21.66476     	19.942590    	14.0925742189
03/10/2010   	19.262762    	22.44613     	21.251013    	14.8889102936
04/10/2010   	20.148754    	22.91603     	21.573465    	15.3333498836
05/10/2010   	20.203869    	23.06500     	21.457222    	15.6790344318
06/10/2010   	20.256065    	23.64296     	22.254726    	15.6664818724
07/10/2010   	21.404097    	23.44967     	22.086020    	15.6059059898
08/10/2010   	18.454834    	22.76373     	21.115121    	15.5805603464
09/10/2010   	16.052450    	22.48639     	19.530225    	14.7474017541
10/10/2010   	14.995530    	22.37311     	18.416486    	13.8808303078
11/10/2010   	15.054256    	20.87769     	18.325321    	13.3662705819
12/10/2010   	16.161732    	20.68101     	18.080222    	13.2063766917
13/10/2010   	17.138184    	21.29956     	18.556980    	12.9725992084
14/10/2010   	16.979986    	20.88917     	19.458127    	12.6737808983
15/10/2010   	19.502583    	21.70359     	20.367644    	12.4765623808
16/10/2010   	13.745976    	23.06715     	18.669247    	11.2223264178
17/10/2010   	14.960095    	20.05560     	17.635686    	 9.7857149243
18/10/2010   	16.994570    	22.76555     	20.127443    	10.8348967433
19/10/2010   	19.994560    	22.69385     	21.634384    	10.9716808399
20/10/2010   	20.620127    	22.90329     	21.501636    	10.2357978622
21/10/2010   	20.454872    	24.46271     	22.062320    	 9.4681288203
22/10/2010   	19.413116    	22.43729     	20.748633    	 9.7526929577
23/10/2010   	18.789387    	24.37543     	21.752050    	 9.7265580495
24/10/2010   	20.267908    	23.98212     	22.338857    	 9.3862586220
25/10/2010   	20.770802    	24.83980     	22.323458    	 8.4716203213
26/10/2010   	20.146936    	25.00965     	22.855944    	 8.2821634610
27/10/2010   	18.702145    	23.47875     	22.578699    	 8.6625361840
28/10/2010   	17.853949    	23.34972     	20.258761    	 9.2664924065
29/10/2010   	19.308296    	23.54031     	20.408773    	 9.3919896682
30/10/2010   	18.519226    	24.31034     	21.654092    	10.0206379294
31/10/2010   	19.062109    	24.76040     	20.948633    	 9.9763800701
01/11/2010   	19.796780    	25.00147     	21.716556    	10.0641843875
02/11/2010   	20.722683    	24.53677     	23.005294    	10.3818108439
03/11/2010   	23.499125    	26.58429     	25.054637    	10.8694748878
04/11/2010   	22.663683    	26.30162     	25.079340    	11.2368930777
05/11/2010   	22.886745    	25.97309     	24.251737    	11.5527007182
06/11/2010   	23.420475    	25.36181     	24.163925    	11.3463659684
07/11/2010   	23.527420    	24.84168     	24.238267    	10.5416688522
08/11/2010   	17.949436    	24.55783     	21.010599    	 8.9686707258
09/11/2010   	14.057481    	24.27760     	18.194265    	 7.9871235689
10/11/2010   	18.164932    	22.67662     	20.745394    	 8.0470927159
11/11/2010   	19.424507    	24.14211     	22.150413    	 7.9558840394
12/11/2010   	20.883177    	25.66954     	24.216092    	 8.6564203302
13/11/2010   	20.042923    	25.56235     	21.902672    	 8.3497547309
14/11/2010   	20.396122    	24.83561     	21.740726    	 8.5776859919
15/11/2010   	22.261461    	26.47994     	24.143911    	 8.5870205760
16/11/2010   	20.743483    	25.01789     	22.592062    	 7.7927703460
17/11/2010   	15.413433    	23.51023     	18.774659    	 6.8903426727
18/11/2010   	15.383634    	24.58364     	20.338758    	 7.1068462332
19/11/2010   	17.327477    	24.03510     	21.027294    	 7.1520106196
20/11/2010   	17.415689    	23.30250     	20.736547    	 7.1355812649
21/11/2010   	14.922021    	22.31256     	19.475017    	 6.6891495983
22/11/2010   	15.266642    	21.60042     	19.032631    	 6.4845810831
23/11/2010   	15.089997    	20.86238     	18.631649    	 6.3656342526
24/11/2010   	18.817112    	22.57173     	20.271498    	 5.9052480459
25/11/2010   	19.109695    	22.98333     	20.870216    	 5.3721908232
26/11/2010   	18.679544    	22.11815     	20.449079    	 4.3531000614
27/11/2010   	15.008899    	21.89629     	17.920952    	 3.6109852642
28/11/2010   	12.680243    	21.80549     	15.543294    	 3.1048113058
29/11/2010   	11.013094    	21.37436     	14.994700    	 1.7960847442
30/11/2010   	11.696043    	17.85372     	13.645762    	 1.2126148451
01/12/2010   	11.382858    	17.22592     	14.915365    	-0.2665647604
02/12/2010   	15.238245    	22.76584     	18.314985    	 0.2578496680
03/12/2010   	17.407045    	23.16987     	20.921393    	 1.3747110792
04/12/2010   	18.318146    	24.38328     	23.319359    	 2.1378983322
05/12/2010   	23.624914    	24.82558     	24.160637    	 2.4595925858
06/12/2010   	23.848076    	24.63120     	24.071813    	 2.4225679437
07/12/2010   	23.072002    	24.73508     	23.877686    	 2.0092741922
08/12/2010   	22.389767    	25.09679     	23.405266    	 1.6026435196
09/12/2010   	23.309429    	27.63848     	24.741433    	 1.6298628772
10/12/2010   	22.790989    	28.93119     	25.859837    	 1.9872712766
11/12/2010   	22.564268    	30.05269     	25.551850    	 2.8373031169
12/12/2010   	22.986387    	30.23344     	28.844968    	 4.1021495412
13/12/2010   	25.363508    	30.10430     	27.534757    	 3.2186969270
14/12/2010   	23.834387    	28.09894     	26.473810    	 2.0865100101
15/12/2010   	21.526751    	26.82999     	25.300608    	 1.8619768396
16/12/2010   	20.972120    	26.07503     	23.505524    	 2.1307985882
17/12/2010   	21.688881    	25.78520     	24.266943    	 1.8486307909
18/12/2010   	20.250450    	24.77248     	21.997755    	 1.3768873376
19/12/2010   	17.457916    	23.45110     	20.867876    	 0.1137699041
20/12/2010   	18.731785    	23.64733     	21.953837    	 0.0386877366
21/12/2010   	18.859564    	22.89998     	20.874462    	-0.5947689515
22/12/2010   	17.167898    	23.03144     	20.052797    	-0.8833201149
23/12/2010   	14.667091    	21.66742     	17.786970    	-0.4242719447
24/12/2010   	15.136512    	27.44168     	22.617015    	-0.3004576304
25/12/2010   	22.603260    	29.75287     	25.866789    	-0.4690572961
26/12/2010   	22.769899    	26.00707     	24.581547    	-0.2743936646
27/12/2010   	20.119688    	25.36705     	23.106868    	 0.0782982662
28/12/2010   	19.580833    	23.80804     	21.158985    	-0.0450194898
29/12/2010   	20.126865    	22.84213     	21.004328    	-0.1289762370
30/12/2010   	20.254356    	22.27275     	21.243879    	-0.0222582905
31/12/2010   	20.442663    	22.22284     	21.432644    	 0.4260929332
01/01/2011   	20.035835    	22.27039     	21.455142    	 0.7329918581
02/01/2011   	20.727343    	22.66714     	21.821070    	 0.9315640964
03/01/2011   	21.176577    	23.93698     	22.504569    	 1.1877690057
04/01/2011   	18.946785    	23.23425     	21.574040    	 1.0983592433
05/01/2011   	19.451685    	21.91762     	20.681429    	 0.8438777030
06/01/2011   	19.683521    	22.91837     	21.011329    	 1.0607150545
07/01/2011   	19.891705    	22.64788     	20.843256    	 1.2682581382
08/01/2011   	20.489828    	23.74788     	21.965743    	 2.2806674292
09/01/2011   	19.663078    	23.60799     	21.931178    	 2.3463324259
10/01/2011   	19.655643    	22.24035     	20.640189    	 2.0161139543
11/01/2011   	20.418776    	24.19331     	21.411070    	 2.0558330740
12/01/2011   	20.222473    	24.25314     	21.214689    	 2.2838827819
13/01/2011   	19.391161    	23.50676     	21.047220    	 2.7780523201
14/01/2011   	19.942690    	22.95880     	21.434795    	 3.3617209494
15/01/2011   	17.662994    	24.57156     	22.361588    	 3.5747262090
16/01/2011   	18.939419    	26.50666     	22.874168    	 4.0334558239
17/01/2011   	19.227594    	25.86842     	21.943463    	 4.3841754397
18/01/2011   	18.993813    	23.87647     	21.815588    	 4.4056758980
19/01/2011   	21.288589    	22.46895     	21.863824    	 4.3061874509
20/01/2011   	19.027201    	21.81608     	20.560255    	 3.9847373863
21/01/2011   	17.050289    	20.06133     	18.410694    	 3.5707218895
22/01/2011   	16.143087    	19.53152     	17.408235    	 3.6141771972
23/01/2011   	15.251782    	19.50087     	17.302515    	 3.8420928270
24/01/2011   	14.763793    	19.84608     	17.494963    	 4.1504650563
25/01/2011   	14.321429    	19.70687     	17.164630    	 4.1160590251
26/01/2011   	14.057665    	18.58189     	16.378407    	 3.6363218228
27/01/2011   	 8.277001    	16.05614     	13.194271    	 1.9219765949
28/01/2011   	 5.542826    	14.95040     	 9.780211    	 0.5042491840
29/01/2011   	 6.886005    	15.99574     	12.434458    	 0.7813226624
30/01/2011   	 8.547390    	16.53781     	12.623198    	 0.5932454022
31/01/2011   	 9.246430    	18.45519     	13.429814    	 0.9564607752
01/02/2011   	 9.268652    	19.47302     	14.387238    	 1.2330663791
02/02/2011   	14.299610    	20.57407     	16.585377    	 2.0318281030
03/02/2011   	16.627693    	20.89711     	18.743383    	 2.7487636854
04/02/2011   	16.618757    	27.79465     	21.889539    	 3.4846637100
05/02/2011   	21.344454    	29.07211     	26.826465    	 4.5853410165
06/02/2011   	27.656557    	29.35511     	29.076385    	 5.0631696383
07/02/2011   	26.496960    	29.08222     	28.734854    	 5.1104214390
08/02/2011   	26.435955    	28.77474     	27.702399    	 5.1019306282
09/02/2011   	23.836388    	28.11014     	26.126721    	 4.6204012930
10/02/2011   	21.061489    	26.36195     	23.990919    	 4.8832537234
11/02/2011   	22.854172    	25.65677     	24.191822    	 4.9621021350
12/02/2011   	17.816650    	24.61582     	21.116605    	 4.5631619742
13/02/2011   	17.696604    	25.50673     	21.698798    	 4.6804116567
14/02/2011   	20.544477    	23.77230     	22.109528    	 4.7498577734
15/02/2011   	20.577459    	23.07969     	22.192432    	 4.7257825931
16/02/2011   	21.522051    	23.64089     	22.761577    	 4.7373157442
17/02/2011   	19.794899    	23.31508     	22.063553    	 4.5080847541
18/02/2011   	16.884968    	23.11782     	20.508447    	 3.5639487356
19/02/2011   	15.105588    	19.45994     	17.434967    	 2.7052159185
20/02/2011   	12.779777    	22.17315     	16.866553    	 1.6475068762
21/02/2011   	14.451935    	21.86963     	18.264943    	 0.9174221916
22/02/2011   	18.830519    	22.44430     	20.179902    	 0.5211274909
23/02/2011   	20.459188    	22.35961     	21.299752    	 1.0344677959
24/02/2011   	21.590563    	22.66863     	21.944317    	 1.6404721911
25/02/2011   	21.641085    	22.77619     	21.964222    	 2.3919459457
26/02/2011   	21.891073    	23.56581     	22.389788    	 2.8666846653
27/02/2011   	22.233450    	24.07764     	23.058778    	 3.1092193027
28/02/2011   	19.291080    	23.59823     	21.525525    	 3.3084005465
01/03/2011   	17.647663    	21.12719     	19.323629    	 3.1626668572
02/03/2011   	12.588285    	20.68098     	16.186148    	 2.4666551029
03/03/2011   	13.911888    	20.32772     	17.399034    	 2.2547742426
04/03/2011   	15.695962    	21.13787     	17.776634    	 1.9659929524
05/03/2011   	16.892036    	21.15964     	19.160395    	 2.6137840475
06/03/2011   	19.484133    	21.73466     	20.150970    	 2.5647798876
07/03/2011   	16.477699    	22.17352     	19.858628    	 2.5313188831
08/03/2011   	15.222389    	22.49150     	18.923872    	 2.5239135673
09/03/2011   	17.288193    	23.20665     	21.541906    	 3.2655898084
10/03/2011   	19.647112    	23.09074     	22.284704    	 3.8477682918
11/03/2011   	19.369282    	22.91752     	21.216175    	 3.9824970116
12/03/2011   	18.631418    	22.74617     	20.304291    	 4.1175371806
13/03/2011   	18.722937    	23.20211     	20.416955    	 4.6949815253
14/03/2011   	18.890631    	22.87287     	20.734171    	 5.1981479923
15/03/2011   	17.150694    	22.45754     	19.439269    	 5.9894340734
16/03/2011   	15.520026    	23.76266     	18.284645    	 5.8058449527
17/03/2011   	16.268835    	24.29135     	21.279267    	 5.5963303745
18/03/2011   	19.771879    	23.58329     	21.980183    	 5.6874678731
19/03/2011   	19.174120    	22.90039     	21.095622    	 5.7961600423
20/03/2011   	19.897465    	23.56983     	21.120303    	 5.9993507465
21/03/2011   	19.841295    	24.13283     	21.808266    	 6.0900220474
22/03/2011   	21.040468    	24.73917     	22.441888    	 6.4471170008
23/03/2011   	21.785358    	25.19388     	22.703710    	 6.9258103470
24/03/2011   	22.097809    	24.15180     	23.107766    	 7.2072719733
25/03/2011   	22.476034    	24.72058     	23.353932    	 7.5014779965
26/03/2011   	23.013990    	24.83482     	23.573931    	 7.3938775957
27/03/2011   	21.691706    	24.95398     	23.038192    	 6.3798268735
28/03/2011   	20.987234    	24.99232     	23.447953    	 6.3769673308
29/03/2011   	20.742708    	25.31669     	23.011366    	 6.3031099737
30/03/2011   	20.752275    	25.93718     	23.258495    	 6.9897930423
31/03/2011   	21.086576    	25.77524     	24.015309    	 7.5538541873
01/04/2011   	25.350359    	25.75591     	25.536699    	 7.8515977263
02/04/2011   	25.280155    	25.79388     	25.544238    	 8.5198837022
03/04/2011   	25.398214    	25.68250     	25.539756    	 9.1047023336
04/04/2011   	25.436289    	26.11124     	25.556377    	 9.0547656616
05/04/2011   	25.474541    	26.75017     	26.128441    	 8.6408790151
06/04/2011   	26.276314    	26.59497     	26.410354    	 9.0140427748
07/04/2011   	26.170282    	26.52239     	26.358265    	 9.4718919396
08/04/2011   	25.909702    	26.42101     	26.239103    	 9.7410076857
09/04/2011   	25.759064    	26.33474     	26.028978    	10.2357714375
10/04/2011   	25.878283    	27.16763     	26.477468    	10.3880798618
11/04/2011   	26.171816    	27.27505     	26.861605    	10.7256794771
12/04/2011   	26.440258    	28.56090     	27.302503    	10.7261341810
13/04/2011   	26.230509    	28.86397     	27.783938    	10.4101763368
14/04/2011   	26.094179    	28.52280     	27.449342    	10.3131575187
15/04/2011   	26.503706    	28.21856     	27.526718    	10.5411735773
16/04/2011   	26.767893    	28.31138     	27.712689    	10.7407826781
17/04/2011   	26.859518    	28.68384     	27.881296    	11.1168186665
18/04/2011   	27.314753    	28.42820     	27.925316    	11.3831937114
19/04/2011   	26.919556    	28.25392     	27.505070    	11.8775519133
20/04/2011   	26.675245    	28.16876     	27.409223    	12.6036495566
21/04/2011   	26.867887    	28.42053     	27.418263    	13.0968811512
22/04/2011   	26.867153    	28.56759     	27.456874    	13.6305998762
23/04/2011   	26.678446    	28.69845     	27.546467    	14.0533961852
24/04/2011   	27.169004    	28.78410     	27.817230    	14.3985467156
25/04/2011   	26.951576    	28.72471     	27.663922    	14.7717976570
26/04/2011   	27.279156    	28.22639     	27.765689    	14.1683086157
27/04/2011   	26.895485    	29.66850     	28.291211    	12.8476330439
28/04/2011   	28.411470    	30.65808     	29.564428    	11.9193303386
29/04/2011   	27.302742    	30.87777     	29.737190    	12.2319314281
30/04/2011   	26.538734    	29.82004     	28.058166    	12.4906168183
01/05/2011   	26.761612    	29.24164     	27.939893    	11.8128547668
02/05/2011   	27.425665    	29.52192     	28.659030    	11.0520025889
03/05/2011   	28.548567    	30.11556     	29.626668    	10.1529330214
04/05/2011   	29.329725    	30.82618     	30.138822    	10.6808664600
05/05/2011   	30.001652    	31.41242     	30.754930    	10.6725284060
06/05/2011   	30.533125    	31.61023     	31.257997    	11.1954486569
07/05/2011   	30.946880    	31.63033     	31.398663    	11.9965360562
08/05/2011   	29.272560    	31.25070     	30.372195    	13.0722838243
09/05/2011   	29.710745    	31.31355     	30.840091    	13.3827648958
10/05/2011   	30.645697    	31.49990     	31.161971    	13.8401249051
11/05/2011   	30.663374    	31.48432     	31.208805    	14.6892036796
12/05/2011   	30.888813    	31.44747     	31.228311    	15.2562326988
13/05/2011   	30.998243    	31.46721     	31.285016    	15.2617927988
14/05/2011   	30.888470    	31.65443     	31.299617    	15.3238815467
15/05/2011   	30.953764    	32.09119     	31.502244    	14.9779253403
16/05/2011   	31.040174    	31.80870     	31.347936    	14.4922876159
17/05/2011   	31.016634    	31.90610     	31.374544    	14.4764142831
18/05/2011   	30.961086    	31.79879     	31.443497    	14.5930605928
19/05/2011   	30.915094    	32.01810     	31.461613    	14.9063575665
20/05/2011   	31.409218    	32.43546     	31.836773    	14.9557585120
21/05/2011   	31.350710    	32.40111     	31.919285    	15.7100606759
22/05/2011   	31.305780    	32.39680     	31.796799    	16.1058053374
23/05/2011   	30.954971    	31.80376     	31.344389    	15.8089277148
24/05/2011   	30.676725    	31.49768     	30.935253    	15.4976540804
25/05/2011   	30.719929    	31.28214     	31.002485    	15.5305534005
26/05/2011   	30.684734    	31.10148     	30.875284    	15.6084673405
27/05/2011   	30.605799    	30.84248     	30.712167    	15.3860655427
28/05/2011   	30.298883    	30.81998     	30.533517    	14.9136016170
29/05/2011   	30.310596    	30.42523     	30.366215    	14.8264769912
30/05/2011   	30.338768    	30.39952     	30.367274    	15.3146198789
31/05/2011   	30.331339    	30.44054     	30.380401    	15.7416876157
01/06/2011   	30.401424    	30.48689     	30.463102    	15.9292945464
02/06/2011   	30.435160    	30.53760     	30.499241    	16.8116288582
03/06/2011   	30.530647    	30.74403     	30.591908    	17.0105141799
04/06/2011   	30.674686    	30.93417     	30.750638    	17.3515857061
05/06/2011   	30.921083    	31.61528     	31.212080    	16.4900938869
06/06/2011   	30.946632    	31.62881     	31.408755    	16.4062298536
07/06/2011   	31.066177    	31.61975     	31.430161    	16.8057396412
08/06/2011   	31.084496    	31.57224     	31.368187    	16.8926097155
09/06/2011   	30.981306    	31.41331     	31.229522    	16.7517843843
10/06/2011   	30.912163    	31.46968     	31.267366    	16.6049303611
11/06/2011   	30.852037    	31.47944     	31.190044    	16.6264300942
12/06/2011   	30.104649    	31.52352     	31.104875    	16.3483239611
13/06/2011   	30.316320    	31.48644     	30.646024    	16.7263768911
14/06/2011   	30.480309    	30.77966     	30.642843    	17.3518839280
15/06/2011   	30.662571    	30.89517     	30.780686    	17.4421873887
16/06/2011   	30.507740    	30.91077     	30.713684    	17.5649539232
17/06/2011   	30.418673    	30.80847     	30.672191    	17.3916214705
18/06/2011   	29.462109    	30.67884     	30.269336    	16.9899174174
19/06/2011   	29.706703    	30.33845     	29.953805    	16.7181477149
20/06/2011   	29.690857    	30.18569     	29.927443    	16.8385706544
21/06/2011   	29.721090    	30.37828     	29.971845    	17.2785000404
22/06/2011   	29.660721    	30.00368     	29.838353    	16.9905698697
23/06/2011   	28.659750    	29.74715     	29.474144    	16.9819582701
24/06/2011   	28.699179    	29.72861     	29.290670    	16.9898255666
25/06/2011   	27.133011    	29.61372     	28.700457    	16.8409473499
26/06/2011   	27.316584    	29.11813     	28.237014    	17.9256983995
27/06/2011   	27.524332    	29.08125     	28.254243    	19.3782317638
28/06/2011   	27.046902    	29.12614     	28.409687    	20.3609838088
29/06/2011   	28.168310    	29.39502     	28.900677    	19.8393860261
30/06/2011   	28.415512    	29.57844     	29.073433    	19.5085910161
01/07/2011   	28.037544    	29.75072     	29.064175    	18.8414278825
02/07/2011   	27.005375    	29.54762     	28.684101    	17.7795803944
03/07/2011   	26.409746    	30.12692     	28.287208    	17.0786348979
04/07/2011   	26.436260    	30.55369     	28.512106    	16.9749675989
05/07/2011   	26.942453    	29.78174     	28.382750    	17.2814983726
06/07/2011   	27.311966    	28.75084     	28.157747    	17.8135990302
07/07/2011   	25.937037    	28.59689     	27.719234    	17.6424537897
08/07/2011   	25.591673    	28.34147     	27.279381    	17.9923273325
09/07/2011   	25.021723    	28.33377     	27.350953    	18.3647303581
10/07/2011   	27.598679    	28.09269     	27.794611    	18.3222037156
11/07/2011   	27.204315    	27.97658     	27.651715    	19.1284219424
12/07/2011   	25.838385    	28.01493     	27.644027    	19.0572839975
13/07/2011   	21.959415    	29.11877     	26.344260    	17.0266571442
14/07/2011   	26.029305    	30.33665     	28.474776    	16.9700773954
15/07/2011   	26.829432    	30.83862     	29.017338    	17.7244852384
16/07/2011   	25.277834    	30.75040     	27.341299    	17.9104611874
17/07/2011   	22.439215    	26.87268     	25.281241    	17.6361989180
18/07/2011   	20.265032    	26.81801     	25.039564    	17.3957809607
19/07/2011   	20.407127    	26.86556     	23.320787    	17.2152069410
20/07/2011   	22.212200    	25.44217     	23.457570    	17.6362428665
21/07/2011   	22.586065    	25.59953     	23.994792    	18.1996820370
22/07/2011   	24.337168    	25.44686     	24.825084    	17.8009065390
23/07/2011   	22.701143    	26.90796     	25.144554    	16.7568209966
24/07/2011   	22.462492    	26.59771     	24.262889    	16.3972888390
25/07/2011   	23.331743    	26.61070     	25.288054    	16.1525927385
26/07/2011   	21.741968    	26.20445     	23.851047    	16.5015608867
27/07/2011   	22.210609    	26.01765     	24.003323    	17.4094248215
28/07/2011   	22.561270    	25.00792     	24.138044    	18.1393998464
29/07/2011   	23.509464    	27.18844     	24.829609    	17.5498261054
30/07/2011   	23.697256    	26.99102     	25.470491    	17.1523132722
31/07/2011   	23.756477    	26.49593     	25.340793    	16.7152814666
01/08/2011   	23.664516    	26.04350     	24.877828    	17.0858269533
02/08/2011   	22.948717    	25.32563     	24.098638    	17.5910016298
03/08/2011   	22.967463    	25.65038     	24.021616    	18.2944260836
04/08/2011   	23.257885    	25.68733     	24.111754    	18.8345487118
05/08/2011   	22.861423    	25.49499     	24.056877    	19.3813476165
06/08/2011   	22.464527    	25.26341     	23.895242    	19.4858105580
07/08/2011   	23.310829    	25.65829     	24.896564    	19.1525841554
08/08/2011   	22.035330    	25.66945     	24.686868    	18.5008372068
09/08/2011   	23.631178    	25.90452     	24.780238    	17.6594175498
10/08/2011   	22.891539    	26.20892     	24.951212    	16.5050994953
11/08/2011   	20.366577    	25.06090     	23.669374    	16.8689312935
12/08/2011   	20.324148    	24.03323     	22.294723    	17.5825341145
13/08/2011   	21.693373    	24.04684     	23.053581    	18.3697365125
14/08/2011   	21.922918    	23.90709     	23.052496    	18.5777664979
15/08/2011   	22.705118    	24.02997     	23.320706    	18.4671458403
16/08/2011   	22.204485    	24.27847     	23.210092    	18.2667945226
17/08/2011   	22.014837    	24.37628     	23.026900    	18.3596876462
18/08/2011   	22.325579    	24.45694     	23.533274    	18.1928648154
19/08/2011   	21.740385    	24.59508     	22.999312    	17.9319616954
20/08/2011   	21.390753    	23.77394     	22.603550    	17.5597900550
21/08/2011   	19.184797    	23.34795     	21.523468    	17.9034995635
22/08/2011   	18.900352    	23.29789     	21.752404    	18.1233469248
23/08/2011   	17.860926    	22.40009     	20.635864    	18.2604355017
24/08/2011   	18.592499    	23.74333     	20.611865    	18.8272647063
25/08/2011   	18.878801    	22.78951     	20.466621    	18.7430915435
26/08/2011   	19.452726    	23.32787     	21.365898    	18.8355622689
27/08/2011   	19.390488    	23.89253     	22.549270    	18.3058066368
28/08/2011   	22.080368    	24.29545     	23.180912    	17.8594827255
29/08/2011   	22.395472    	25.02507     	23.518359    	17.3606454531
30/08/2011   	22.355053    	24.55427     	23.338196    	16.3440932830
31/08/2011   	22.295010    	24.75767     	23.667719    	15.7695314288
01/09/2011   	22.675911    	26.58391     	24.713723    	15.3923637668
02/09/2011   	22.829845    	25.50338     	24.369152    	15.4877583981
03/09/2011   	22.623192    	25.02333     	23.637676    	16.1922545433
04/09/2011   	21.625938    	24.87821     	22.974215    	16.9161976178
05/09/2011   	20.132891    	24.97138     	23.576688    	16.8568205833
06/09/2011   	21.254839    	26.98202     	24.964996    	16.8115991751
07/09/2011   	25.866983    	29.52163     	27.665472    	16.7069249948
08/09/2011   	24.062159    	28.25612     	26.011989    	16.1072840293
09/09/2011   	24.436146    	26.67332     	25.375070    	16.2489580313
10/09/2011   	22.817493    	26.53642     	24.104687    	16.8571768999
11/09/2011   	21.985670    	26.44277     	24.202135    	16.9553889434
12/09/2011   	22.363146    	27.57171     	25.583713    	16.8431407611
13/09/2011   	20.694780    	27.62291     	26.251052    	16.4894934098
14/09/2011   	22.898609    	27.41463     	24.629514    	15.7674975395
15/09/2011   	23.338272    	25.67365     	24.372987    	15.4123104811
16/09/2011   	23.614244    	27.24260     	25.307397    	14.7821276983
17/09/2011   	20.478830    	25.60813     	23.578360    	14.8684919874
18/09/2011   	21.736921    	24.60749     	22.864792    	14.8056093454
19/09/2011   	21.496157    	24.20259     	22.589385    	14.6173640490
20/09/2011   	21.349188    	24.99996     	22.542687    	15.1386147936
21/09/2011   	20.481781    	25.12669     	22.754096    	15.4449552298
22/09/2011   	22.287577    	25.51788     	24.161735    	15.1343443990
23/09/2011   	22.110046    	24.95516     	23.506837    	14.6635284821
24/09/2011   	21.355530    	24.68511     	22.865616    	14.7324560086
25/09/2011   	22.094271    	24.72628     	23.397127    	15.0767883460
26/09/2011   	22.475496    	24.81219     	23.547109    	15.6080588897
27/09/2011   	23.123905    	25.08623     	24.057333    	15.6810831229
28/09/2011   	23.158888    	25.34628     	24.277772    	15.8823962609
29/09/2011   	22.772614    	25.04848     	23.726619    	16.3629373113
30/09/2011   	21.515659    	24.77607     	22.817550    	16.7889952660
01/10/2011   	21.226318    	24.22727     	22.405947    	17.0410957734
02/10/2011   	20.785961    	23.74903     	21.927377    	17.2801365455
03/10/2011   	19.017570    	24.17892     	21.290957    	17.4377538761
04/10/2011   	21.342699    	24.29397     	22.660255    	17.2124674718
05/10/2011   	22.429249    	23.27027     	22.895048    	16.7595909039
06/10/2011   	23.047062    	26.30498     	24.855622    	16.4555421869
07/10/2011   	21.171812    	27.36452     	24.199008    	15.1850988666
08/10/2011   	23.433212    	28.91055     	26.459069    	12.8364659349
09/10/2011   	22.797840    	27.80096     	25.332455    	12.2950737079
10/10/2011   	23.029573    	26.04514     	24.940551    	13.3636838992
11/10/2011   	21.281042    	25.77303     	23.816091    	13.5618263880
12/10/2011   	22.598703    	23.62207     	23.122798    	13.3990298907
13/10/2011   	22.818752    	24.89584     	24.068862    	13.0457797249
14/10/2011   	18.423576    	25.12056     	23.465430    	12.2659036120
15/10/2011   	16.222460    	24.14584     	19.532798    	11.2421642542
16/10/2011   	15.172998    	23.04803     	19.550056    	11.1802127957
17/10/2011   	17.656958    	22.79276     	20.441963    	11.6791932583
18/10/2011   	20.877430    	23.29142     	22.465886    	12.2099095186
19/10/2011   	20.330715    	23.36338     	21.772827    	11.3736700217
20/10/2011   	20.632111    	25.22339     	23.147306    	10.4828425845
21/10/2011   	19.941347    	24.80535     	21.965577    	10.0288404226
22/10/2011   	18.959593    	22.74767     	20.350919    	 9.7510837118
23/10/2011   	19.737619    	22.95106     	21.646778    	 9.9022815426
24/10/2011   	20.662609    	22.64844     	21.585021    	 9.3185629845
25/10/2011   	21.060547    	23.90959     	22.894282    	 9.5525604685
26/10/2011   	23.535610    	24.48238     	24.060185    	10.0764632821
27/10/2011   	24.089769    	24.71258     	24.398257    	10.0847476919
28/10/2011   	23.970051    	25.56466     	24.490486    	10.2925192714
29/10/2011   	23.910587    	25.11023     	24.291205    	10.4588520527
30/10/2011   	23.884516    	25.79618     	24.614526    	11.1133535703
31/10/2011   	24.268524    	25.48036     	24.589776    	11.5897925695
01/11/2011   	24.109449    	25.91703     	24.584024    	11.4039530158
02/11/2011   	24.092613    	25.91290     	24.543008    	11.4036296407
03/11/2011   	24.038389    	25.82219     	24.678663    	11.5955512126
04/11/2011   	25.299644    	25.91632     	25.553866    	11.9152092934
05/11/2011   	25.321859    	25.86923     	25.555630    	12.0494054953
06/11/2011   	24.645460    	26.19790     	25.411742    	11.9831541578
07/11/2011   	20.794706    	25.59244     	24.023695    	11.4717899958
08/11/2011   	20.339434    	25.67557     	22.384874    	10.4628688892
09/11/2011   	20.746017    	26.06940     	23.193619    	10.1928814848
10/11/2011   	21.233702    	25.88470     	23.552702    	 9.9648703138
11/11/2011   	20.837296    	25.64872     	23.168985    	 8.9950528344
12/11/2011   	23.789038    	26.28254     	24.700434    	 8.7117454608
13/11/2011   	23.921122    	26.30494     	24.778093    	 8.2382380863
14/11/2011   	22.440432    	25.96672     	23.979897    	 6.6340546111
15/11/2011   	20.788387    	26.10919     	23.046221    	 5.6668658157
16/11/2011   	21.498962    	26.37406     	23.148245    	 5.2714101324
17/11/2011   	23.092823    	26.72965     	24.383338    	 6.1839377284
18/11/2011   	23.726028    	26.77674     	25.134150    	 6.9350559811
19/11/2011   	24.649216    	27.11449     	25.643742    	 7.0968197683
20/11/2011   	24.349007    	27.05908     	25.538418    	 6.7755343417
21/11/2011   	23.986551    	27.47458     	25.411402    	 6.6377579868
22/11/2011   	24.253170    	27.79435     	25.579894    	 6.7193695307
23/11/2011   	24.121529    	27.24735     	25.744116    	 7.1010963321
24/11/2011   	24.786251    	27.45487     	26.088504    	 7.5716629823
25/11/2011   	25.429224    	27.94961     	26.929970    	 7.9429066976
26/11/2011   	26.509344    	27.75148     	27.469836    	 8.0609229207
27/11/2011   	25.747749    	28.81073     	27.608087    	 8.4626034101
28/11/2011   	26.123655    	27.87310     	27.213775    	 8.0683348080
29/11/2011   	24.920885    	28.89610     	26.577372    	 7.9675626357
30/11/2011   	25.345514    	28.86188     	27.118051    	 7.9922245940
01/12/2011   	24.549818    	26.60130     	25.461434    	 8.1739386817
02/12/2011   	24.711672    	26.66769     	25.706374    	 7.9763476253
03/12/2011   	25.188505    	26.46205     	25.932146    	 7.9521277547
04/12/2011   	23.263180    	26.77471     	25.126516    	 7.6412072778
05/12/2011   	23.650663    	25.30083     	24.743901    	 7.1421311994
06/12/2011   	24.390867    	25.18189     	24.867641    	 6.6834725539
07/12/2011   	24.893969    	25.53507     	25.149985    	 6.4153513511
08/12/2011   	25.132608    	25.91626     	25.379257    	 6.3017488122
09/12/2011   	25.637730    	26.98398     	26.284360    	 6.1695929070
10/12/2011   	25.894264    	26.70916     	26.269399    	 5.8475004335
11/12/2011   	24.839020    	26.50099     	26.064750    	 5.5942643583
12/12/2011   	23.291056    	26.78752     	25.399548    	 5.6852447987
13/12/2011   	23.995974    	28.09776     	26.929390    	 6.2433828215
14/12/2011   	22.944958    	28.37279     	25.832733    	 6.0688147247
15/12/2011   	24.758759    	28.74576     	26.812827    	 6.0090676844
16/12/2011   	23.953053    	28.67213     	27.076858    	 5.7799188097
17/12/2011   	24.751678    	27.79918     	26.437798    	 5.2840594053
18/12/2011   	24.376503    	27.72503     	26.555680    	 4.8233632346
19/12/2011   	19.708277    	26.33251     	24.565203    	 4.5038688282
20/12/2011   	19.544420    	25.44431     	23.622931    	 4.5715639889
21/12/2011   	21.947664    	26.34417     	23.905932    	 4.5385996600
22/12/2011   	19.794151    	23.91535     	22.673528    	 4.9552838206
23/12/2011   	17.971115    	23.81847     	21.850062    	 5.5026790698
24/12/2011   	19.265841    	22.67706     	21.111815    	 5.4731086493
25/12/2011   	15.993912    	21.75855     	19.707400    	 5.7368353506
26/12/2011   	14.585314    	21.70531     	18.162765    	 6.3060376445
27/12/2011   	14.671401    	21.41431     	16.698291    	 6.4831172327
28/12/2011   	15.201087    	23.53852     	18.055792    	 6.2254141768
29/12/2011   	14.703110    	23.74224     	21.622080    	 5.9981904825
30/12/2011   	16.251942    	24.11729     	20.542269    	 5.6304097374
