date	smin	smax	smean	tmean
01/01/2009 	28.07446   	32.58633   	30.38430   	 3.28805790
02/01/2009 	28.17577   	32.58802   	30.36256   	 3.18135793
03/01/2009 	28.34785   	32.40440   	30.73434   	 3.15971932
04/01/2009 	30.29186   	32.45055   	31.45461   	 3.62367731
05/01/2009 	29.27702   	32.27004   	30.73116   	 3.05802115
06/01/2009 	29.40694   	32.18938   	31.12526   	 2.72554582
07/01/2009 	30.03541   	32.66897   	31.51172   	 2.71521441
08/01/2009 	30.22579   	32.34184   	31.41154   	 2.59470713
09/01/2009 	30.51655   	32.63490   	31.64464   	 2.50734232
10/01/2009 	30.62335   	32.60608   	31.62591   	 2.23683483
11/01/2009 	30.43183   	32.67077   	31.54365   	 1.95890676
12/01/2009 	27.56002   	31.59896   	30.14470   	 1.50882912
13/01/2009 	26.18332   	30.84575   	28.20515   	 1.69371353
14/01/2009 	25.61926   	30.54342   	27.34743   	 1.89994684
15/01/2009 	25.74827   	30.43747   	27.14635   	 1.89041255
16/01/2009 	26.02947   	29.50618   	27.27345   	 1.99851662
17/01/2009 	25.15762   	30.87025   	27.47110   	 2.32246452
18/01/2009 	23.93110   	30.14825   	26.64607   	 2.68763711
19/01/2009 	24.28190   	31.14666   	27.17352   	 3.01534072
20/01/2009 	24.06878   	27.61469   	25.63973   	 3.07623785
21/01/2009 	24.05365   	26.48463   	25.08236   	 3.04049377
22/01/2009 	23.67032   	26.33479   	24.61409   	 2.81234089
23/01/2009 	24.24501   	29.94902   	27.31788   	 2.84120140
24/01/2009 	25.86389   	29.23849   	27.21589   	 2.94675923
25/01/2009 	25.08358   	27.54361   	26.27964   	 2.96990291
26/01/2009 	24.40482   	30.16658   	26.76831   	 2.83333768
27/01/2009 	24.65908   	29.93781   	26.84471   	 2.61409710
28/01/2009 	24.64211   	30.91837   	27.43807   	 2.47602488
29/01/2009 	24.98326   	30.58975   	27.45888   	 2.23318680
30/01/2009 	24.57763   	30.30506   	26.98459   	 1.89153959
31/01/2009 	24.46937   	30.28455   	27.19451   	 1.58336528
01/02/2009 	24.57395   	30.06565   	27.59261   	 1.30131215
02/02/2009 	25.38852   	30.30311   	28.36784   	 1.08972854
03/02/2009 	27.59213   	30.73705   	29.18244   	 1.20139748
04/02/2009 	27.98422   	30.89822   	29.37287   	 1.26283600
05/02/2009 	28.15045   	30.92889   	29.59261   	 1.33617649
06/02/2009 	28.32851   	31.11642   	29.70782   	 1.56453512
07/02/2009 	28.26138   	31.51550   	29.65293   	 1.66678725
08/02/2009 	27.98373   	31.55954   	29.88071   	 1.74116417
09/02/2009 	28.04000   	31.52029   	29.85901   	 1.77705855
10/02/2009 	27.71416   	31.46614   	29.81557   	 1.89846856
11/02/2009 	28.01430   	31.49549   	29.79047   	 1.99879697
12/02/2009 	27.97894   	31.65639   	29.78234   	 2.14413543
13/02/2009 	28.15213   	31.63520   	29.92025   	 2.31889249
14/02/2009 	28.14715   	31.52073   	29.83269   	 2.20488646
15/02/2009 	28.39678   	31.47442   	30.22320   	 2.38896041
16/02/2009 	29.19453   	31.42032   	30.34087   	 2.69612180
17/02/2009 	29.45270   	31.43121   	30.35449   	 2.87604207
18/02/2009 	29.28983   	30.96060   	30.06238   	 2.79643999
19/02/2009 	28.85227   	30.70844   	29.83951   	 2.78620241
20/02/2009 	28.86916   	30.54763   	29.66774   	 2.92099343
21/02/2009 	28.18732   	30.80046   	29.41872   	 3.02930641
22/02/2009 	28.05788   	31.19795   	29.46049   	 3.27390472
23/02/2009 	28.22553   	30.82521   	29.39082   	 3.47761121
24/02/2009 	28.35371   	31.17041   	29.41665   	 3.63318542
25/02/2009 	28.32832   	31.67521   	29.65095   	 3.78655869
26/02/2009 	28.27430   	31.90629   	29.95093   	 4.08456735
27/02/2009 	27.89963   	31.61091   	29.40997   	 4.38415545
28/02/2009 	28.04633   	31.43000   	29.39096   	 4.53263854
01/03/2009 	28.46296   	31.40015   	29.60540   	 4.57469715
02/03/2009 	28.37074   	31.35247   	29.68109   	 4.75485696
03/03/2009 	27.88340   	31.23075   	29.39876   	 4.84116449
04/03/2009 	25.07070   	30.31816   	27.76656   	 4.88259668
05/03/2009 	25.39380   	29.48916   	27.36399   	 4.88984140
06/03/2009 	25.12325   	29.11363   	27.00536   	 4.90091007
07/03/2009 	25.31166   	29.60758   	27.69683   	 4.80148728
08/03/2009 	25.88556   	30.72669   	27.94383   	 4.91227815
09/03/2009 	25.77478   	30.62775   	27.91092   	 4.88494225
10/03/2009 	24.71630   	30.36284   	26.79711   	 4.85243127
11/03/2009 	24.83317   	30.20522   	27.07447   	 4.86248375
12/03/2009 	24.63143   	31.15983   	27.37111   	 5.00759054
13/03/2009 	25.44878   	30.82962   	28.13218   	 5.15367273
14/03/2009 	25.87303   	31.28260   	28.12012   	 5.28868952
15/03/2009 	26.66999   	31.44979   	28.98900   	 5.42893333
16/03/2009 	26.69641   	30.62364   	28.61014   	 5.67696395
17/03/2009 	27.45042   	30.95057   	28.98730   	 5.84316853
18/03/2009 	27.06782   	30.22482   	28.57911   	 6.01751976
19/03/2009 	27.26141   	30.54880   	28.92532   	 6.10926178
20/03/2009 	27.38229   	30.05606   	28.65479   	 6.23317321
21/03/2009 	27.63755   	30.42482   	28.87097   	 6.15251980
22/03/2009 	27.78168   	30.64385   	28.92263   	 6.16546875
23/03/2009 	27.73839   	31.17952   	29.81712   	 6.14155758
24/03/2009 	28.91425   	31.06186   	29.86078   	 6.06543681
25/03/2009 	27.89377   	30.82911   	29.37104   	 6.09826416
26/03/2009 	26.57705   	30.61524   	28.68396   	 6.15505372
27/03/2009 	26.23994   	30.87312   	28.38375   	 6.12450325
28/03/2009 	25.68797   	30.06854   	27.35208   	 6.14199677
29/03/2009 	25.51254   	29.69629   	27.39113   	 6.21172847
30/03/2009 	25.40654   	30.09310   	27.58626   	 6.19637396
31/03/2009 	26.14772   	30.07363   	27.78186   	 6.45100794
01/04/2009 	26.10096   	29.92841   	27.75595   	 6.72331691
02/04/2009 	25.55092   	29.77526   	27.61243   	 7.05567667
03/04/2009 	25.92739   	30.11941   	28.15584   	 7.31375127
04/04/2009 	27.03085   	30.33125   	28.54608   	 7.48876891
05/04/2009 	25.97351   	30.61463   	28.18165   	 7.69035455
06/04/2009 	26.10965   	30.65310   	28.11816   	 7.85197710
07/04/2009 	25.81970   	30.62212   	28.20547   	 8.07907684
08/04/2009 	25.81061   	30.13714   	27.99644   	 8.20359454
09/04/2009 	25.69650   	30.02476   	27.37306   	 8.36163857
10/04/2009 	25.31248   	30.23706   	27.20629   	 8.76213376
11/04/2009 	25.24162   	30.32926   	27.60775   	 9.01259432
12/04/2009 	25.58381   	30.40045   	27.88691   	 9.18011526
13/04/2009 	25.67217   	30.59384   	28.06774   	 9.33349653
14/04/2009 	26.01776   	30.84879   	28.32664   	 9.45399199
15/04/2009 	26.06141   	30.87692   	28.43750   	 9.71668104
16/04/2009 	26.22693   	30.81537   	28.68761   	 9.95308505
17/04/2009 	25.59790   	30.50949   	28.50289   	10.16742514
18/04/2009 	26.00784   	30.38442   	28.82718   	10.19647779
19/04/2009 	26.48275   	30.31655   	28.68070   	10.37200719
20/04/2009 	26.62780   	30.87611   	28.85640   	10.54522145
21/04/2009 	26.62753   	31.19102   	28.80097   	10.79317933
22/04/2009 	26.67497   	32.06348   	29.37867   	10.73908067
23/04/2009 	26.91346   	32.21119   	29.42954   	10.89704196
24/04/2009 	26.86717   	32.45745   	29.81525   	11.09225388
25/04/2009 	27.26678   	32.77491   	30.31012   	11.19235569
26/04/2009 	28.09654   	32.61375   	30.62569   	11.34070339
27/04/2009 	28.52108   	32.61024   	30.82335   	11.44310004
28/04/2009 	29.15078   	32.48332   	30.93090   	11.53388876
29/04/2009 	29.14390   	32.35556   	30.86989   	11.72695311
30/04/2009 	29.13178   	32.16720   	30.74452   	12.08979700
01/05/2009 	29.30817   	32.04055   	30.81132   	12.50053523
02/05/2009 	29.99066   	31.92777   	31.13627   	12.59009580
03/05/2009 	30.13283   	31.80856   	31.09107   	12.59552785
04/05/2009 	30.26944   	31.76719   	31.20640   	12.16709234
05/05/2009 	30.36345   	31.70314   	31.30042   	12.03892833
06/05/2009 	30.30548   	31.60024   	31.16186   	12.02945487
07/05/2009 	30.31065   	31.32852   	30.88394   	12.19047523
08/05/2009 	29.84061   	31.27121   	30.64441   	12.26758055
09/05/2009 	29.30100   	30.90741   	30.08616   	12.16181487
10/05/2009 	29.39925   	30.80672   	30.00970   	12.54669833
11/05/2009 	29.11601   	30.55350   	29.92705   	12.72105402
12/05/2009 	28.69493   	30.56028   	29.67870   	12.70840124
13/05/2009 	28.58096   	31.49634   	29.86796   	12.77301472
14/05/2009 	28.66304   	31.77675   	30.07739   	12.73197265
15/05/2009 	28.96309   	31.76615   	30.30523   	12.72448180
16/05/2009 	29.62278   	31.46486   	30.60119   	12.88527864
17/05/2009 	29.59493   	31.63134   	30.31635   	13.08477966
18/05/2009 	28.65606   	31.02085   	29.91105   	13.26100747
19/05/2009 	27.36916   	30.52511   	28.67920   	13.47319359
20/05/2009 	27.66215   	30.67932   	28.63920   	13.59703197
21/05/2009 	27.84889   	31.04290   	28.93763   	13.77542069
22/05/2009 	27.77793   	31.33605   	29.15946   	13.86310436
23/05/2009 	27.65138   	31.17192   	29.28536   	14.15073528
24/05/2009 	27.95499   	31.58745   	29.76374   	14.45603681
25/05/2009 	28.31458   	31.64400   	29.97793   	14.87264488
26/05/2009 	28.65063   	31.69589   	30.29690   	15.08213590
27/05/2009 	28.81874   	31.59202   	30.36599   	14.77151310
28/05/2009 	28.84486   	31.49548   	30.14027   	14.87548266
29/05/2009 	29.30243   	31.38277   	30.08710   	15.37282511
30/05/2009 	29.13470   	31.40518   	30.10372   	15.66410532
31/05/2009 	28.97127   	31.59218   	30.08081   	15.89213651
01/06/2009 	28.87941   	31.78976   	30.20434   	16.21451749
02/06/2009 	28.83064   	32.07051   	30.34850   	16.12417726
03/06/2009 	28.87130   	32.36555   	30.64392   	15.55801795
04/06/2009 	28.83360   	32.68266   	30.94025   	14.93046331
05/06/2009 	29.21658   	32.64161   	31.20001   	14.50165824
06/06/2009 	29.35219   	32.56839   	31.23596   	14.50152304
07/06/2009 	29.56743   	32.94163   	31.46638   	14.42834884
08/06/2009 	29.93326   	33.11120   	31.59999   	14.68841308
09/06/2009 	30.09900   	33.06372   	31.69361   	14.94674591
10/06/2009 	30.33437   	33.08920   	31.73819   	15.25481615
11/06/2009 	30.57144   	32.95844   	31.76621   	15.49615389
12/06/2009 	30.67730   	32.86121   	31.84184   	15.61374478
13/06/2009 	30.66422   	32.81413   	31.80759   	15.85332328
14/06/2009 	31.04979   	32.76889   	31.96697   	16.28695736
15/06/2009 	31.02073   	32.72359   	31.96265   	16.65424762
16/06/2009 	31.00268   	32.65837   	31.88945   	16.85022122
17/06/2009 	30.95850   	32.61887   	31.77374   	17.09101224
18/06/2009 	31.41371   	32.60048   	32.16431   	16.81162341
19/06/2009 	31.45464   	32.50150   	32.10256   	16.67815193
20/06/2009 	31.53790   	32.47915   	32.04964   	16.45274476
21/06/2009 	31.76976   	32.45257   	32.07583   	16.49735902
22/06/2009 	31.82662   	32.42348   	32.14516   	16.64032896
23/06/2009 	31.80536   	32.34835   	32.12939   	17.00510522
24/06/2009 	31.38841   	32.32051   	31.98471   	17.31221159
25/06/2009 	31.30209   	32.41482   	31.86248   	17.65345097
26/06/2009 	31.32127   	32.54711   	31.89697   	18.08476198
27/06/2009 	31.40507   	32.65782   	31.95193   	18.45895668
28/06/2009 	31.30647   	32.66612   	31.99957   	18.86146732
29/06/2009 	31.47502   	32.60888   	32.05951   	19.43044452
30/06/2009 	31.60089   	32.61283   	32.09436   	19.88795904
01/07/2009 	31.66679   	32.57507   	32.10040   	20.22524854
02/07/2009 	31.69279   	32.59620   	32.13993   	20.37177173
03/07/2009 	31.72813   	32.71870   	32.21937   	20.54172393
04/07/2009 	31.77863   	32.68439   	32.30282   	20.63628316
05/07/2009 	31.79724   	32.86403   	32.32298   	20.88110252
06/07/2009 	31.88294   	32.89508   	32.40433   	20.82053049
07/07/2009 	31.27135   	32.84625   	32.22275   	20.15513428
08/07/2009 	30.77210   	32.77795   	32.02694   	19.97598604
09/07/2009 	31.33895   	32.69487   	32.12432   	19.10394271
10/07/2009 	31.91327   	32.67790   	32.28855   	18.64719387
11/07/2009 	31.86489   	32.41625   	32.15673   	18.12501470
12/07/2009 	31.28405   	32.37296   	31.89800   	18.17991594
13/07/2009 	31.13446   	32.13455   	31.61959   	18.57854835
14/07/2009 	31.02677   	31.99319   	31.51275   	19.10472119
15/07/2009 	30.71884   	32.10385   	31.43521   	19.51313635
16/07/2009 	30.47810   	31.84120   	31.06401   	19.72713184
17/07/2009 	30.23679   	31.93615   	30.93897   	19.79220895
18/07/2009 	29.28279   	31.54977   	30.55499   	19.33725750
19/07/2009 	28.02441   	30.72198   	29.46097   	18.79728087
20/07/2009 	27.10361   	30.40671   	28.68246   	18.56167686
21/07/2009 	27.48811   	30.29894   	28.60424   	18.63185406
22/07/2009 	27.55625   	30.95554   	28.83829   	19.08429019
23/07/2009 	27.31417   	31.21618   	29.01622   	19.21576118
24/07/2009 	26.97233   	31.51031   	29.08301   	19.14424364
25/07/2009 	27.37525   	31.22889   	29.25543   	19.14871907
26/07/2009 	27.46143   	30.99837   	29.21936   	19.18578509
27/07/2009 	28.20940   	31.02472   	29.53902   	19.52804800
28/07/2009 	28.38181   	31.25792   	29.70039   	19.54989100
29/07/2009 	28.57301   	30.98328   	29.68484   	19.70484757
30/07/2009 	28.88207   	31.40343   	30.07529   	19.51948317
31/07/2009 	29.00800   	30.80103   	29.79989   	18.66798874
01/08/2009 	29.34763   	30.44052   	29.85082   	19.09232934
02/08/2009 	29.27771   	31.22389   	30.14366   	19.31620248
03/08/2009 	29.32972   	30.94863   	29.97959   	19.32505318
04/08/2009 	29.11151   	31.29989   	30.02468   	19.46713237
05/08/2009 	28.97757   	31.45702   	30.08658   	19.76259816
06/08/2009 	28.88388   	31.54267   	30.21004   	20.20066396
07/08/2009 	28.76214   	31.46697   	30.21130   	20.47304912
08/08/2009 	28.83075   	31.59643   	30.27094   	20.54684329
09/08/2009 	28.98991   	31.56672   	30.33675   	20.62491270
10/08/2009 	28.89326   	31.58495   	30.39983   	20.77894572
11/08/2009 	29.16097   	31.62856   	30.58253   	20.87031643
12/08/2009 	29.16915   	31.62328   	30.66384   	20.72403220
13/08/2009 	29.61754   	31.63980   	30.78959   	20.56436749
14/08/2009 	29.57878   	31.49513   	30.70119   	20.53603089
15/08/2009 	30.05070   	31.64470   	30.92649   	20.45169385
16/08/2009 	30.41851   	31.59762   	30.99536   	20.34175412
17/08/2009 	30.50207   	31.60189   	31.02463   	20.22040411
18/08/2009 	30.16773   	31.65723   	31.02295   	19.82739667
19/08/2009 	30.09015   	31.60468   	30.94944   	19.94856962
20/08/2009 	30.28068   	31.90716   	31.06209   	20.20169655
21/08/2009 	29.68066   	31.95532   	30.91457   	20.16077586
22/08/2009 	29.71299   	31.90118   	30.91430   	19.87634301
23/08/2009 	29.93766   	31.78220   	30.92534   	20.15996166
24/08/2009 	30.01624   	31.66638   	30.99971   	20.31610743
25/08/2009 	30.06962   	31.61769   	31.06763   	20.62410096
26/08/2009 	29.99603   	31.63918   	30.94600   	20.16272318
27/08/2009 	30.19715   	31.61756   	30.87700   	19.84261870
28/08/2009 	29.51757   	31.55534   	30.58943   	19.20366375
29/08/2009 	29.10060   	31.06495   	29.94536   	18.45791467
30/08/2009 	28.41276   	29.99755   	29.23591   	17.38127168
31/08/2009 	28.12707   	29.78310   	29.01664   	17.16760019
01/09/2009 	28.24066   	30.12101   	29.05683   	17.27051755
02/09/2009 	27.79001   	30.13264   	28.53886   	16.91924028
03/09/2009 	26.11447   	30.74967   	28.48858   	16.88945301
04/09/2009 	24.26053   	29.76482   	27.19146   	16.11953644
05/09/2009 	25.31928   	29.17940   	27.30783   	15.69506462
06/09/2009 	25.58078   	29.01508   	27.50794   	15.63548557
07/09/2009 	26.36674   	29.65191   	27.93527   	15.90307256
08/09/2009 	27.05061   	30.37184   	28.28324   	16.42536626
09/09/2009 	27.52199   	31.42286   	29.09223   	17.02559121
10/09/2009 	27.25966   	30.42146   	28.62227   	16.96340740
11/09/2009 	27.08381   	30.56477   	28.82521   	17.05955501
12/09/2009 	27.00688   	30.88101   	29.31022   	17.23453883
13/09/2009 	27.49459   	31.12105   	29.50738   	17.06622279
14/09/2009 	27.01023   	31.28554   	29.38860   	16.56729335
15/09/2009 	27.54516   	31.23831   	29.71678   	16.37067586
16/09/2009 	28.27996   	31.53566   	30.08924   	16.29437985
17/09/2009 	28.59561   	31.71136   	30.24303   	16.10258369
18/09/2009 	28.69571   	32.07028   	30.52104   	16.26819315
19/09/2009 	28.97122   	32.46467   	30.89413   	16.55513940
20/09/2009 	29.56496   	32.79521   	31.32538   	16.94685407
21/09/2009 	29.82388   	32.99886   	31.40644   	16.86518073
22/09/2009 	29.65140   	33.10603   	31.75636   	17.00897034
23/09/2009 	30.57481   	33.11943   	32.15955   	17.08099123
24/09/2009 	30.96826   	33.09230   	32.24251   	16.92892692
25/09/2009 	31.33989   	33.09258   	32.31525   	16.83883790
26/09/2009 	31.62882   	33.11303   	32.41279   	16.83165958
27/09/2009 	31.72630   	33.06554   	32.43023   	16.79920119
28/09/2009 	31.98498   	33.12151   	32.58411   	16.88578010
29/09/2009 	32.23568   	33.19288   	32.71618   	16.81608935
30/09/2009 	32.04775   	33.13022   	32.68257   	16.57704180
01/10/2009 	32.36624   	33.19875   	32.92381   	16.39383574
02/10/2009 	32.69488   	33.19529   	32.97061   	15.53903155
03/10/2009 	32.77408   	33.39128   	33.08879   	15.49999859
04/10/2009 	32.81129   	33.42558   	33.09195   	14.54178927
05/10/2009 	32.23057   	33.14357   	32.88802   	12.97014044
06/10/2009 	32.06543   	33.07644   	32.76562   	13.36813722
07/10/2009 	31.94619   	33.10303   	32.64923   	13.94080434
08/10/2009 	31.72351   	32.97246   	32.56110   	13.80050039
09/10/2009 	31.81634   	32.91355   	32.56312   	13.34629331
10/10/2009 	31.72498   	32.91792   	32.46659   	13.02702240
11/10/2009 	31.81995   	33.05570   	32.58323   	13.28983043
12/10/2009 	32.22311   	33.26995   	32.66272   	12.93402678
13/10/2009 	31.71514   	33.18785   	32.40013   	12.03638738
14/10/2009 	31.62243   	33.32585   	32.40599   	11.65373753
15/10/2009 	31.66802   	33.36306   	32.54415   	11.46039671
16/10/2009 	31.93441   	33.42657   	32.97021   	11.59941510
17/10/2009 	32.55453   	33.53255   	33.03515   	10.49204433
18/10/2009 	32.72026   	33.61140   	33.19398   	10.84439999
19/10/2009 	32.74143   	34.16439   	33.28914   	10.99764951
20/10/2009 	32.61639   	33.66780   	33.15652   	10.29562298
21/10/2009 	32.56064   	33.73826   	33.18626   	 9.65204731
22/10/2009 	32.65453   	33.78645   	33.22904   	 9.47453096
23/10/2009 	32.85716   	33.72748   	33.29417   	 9.84767264
24/10/2009 	32.14870   	33.61827   	33.00028   	 9.93866541
25/10/2009 	28.37102   	33.18833   	31.48871   	10.26578152
26/10/2009 	28.19700   	32.53468   	30.25474   	10.50677452
27/10/2009 	28.47493   	30.92602   	29.52206   	10.75178969
28/10/2009 	28.74199   	30.49300   	29.43296   	10.82401580
29/10/2009 	28.85816   	31.49672   	29.70512   	11.05606252
30/10/2009 	28.64035   	30.72349   	29.48333   	10.99154248
31/10/2009 	28.69464   	31.25913   	29.84060   	10.98869324
01/11/2009 	28.73214   	32.24331   	30.18835   	11.26648857
02/11/2009 	28.46519   	32.15104   	30.12358   	11.45397566
03/11/2009 	28.46143   	32.25191   	29.86029   	11.02511434
04/11/2009 	27.83414   	31.49633   	29.46248   	10.74258488
05/11/2009 	27.58378   	31.15399   	29.08379   	10.54059148
06/11/2009 	27.29214   	30.61477   	28.75679   	10.42752397
07/11/2009 	27.17932   	31.02739   	28.54259   	10.16070052
08/11/2009 	27.03005   	31.06079   	28.51046   	 9.93154667
09/11/2009 	27.05930   	30.47182   	28.41813   	 9.71244971
10/11/2009 	27.14218   	30.97718   	29.20804   	 9.84260573
11/11/2009 	27.78318   	31.72241   	29.63346   	 9.92588516
12/11/2009 	28.23060   	31.60264   	29.56527   	 9.72780275
13/11/2009 	27.55154   	31.51728   	29.33477   	 9.78861771
14/11/2009 	26.65625   	31.05309   	28.32437   	10.01930485
15/11/2009 	25.36161   	29.36712   	27.07717   	10.19900201
16/11/2009 	25.26565   	29.78465   	27.18725   	10.24143167
17/11/2009 	25.10116   	29.89918   	27.08705   	10.26553694
18/11/2009 	25.62697   	29.88238   	27.56011   	10.18727134
19/11/2009 	26.11759   	28.96121   	27.57157   	10.70611628
20/11/2009 	26.55486   	30.21041   	28.27262   	10.45267439
21/11/2009 	27.71420   	29.73673   	28.58758   	10.57366023
22/11/2009 	27.46360   	30.54375   	28.74057   	10.64133739
23/11/2009 	27.16154   	30.54907   	28.61064   	10.29174143
24/11/2009 	28.00231   	30.11198   	28.78502   	10.11222438
25/11/2009 	28.52457   	30.27793   	29.48449   	10.35325607
26/11/2009 	29.21743   	30.37021   	29.86252   	 9.87167350
27/11/2009 	28.29785   	30.27821   	29.56095   	 9.18299973
28/11/2009 	29.33491   	30.11021   	29.80998   	 8.48541647
29/11/2009 	29.44335   	29.97100   	29.75287   	 8.03707848
30/11/2009 	29.39351   	29.96137   	29.71534   	 7.86403174
01/12/2009 	28.83867   	29.83692   	29.50548   	 7.73690097
02/12/2009 	28.74738   	29.97022   	29.50166   	 7.40664580
03/12/2009 	28.09404   	30.27381   	29.33394   	 7.32839249
04/12/2009 	27.62083   	30.28258   	28.66629   	 7.29910028
05/12/2009 	26.43415   	29.83932   	27.93802   	 7.05065669
06/12/2009 	25.79226   	29.68321   	26.91945   	 7.29457112
07/12/2009 	24.98963   	29.81327   	26.68368   	 7.63654837
08/12/2009 	24.62588   	29.37321   	26.41342   	 7.69190522
09/12/2009 	24.65479   	28.67013   	26.01319   	 7.63486110
10/12/2009 	24.92548   	29.77218   	26.96798   	 8.05220719
11/12/2009 	24.54744   	29.47226   	26.70695   	 8.02988745
12/12/2009 	23.83448   	29.20322   	26.81253   	 7.82728093
13/12/2009 	23.83083   	29.36741   	27.17993   	 7.58744279
14/12/2009 	24.76530   	30.52916   	28.06211   	 7.46996457
15/12/2009 	25.59502   	31.19921   	28.33567   	 6.92539627
16/12/2009 	25.88361   	31.57180   	29.02835   	 6.75540272
17/12/2009 	26.26517   	30.94067   	28.30899   	 6.01955529
18/12/2009 	25.13853   	30.75323   	27.75252   	 5.13927613
19/12/2009 	24.60266   	32.08067   	28.29131   	 4.73256142
20/12/2009 	25.09090   	31.83918   	28.69330   	 4.15312701
21/12/2009 	23.82564   	30.97824   	26.48462   	 3.25020723
22/12/2009 	23.89783   	29.95082   	26.35069   	 3.17782576
23/12/2009 	23.89482   	30.24026   	26.26760   	 3.27255261
24/12/2009 	23.55288   	29.34510   	25.51970   	 3.04741734
25/12/2009 	23.27122   	28.81626   	26.69368   	 3.61909309
26/12/2009 	23.91962   	29.42569   	27.08702   	 4.11572787
27/12/2009 	23.97948   	28.88364   	26.22923   	 4.24592652
28/12/2009 	23.61499   	28.63605   	25.89781   	 4.33714287
29/12/2009 	23.54769   	28.02338   	25.47198   	 4.10275119
30/12/2009 	22.41761   	28.94236   	25.91898   	 3.91028151
31/12/2009 	21.81591   	29.42580   	25.96506   	 3.65654358
01/01/2010 	21.65394   	31.38438   	26.94487   	 3.64477354
02/01/2010 	24.68207   	31.02594   	28.08404   	 3.71006353
03/01/2010 	24.48454   	31.87494   	27.97654   	 3.32821489
04/01/2010 	25.38425   	32.22267   	28.99671   	 3.50908036
05/01/2010 	26.96998   	32.23359   	29.54387   	 3.68799125
06/01/2010 	27.48505   	32.14944   	29.30891   	 3.51815331
07/01/2010 	27.63058   	31.77122   	29.10325   	 3.29873849
08/01/2010 	27.36277   	31.37335   	28.92107   	 2.97972860
09/01/2010 	25.00141   	30.34556   	28.09000   	 2.27211197
10/01/2010 	25.03495   	30.58740   	28.47921   	 2.12711403
11/01/2010 	26.41681   	30.68893   	28.93929   	 1.93778289
12/01/2010 	26.52186   	30.62084   	28.94669   	 1.70924268
13/01/2010 	26.56671   	31.20621   	28.90954   	 1.03506400
14/01/2010 	27.48063   	31.61137   	29.63767   	 0.97927280
15/01/2010 	27.91293   	31.16880   	29.35455   	 0.77791281
16/01/2010 	27.48863   	30.34939   	28.69945   	 0.55820610
17/01/2010 	27.52792   	31.35837   	29.53623   	 1.16194241
18/01/2010 	27.53848   	31.14321   	29.21760   	 1.19903972
19/01/2010 	27.63143   	31.05946   	29.08727   	 1.44671635
20/01/2010 	27.48051   	30.92121   	28.75407   	 1.36829370
21/01/2010 	27.59142   	30.98178   	29.08469   	 1.53644071
22/01/2010 	27.41951   	30.52082   	28.59564   	 1.18562797
23/01/2010 	27.71169   	30.91776   	28.98909   	 1.46579559
24/01/2010 	27.33629   	30.61965   	28.52509   	 1.25065556
25/01/2010 	27.24277   	30.25800   	28.40175   	 1.16703621
26/01/2010 	27.05905   	29.79217   	28.24772   	 0.80619955
27/01/2010 	27.08641   	31.29182   	29.03760   	 1.20440224
28/01/2010 	28.37425   	31.39484   	29.94343   	 1.82598322
29/01/2010 	27.98255   	31.70062   	29.77832   	 1.82303374
30/01/2010 	28.44032   	31.71976   	30.15077   	 1.82674655
31/01/2010 	28.59741   	31.97151   	30.36497   	 1.90959866
01/02/2010 	28.63494   	31.98884   	30.39556   	 2.03147442
02/02/2010 	28.63048   	31.95062   	30.30775   	 2.05574572
03/02/2010 	28.74673   	31.95015   	30.30649   	 2.17525818
04/02/2010 	28.84574   	31.64668   	29.81191   	 2.09558351
05/02/2010 	28.79226   	31.37037   	29.69624   	 2.13494947
06/02/2010 	28.53703   	31.26761   	29.67318   	 2.29065704
07/02/2010 	27.87534   	30.60082   	29.11551   	 2.16183977
08/02/2010 	27.88900   	30.54536   	29.17337   	 1.97711213
09/02/2010 	28.00847   	31.06781   	29.60049   	 1.85146228
10/02/2010 	26.37741   	30.79827   	29.02394   	 1.32198495
11/02/2010 	26.09637   	31.35007   	29.02683   	 1.01277770
12/02/2010 	26.41512   	31.49352   	29.35756   	 0.59094750
13/02/2010 	27.25120   	31.99111   	29.78166   	 0.33285620
14/02/2010 	28.15821   	32.42657   	30.37586   	 0.27866599
15/02/2010 	28.97919   	32.50095   	30.70220   	 0.16306042
16/02/2010 	29.32771   	32.71750   	30.76603   	 0.05189594
17/02/2010 	29.46142   	32.65898   	30.58962   	 0.08165945
18/02/2010 	29.56749   	32.25670   	30.57578   	 0.20966077
19/02/2010 	28.26198   	32.25673   	30.51063   	 0.66383045
20/02/2010 	28.10237   	31.86725   	29.56714   	 0.96231342
21/02/2010 	27.80156   	31.15462   	29.11455   	 0.97526800
22/02/2010 	27.43441   	30.66949   	28.75503   	 1.22452900
23/02/2010 	26.79558   	30.47110   	28.61463   	 1.39484672
24/02/2010 	27.30795   	30.33488   	29.01395   	 1.52371872
25/02/2010 	27.49014   	30.51933   	29.04863   	 1.82981045
26/02/2010 	26.92622   	30.91219   	28.57851   	 2.19868463
27/02/2010 	22.63700   	29.17586   	26.33174   	 2.72205825
28/02/2010 	22.83180   	31.54720   	26.25025   	 2.94587364
01/03/2010 	24.36866   	31.09282   	27.37303   	 3.02827227
02/03/2010 	24.07175   	31.39125   	27.52950   	 3.01533854
03/03/2010 	24.76542   	31.40419   	27.92198   	 3.07569550
04/03/2010 	25.38424   	31.43538   	28.46030   	 3.16460472
05/03/2010 	25.98039   	31.93603   	29.28637   	 3.10551500
06/03/2010 	25.32117   	32.20250   	29.24749   	 2.92771717
07/03/2010 	25.77366   	31.34712   	29.15099   	 2.80185931
08/03/2010 	27.41039   	31.53275   	29.75045   	 2.83503619
09/03/2010 	28.31679   	31.49622   	30.18386   	 2.83219172
10/03/2010 	28.15793   	31.38537   	30.00640   	 2.78874967
11/03/2010 	28.23029   	31.67642   	30.25522   	 2.72764562
12/03/2010 	28.38389   	32.23329   	30.35976   	 2.78764642
13/03/2010 	28.83663   	32.50896   	30.48658   	 2.94126309
14/03/2010 	29.03667   	32.96399   	30.83754   	 3.25815998
15/03/2010 	29.65333   	33.11728   	31.04795   	 3.46583996
16/03/2010 	29.64149   	32.95523   	31.13577   	 3.70326027
17/03/2010 	29.94650   	33.07410   	31.30996   	 3.85959978
18/03/2010 	30.26470   	32.97938   	31.40854   	 4.10821736
19/03/2010 	30.04191   	32.79794   	31.23487   	 4.48638849
20/03/2010 	28.58259   	32.57465   	30.91005   	 4.99366295
21/03/2010 	28.48498   	31.98475   	29.80823   	 5.61387175
22/03/2010 	27.97133   	31.34500   	29.26698   	 5.88553016
23/03/2010 	27.96544   	31.45430   	29.32100   	 6.01106031
24/03/2010 	27.45399   	30.63476   	28.83677   	 6.27606128
25/03/2010 	27.08890   	30.65950   	28.73131   	 6.44980369
26/03/2010 	26.48849   	30.26088   	28.49407   	 6.63743088
27/03/2010 	26.35531   	31.36614   	28.33268   	 6.66960486
28/03/2010 	25.88411   	31.09493   	28.15361   	 6.70187958
29/03/2010 	25.65150   	30.86833   	27.89305   	 6.79181148
30/03/2010 	25.76425   	30.84686   	27.88490   	 6.97252573
31/03/2010 	23.49986   	29.96223   	27.37879   	 6.95684381
01/04/2010 	21.53606   	28.91701   	24.73265   	 6.75396700
02/04/2010 	21.32875   	28.81649   	24.24884   	 6.60723705
03/04/2010 	21.70216   	28.51904   	24.78078   	 6.65236463
04/04/2010 	22.44319   	29.29019   	25.72614   	 6.74142551
05/04/2010 	23.44347   	28.95537   	26.14614   	 6.80645405
06/04/2010 	24.36727   	29.63464   	26.38366   	 7.07315973
07/04/2010 	24.89585   	29.25928   	26.97016   	 7.25484056
08/04/2010 	24.68495   	28.87389   	26.84914   	 7.53433147
09/04/2010 	24.40541   	28.85156   	26.90463   	 7.77016373
10/04/2010 	24.35528   	29.22290   	26.75951   	 7.94273200
11/04/2010 	23.66579   	29.22092   	26.69780   	 8.03768691
12/04/2010 	23.07891   	30.51788   	27.07031   	 8.07490202
13/04/2010 	23.42745   	31.27505   	27.81011   	 7.97707582
14/04/2010 	24.51372   	31.41975   	28.52443   	 7.99195240
15/04/2010 	24.97527   	31.93321   	29.01303   	 8.02386441
16/04/2010 	25.89173   	31.99535   	29.52423   	 8.12015709
17/04/2010 	26.45781   	32.58879   	30.19644   	 8.26263703
18/04/2010 	28.43134   	32.75070   	30.73411   	 8.54058478
19/04/2010 	28.23297   	32.71976   	30.65663   	 8.81344916
20/04/2010 	28.41985   	32.76266   	31.27773   	 8.83173537
21/04/2010 	30.83645   	32.78758   	31.81465   	 8.43682212
22/04/2010 	30.45986   	32.58381   	31.53643   	 8.54709768
23/04/2010 	30.69652   	32.88490   	31.84300   	 8.74711434
24/04/2010 	30.26293   	32.85160   	31.76450   	 9.00910884
25/04/2010 	30.23886   	33.05698   	31.74225   	 9.19385155
26/04/2010 	30.09035   	33.09510   	31.84842   	 9.37296802
27/04/2010 	30.25664   	32.99638   	31.88000   	 9.68747252
28/04/2010 	30.53543   	32.90847   	31.85132   	10.02753931
29/04/2010 	30.71468   	32.87184   	32.06433   	10.16595946
30/04/2010 	30.96304   	32.75442   	32.08330   	10.36632282
01/05/2010 	31.07240   	32.68192   	32.03276   	10.60540779
02/05/2010 	31.06672   	32.53282   	31.93706   	10.70578078
03/05/2010 	30.18203   	32.49527   	31.51978   	10.40521767
04/05/2010 	29.38153   	32.44331   	31.01347   	10.08001725
05/05/2010 	29.58411   	32.43450   	31.15025   	10.17788766
06/05/2010 	30.04963   	32.47067   	31.33976   	10.13679894
07/05/2010 	29.90031   	32.55985   	31.33537   	 9.94118838
08/05/2010 	30.74614   	32.64074   	31.70542   	 9.99861713
09/05/2010 	30.81318   	32.66342   	31.72595   	 9.97639841
10/05/2010 	30.87546   	32.72201   	31.85532   	 9.96615748
11/05/2010 	30.82540   	32.67811   	31.80948   	 9.89063539
12/05/2010 	31.02264   	32.82291   	31.87956   	 9.68408795
13/05/2010 	31.06134   	32.99061   	31.95277   	 9.60169500
14/05/2010 	31.08145   	33.12735   	32.11352   	 9.75438098
15/05/2010 	31.38762   	33.22708   	32.38020   	10.00029318
16/05/2010 	31.81087   	33.30933   	32.58864   	10.21425895
17/05/2010 	31.70043   	33.29627   	32.60251   	10.66147353
18/05/2010 	31.95495   	33.24521   	32.63607   	11.17219096
19/05/2010 	32.08400   	33.20822   	32.66370   	11.57085470
20/05/2010 	32.06766   	33.18977   	32.68249   	12.12059029
21/05/2010 	32.20287   	33.17989   	32.72139   	12.69048645
22/05/2010 	32.27127   	33.16684   	32.73656   	13.06880377
23/05/2010 	32.14694   	33.13427   	32.70535   	13.39756872
24/05/2010 	32.20592   	33.02419   	32.73944   	13.58238524
25/05/2010 	32.25156   	32.94464   	32.75911   	13.57981763
26/05/2010 	32.43693   	32.88448   	32.72494   	13.61397843
27/05/2010 	32.48828   	32.82949   	32.66585   	13.56781419
28/05/2010 	32.51838   	32.75767   	32.63370   	13.62097239
29/05/2010 	32.25973   	32.75828   	32.61899   	13.48488792
30/05/2010 	32.29574   	32.69393   	32.57888   	13.59887449
31/05/2010 	32.11566   	32.68586   	32.54717   	13.79233901
01/06/2010 	32.12193   	32.69790   	32.51883   	14.20138965
02/06/2010 	32.23730   	32.67660   	32.53704   	14.67301110
03/06/2010 	32.25475   	32.68179   	32.54042   	15.19987082
04/06/2010 	32.22871   	32.66682   	32.51303   	15.71808090
05/06/2010 	32.27885   	32.66058   	32.50489   	16.05590928
06/06/2010 	32.35102   	32.64777   	32.51776   	16.17095882
07/06/2010 	32.23151   	32.62639   	32.48292   	16.13417870
08/06/2010 	32.20601   	32.58662   	32.45474   	16.30872848
09/06/2010 	32.22712   	32.59824   	32.44468   	16.48830150
10/06/2010 	32.08987   	32.51863   	32.36367   	16.68884104
11/06/2010 	32.03372   	32.61306   	32.35914   	16.79710756
12/06/2010 	31.88422   	32.62159   	32.35222   	16.45726575
13/06/2010 	31.65378   	32.59351   	32.29101   	16.37631234
14/06/2010 	31.85998   	32.58999   	32.35271   	16.72067599
15/06/2010 	32.14989   	32.60477   	32.42973   	16.68026878
16/06/2010 	32.24391   	32.62666   	32.42517   	16.70692364
17/06/2010 	32.26281   	32.79523   	32.51485   	16.60904721
18/06/2010 	32.45092   	32.85557   	32.68480   	16.08022070
19/06/2010 	32.71053   	32.86547   	32.80461   	15.46373236
20/06/2010 	32.78338   	32.94078   	32.86838   	14.93757234
21/06/2010 	32.85042   	33.10191   	32.95949   	14.82497054
22/06/2010 	32.89578   	33.20271   	33.02377   	15.15321503
23/06/2010 	32.90697   	33.22340   	33.05381   	15.56429344
24/06/2010 	32.91273   	33.22830   	33.07132   	15.96293217
25/06/2010 	32.91968   	33.24608   	33.09879   	16.29359700
26/06/2010 	32.97216   	33.25613   	33.12977   	16.88039851
27/06/2010 	32.98921   	33.32591   	33.16847   	17.28494445
28/06/2010 	32.91164   	33.37817   	33.15155   	18.05699142
29/06/2010 	32.80733   	33.40208   	33.12930   	18.51799238
30/06/2010 	32.71856   	33.40055   	33.12522   	18.90921040
01/07/2010 	32.61448   	33.49746   	33.13741   	19.26436357
02/07/2010 	32.50954   	33.56270   	33.09015   	19.64859521
03/07/2010 	32.38008   	33.50792   	33.04323   	20.05629198
04/07/2010 	32.40465   	33.59181   	33.09897   	20.47574969
05/07/2010 	32.27106   	34.25878   	33.11040   	20.48462355
06/07/2010 	32.54813   	34.35545   	33.22433   	20.45810008
07/07/2010 	32.48882   	34.37696   	33.23746   	20.11948291
08/07/2010 	32.28962   	34.70556   	33.06993   	19.84987728
09/07/2010 	32.28811   	33.52936   	32.97094   	20.17247971
10/07/2010 	32.25928   	33.36401   	32.85063   	20.59498394
11/07/2010 	32.15448   	33.16435   	32.70324   	20.98186461
12/07/2010 	32.21203   	33.08807   	32.63709   	20.90541653
13/07/2010 	32.16850   	32.86504   	32.48292   	20.62699354
14/07/2010 	32.13282   	32.84467   	32.47558   	21.06616533
15/07/2010 	31.54123   	32.78738   	32.23359   	20.78006426
16/07/2010 	31.10670   	32.48095   	31.85804   	20.04890223
17/07/2010 	30.42226   	31.97348   	31.34492   	19.82735471
18/07/2010 	30.24813   	31.82234   	31.15284   	19.84706004
19/07/2010 	30.73906   	31.70769   	31.31875   	20.07398105
20/07/2010 	31.18438   	31.70142   	31.48295   	20.28445001
21/07/2010 	31.36442   	31.90335   	31.56174   	20.25888507
22/07/2010 	31.05937   	32.01712   	31.51209   	20.14257042
23/07/2010 	30.76107   	31.97008   	31.43082   	20.25198468
24/07/2010 	30.80517   	32.27438   	31.49476   	20.11668479
25/07/2010 	30.70364   	32.35709   	31.58319   	20.10126674
26/07/2010 	30.46328   	32.47238   	31.59654   	20.17583168
27/07/2010 	30.58393   	32.42408   	31.59543   	20.31526677
28/07/2010 	30.51146   	32.33743   	31.65125   	20.55119109
29/07/2010 	30.67741   	32.29557   	31.67566   	20.52536225
30/07/2010 	30.73649   	32.26760   	31.71071   	20.34375775
31/07/2010 	30.68806   	32.25728   	31.66454   	20.25319231
01/08/2010 	30.79483   	32.22617   	31.71390   	20.42035977
02/08/2010 	31.16472   	32.26883   	31.76741   	20.67600779
03/08/2010 	31.17306   	32.22582   	31.75316   	20.79826029
04/08/2010 	31.07339   	32.22869   	31.79989   	20.66454804
05/08/2010 	31.02681   	32.21215   	31.68489   	20.13835208
06/08/2010 	31.21397   	32.08109   	31.61483   	19.98102446
07/08/2010 	31.03549   	32.12010   	31.56960   	19.92872135
08/08/2010 	30.83468   	32.15947   	31.41034   	20.02182547
09/08/2010 	30.50831   	32.07237   	31.27776   	19.99124936
10/08/2010 	30.22318   	32.17679   	31.25692   	19.95816076
11/08/2010 	29.56067   	32.16084   	31.00398   	19.89359399
12/08/2010 	29.90411   	32.02791   	30.95929   	19.93092914
13/08/2010 	29.67925   	31.85000   	30.87060   	19.83801556
14/08/2010 	29.68009   	31.74309   	30.75914   	20.11657858
15/08/2010 	29.59263   	31.67456   	30.74113   	19.93920887
16/08/2010 	28.95963   	31.91009   	30.56754   	19.90169164
17/08/2010 	29.34035   	32.19587   	30.88108   	19.99477597
18/08/2010 	30.04943   	32.01415   	31.10478   	19.59265097
19/08/2010 	30.31951   	31.88617   	31.07819   	18.89182111
20/08/2010 	30.36268   	31.41584   	30.82854   	18.77666068
21/08/2010 	29.53502   	31.59870   	30.58802   	18.80988050
22/08/2010 	28.94644   	31.61720   	29.99779   	18.91141852
23/08/2010 	28.35183   	31.33951   	29.80751   	18.98910610
24/08/2010 	25.37048   	31.14931   	28.44069   	18.49276475
25/08/2010 	25.28710   	30.53707   	27.50752   	17.68224820
26/08/2010 	25.38998   	30.04911   	27.53586   	17.63404381
27/08/2010 	25.26606   	30.17194   	27.71202   	17.50788291
28/08/2010 	25.50560   	30.64338   	28.07860   	17.31561045
29/08/2010 	25.74374   	31.43067   	28.84028   	17.32195844
30/08/2010 	26.95825   	31.42665   	29.28103   	17.02199352
31/08/2010 	25.41054   	30.88835   	28.63533   	16.58958648
01/09/2010 	26.80743   	31.02369   	29.09640   	16.75039534
02/09/2010 	27.42145   	31.04025   	29.23886   	16.78516728
03/09/2010 	27.57371   	30.92405   	29.42819   	16.85363541
04/09/2010 	27.65992   	31.02896   	29.50976   	16.84018703
05/09/2010 	27.29370   	30.98449   	29.33851   	16.65551098
06/09/2010 	26.83729   	31.16196   	29.19260   	16.36658637
07/09/2010 	27.08805   	31.49038   	29.46993   	15.87719584
08/09/2010 	27.97375   	31.71559   	29.91360   	15.78330602
09/09/2010 	28.38413   	31.64711   	30.17190   	16.08187860
10/09/2010 	28.51349   	31.38046   	30.04859   	16.28717677
11/09/2010 	28.27244   	31.03598   	29.69061   	16.56597964
12/09/2010 	27.78578   	30.58785   	29.07826   	16.91189679
13/09/2010 	27.73041   	30.51755   	28.87771   	16.82267666
14/09/2010 	26.37694   	30.60482   	28.62944   	16.91557296
15/09/2010 	24.83743   	30.18448   	27.96907   	16.35860183
16/09/2010 	24.73948   	29.16536   	26.75977   	15.60336602
17/09/2010 	25.23236   	28.79918   	27.13301   	15.27075128
18/09/2010 	26.32898   	29.56175   	27.57801   	14.54860171
19/09/2010 	25.94138   	29.48393   	27.52004   	14.20965447
20/09/2010 	25.88388   	29.98339   	27.38506   	14.41582827
21/09/2010 	25.84966   	29.80632   	27.24419   	14.49682420
22/09/2010 	25.80785   	29.63294   	27.46337   	14.67581900
23/09/2010 	25.98102   	30.58590   	27.90247   	15.04289089
24/09/2010 	26.07742   	30.87247   	28.37579   	15.44450796
25/09/2010 	26.81278   	30.90002   	28.87243   	15.08896746
26/09/2010 	26.51253   	30.78535   	28.55270   	14.71358383
27/09/2010 	26.81812   	30.59574   	28.49919   	14.89314473
28/09/2010 	26.20202   	30.36420   	28.24530   	14.89775348
29/09/2010 	26.20245   	30.03471   	27.91707   	14.69429656
30/09/2010 	26.06138   	29.94201   	27.94433   	14.36550691
01/10/2010 	26.25235   	30.41421   	27.84436   	14.32825198
02/10/2010 	23.39176   	28.82559   	26.72741   	14.16634148
03/10/2010 	22.95734   	29.67133   	26.16476   	14.47720053
04/10/2010 	22.83745   	27.82616   	25.31627   	14.91248475
05/10/2010 	22.30446   	28.49643   	25.36311   	15.21107634
06/10/2010 	22.66276   	29.54214   	25.86837   	15.49062000
07/10/2010 	21.81654   	29.14191   	25.35404   	15.52842424
08/10/2010 	21.96600   	29.75243   	25.65999   	15.63044993
09/10/2010 	22.09992   	30.14126   	26.20537   	15.52996651
10/10/2010 	22.47700   	30.71057   	26.87094   	15.20081963
11/10/2010 	22.65403   	30.69925   	27.23491   	14.88630257
12/10/2010 	23.72252   	30.79896   	27.83648   	14.74584170
13/10/2010 	24.59804   	31.04812   	28.40861   	14.59233892
14/10/2010 	26.30458   	31.47955   	28.98044   	14.42821381
15/10/2010 	26.32916   	31.27733   	29.47740   	14.25317043
16/10/2010 	25.95123   	31.64548   	29.20485   	13.52980481
17/10/2010 	27.48202   	30.95277   	29.42796   	13.00942443
18/10/2010 	28.68404   	31.23493   	29.99740   	12.62739023
19/10/2010 	29.06771   	31.42108   	30.15333   	12.14522227
20/10/2010 	29.18501   	31.74282   	30.41340   	11.78226844
21/10/2010 	29.72423   	31.74896   	30.59446   	11.15584155
22/10/2010 	28.88425   	32.25522   	30.42993   	10.91316158
23/10/2010 	28.34447   	31.60423   	29.79074   	10.38338143
24/10/2010 	28.53702   	31.77878   	30.06072   	10.12950504
25/10/2010 	28.84959   	31.55055   	30.11393   	 9.71441654
26/10/2010 	28.83403   	31.49402   	30.17185   	 9.45821452
27/10/2010 	28.71010   	31.43889   	30.06044   	 9.52669120
28/10/2010 	27.68576   	31.15163   	29.25906   	 9.79438798
29/10/2010 	25.95409   	30.90871   	27.76709   	 9.96245058
30/10/2010 	25.99415   	29.73371   	27.46381   	10.17155524
31/10/2010 	25.41133   	29.59755   	27.04898   	10.33967477
01/11/2010 	25.17379   	29.22375   	26.90094   	10.42815010
02/11/2010 	24.77223   	28.93208   	26.88897   	10.52459999
03/11/2010 	24.44733   	30.35740   	27.38052   	11.07337445
04/11/2010 	23.62404   	29.42216   	26.35736   	11.30581552
05/11/2010 	23.09475   	28.45516   	25.66181   	11.84992806
06/11/2010 	23.68699   	29.09307   	26.09715   	11.74122810
07/11/2010 	23.92278   	29.51599   	26.53871   	11.44791496
08/11/2010 	23.82174   	29.28569   	26.39706   	10.57365028
09/11/2010 	23.38550   	30.73849   	27.14262   	 9.94849964
10/11/2010 	24.42917   	31.10213   	27.90649   	 9.65867933
11/11/2010 	25.52588   	31.08072   	28.19575   	 9.02280074
12/11/2010 	23.55064   	30.22886   	28.34619   	 8.62060351
13/11/2010 	23.98568   	27.84497   	25.82939   	 8.30666877
14/11/2010 	24.62493   	27.46079   	26.50784   	 8.54044505
15/11/2010 	25.28808   	29.79799   	27.13476   	 8.60561128
16/11/2010 	25.59155   	28.63320   	26.86453   	 8.33419471
17/11/2010 	25.22765   	29.14861   	26.88801   	 7.91919138
18/11/2010 	25.33395   	29.44089   	27.43010   	 7.87237806
19/11/2010 	25.74347   	29.94823   	27.80321   	 7.96642781
20/11/2010 	26.11205   	30.63663   	28.29955   	 8.12952732
21/11/2010 	26.41443   	30.71910   	28.43853   	 8.01419985
22/11/2010 	26.05572   	30.59622   	28.44738   	 7.80233651
23/11/2010 	26.31657   	30.87150   	28.82936   	 7.60340535
24/11/2010 	25.92973   	31.23999   	28.76327   	 7.19349512
25/11/2010 	26.14334   	31.05167   	28.76612   	 6.93547350
26/11/2010 	26.01150   	30.93847   	28.57247   	 6.49662227
27/11/2010 	26.04824   	30.84142   	28.57393   	 6.09924903
28/11/2010 	26.89707   	30.96719   	28.67604   	 5.56192263
29/11/2010 	27.30057   	30.97928   	28.98998   	 5.08579837
30/11/2010 	27.00939   	30.76380   	28.99343   	 4.38542979
01/12/2010 	26.79767   	30.58593   	29.01053   	 3.29348028
02/12/2010 	27.47553   	31.09542   	29.74144   	 2.69731112
03/12/2010 	28.26361   	31.36784   	30.08463   	 2.55377259
04/12/2010 	28.85234   	31.59587   	30.05345   	 2.18241796
05/12/2010 	27.67156   	31.04427   	29.44654   	 1.87229942
06/12/2010 	27.87776   	30.81435   	29.10711   	 1.98493401
07/12/2010 	27.93139   	30.76593   	29.26340   	 2.08146835
08/12/2010 	28.32045   	30.85262   	29.45474   	 2.28851441
09/12/2010 	28.98475   	30.91597   	30.08679   	 3.09390817
10/12/2010 	28.96929   	31.22250   	29.80597   	 2.79902182
11/12/2010 	29.64442   	31.31495   	30.54740   	 4.25457366
12/12/2010 	28.70066   	31.19154   	30.19601   	 3.87729306
13/12/2010 	28.64133   	31.01710   	30.01277   	 3.63615500
14/12/2010 	28.63272   	31.15132   	29.94161   	 3.32562993
15/12/2010 	28.94103   	31.25416   	30.12612   	 3.36602484
16/12/2010 	29.92138   	31.34294   	30.78848   	 3.48173696
17/12/2010 	29.33390   	31.40943   	30.56731   	 2.97929780
18/12/2010 	29.46677   	31.08517   	30.39839   	 2.54049471
19/12/2010 	29.59288   	31.08130   	30.32100   	 1.86738576
20/12/2010 	29.34263   	31.59184   	30.51592   	 1.70025133
21/12/2010 	29.37262   	31.64332   	30.47697   	 1.47524719
22/12/2010 	29.20912   	31.71251   	30.38928   	 0.98030488
23/12/2010 	29.05868   	31.25462   	30.00807   	 0.43729725
24/12/2010 	29.04273   	31.84208   	30.17106   	 0.09760746
25/12/2010 	30.09697   	31.96593   	31.00849   	 0.17950817
26/12/2010 	30.40543   	31.99817   	31.18585   	 0.37580430
27/12/2010 	30.45851   	32.11924   	31.28883   	 0.80933018
28/12/2010 	30.30962   	32.37432   	31.15534   	 0.73635638
29/12/2010 	30.55906   	31.91903   	31.17627   	 0.49505951
30/12/2010 	30.72801   	32.03930   	31.31992   	 0.70749799
31/12/2010 	30.74431   	31.93880   	31.37500   	 0.96288684
01/01/2011 	30.81796   	31.86786   	31.43188   	 1.47949140
02/01/2011 	30.75714   	31.74331   	31.39691   	 1.46038394
03/01/2011 	30.84218   	31.70728   	31.36969   	 1.49954283
04/01/2011 	30.78354   	31.67227   	31.32033   	 1.64151973
05/01/2011 	28.88832   	31.34507   	30.50438   	 1.41113041
06/01/2011 	27.18397   	30.78269   	29.13520   	 1.38610590
07/01/2011 	27.08633   	30.22469   	28.55051   	 1.46256020
08/01/2011 	24.49689   	30.13318   	27.87746   	 1.97643138
09/01/2011 	24.48699   	29.39812   	26.57896   	 2.38553568
10/01/2011 	23.72780   	29.51347   	25.54141   	 2.34810411
11/01/2011 	23.61611   	28.85411   	25.23633   	 2.26370666
12/01/2011 	23.16448   	29.21304   	25.39521   	 2.40888427
13/01/2011 	23.16386   	27.96129   	25.48805   	 2.63112984
14/01/2011 	22.11947   	27.88125   	25.25409   	 3.04946911
15/01/2011 	22.38482   	26.84231   	24.57728   	 3.52494645
16/01/2011 	21.31955   	27.40656   	24.44093   	 4.17913649
17/01/2011 	22.02075   	27.28009   	24.34601   	 4.56814320
18/01/2011 	21.76381   	27.89985   	24.52151   	 4.59588974
19/01/2011 	21.88623   	28.89467   	25.24508   	 4.48665905
20/01/2011 	22.04801   	29.22297   	25.47044   	 4.26548441
21/01/2011 	21.94835   	30.10011   	26.14212   	 4.07605175
22/01/2011 	22.44611   	30.45988   	26.45733   	 4.09418230
23/01/2011 	22.87952   	30.79987   	26.94894   	 4.12801840
24/01/2011 	23.31175   	31.23717   	27.53270   	 4.22034360
25/01/2011 	26.66269   	31.53050   	29.18956   	 4.27512783
26/01/2011 	25.89938   	31.84094   	28.87992   	 4.16189130
27/01/2011 	25.03297   	31.03349   	28.28964   	 3.82311587
28/01/2011 	25.93337   	30.92325   	28.91451   	 3.46581095
29/01/2011 	26.87962   	31.35131   	29.62529   	 3.15333765
30/01/2011 	26.65423   	31.31630   	29.47825   	 2.91189182
31/01/2011 	26.70603   	31.75249   	29.74913   	 2.80221328
01/02/2011 	27.62627   	32.53185   	30.00671   	 2.66529445
02/02/2011 	27.19062   	31.76874   	29.75456   	 2.62860123
03/02/2011 	24.16407   	31.13591   	28.47790   	 2.78144096
04/02/2011 	20.38767   	30.64843   	26.68215   	 3.24311448
05/02/2011 	21.05343   	29.95814   	24.90303   	 4.50359964
06/02/2011 	22.33242   	29.31971   	25.35415   	 5.39539146
07/02/2011 	23.61690   	29.08860   	26.79454   	 5.61012035
08/02/2011 	26.06087   	29.07757   	27.57885   	 5.41713644
09/02/2011 	25.71486   	28.51388   	27.18280   	 5.25694081
10/02/2011 	26.46462   	29.03612   	27.79927   	 5.21538603
11/02/2011 	26.78629   	29.47483   	27.86277   	 5.19820293
12/02/2011 	25.79501   	28.69979   	27.07297   	 4.96932686
13/02/2011 	26.42838   	28.88674   	27.62793   	 4.73052029
14/02/2011 	25.37595   	28.70357   	27.08948   	 4.66857844
15/02/2011 	24.52204   	29.11357   	26.59638   	 4.58984494
16/02/2011 	24.55410   	28.80167   	26.43773   	 4.59302575
17/02/2011 	24.06566   	29.37702   	26.34171   	 4.50895430
18/02/2011 	23.46505   	29.37665   	26.14967   	 4.14681021
19/02/2011 	23.35276   	29.50061   	25.89946   	 3.69454641
20/02/2011 	23.16727   	30.51056   	26.57280   	 3.16413957
21/02/2011 	23.84701   	30.67401   	27.19165   	 2.52885665
22/02/2011 	24.96124   	30.64732   	27.88144   	 2.01637866
23/02/2011 	26.17157   	30.67476   	28.08189   	 1.76260050
24/02/2011 	25.95998   	29.80038   	27.59458   	 1.65219507
25/02/2011 	25.95536   	29.86512   	27.57922   	 1.96085012
26/02/2011 	25.83196   	29.62659   	27.71702   	 2.55923046
27/02/2011 	25.64543   	29.03087   	27.27905   	 2.98135161
28/02/2011 	24.60192   	28.39015   	26.64625   	 2.92086906
01/03/2011 	24.46466   	28.89665   	26.61710   	 2.94902742
02/03/2011 	24.05359   	29.81683   	26.91798   	 2.97560956
03/03/2011 	24.28086   	30.57115   	27.63316   	 3.03201108
04/03/2011 	24.81347   	31.51675   	28.14640   	 3.13017314
05/03/2011 	25.89972   	31.78025   	29.03577   	 3.40673908
06/03/2011 	26.10288   	31.48479   	28.96516   	 3.47859647
07/03/2011 	26.08709   	32.15491   	29.45634   	 3.51140801
08/03/2011 	27.26935   	32.69318   	30.11187   	 3.58523296
09/03/2011 	29.48244   	32.99268   	31.29180   	 3.93984590
10/03/2011 	28.54871   	32.64574   	30.64748   	 4.20745211
11/03/2011 	28.88756   	31.99653   	30.07421   	 4.33322667
12/03/2011 	28.65136   	30.87521   	29.43619   	 4.45521402
13/03/2011 	28.36046   	30.85263   	29.31483   	 4.69310180
14/03/2011 	27.81003   	30.24153   	28.89761   	 4.94803729
15/03/2011 	27.36870   	30.00716   	28.56854   	 5.18085249
16/03/2011 	26.47260   	29.90990   	28.34758   	 5.33225832
17/03/2011 	26.37260   	31.47808   	28.78474   	 5.35567518
18/03/2011 	26.96290   	31.89062   	29.35421   	 5.38262785
19/03/2011 	27.26314   	31.94405   	29.51582   	 5.46197013
20/03/2011 	27.13526   	32.11744   	29.68639   	 5.62308188
21/03/2011 	27.60842   	32.23516   	30.20813   	 5.75261576
22/03/2011 	28.14894   	32.16705   	30.46893   	 6.01873726
23/03/2011 	28.32544   	32.11491   	30.30831   	 6.40293977
24/03/2011 	28.57356   	32.08584   	30.50911   	 6.60851918
25/03/2011 	28.89017   	32.02451   	30.63444   	 6.81043967
26/03/2011 	28.96008   	31.96163   	30.62886   	 6.83561626
27/03/2011 	29.03154   	31.86990   	30.68122   	 6.77519830
28/03/2011 	29.29721   	31.83216   	30.92459   	 6.77975144
29/03/2011 	29.37314   	31.81268   	30.90056   	 6.84925322
30/03/2011 	29.38439   	31.88976   	30.80233   	 6.94451468
31/03/2011 	29.41432   	31.91308   	30.89644   	 7.07082976
01/04/2011 	29.79320   	31.68391   	30.78788   	 7.37893011
02/04/2011 	29.82658   	31.49182   	30.56520   	 7.68844011
03/04/2011 	29.69502   	31.40700   	30.51207   	 7.98110401
04/04/2011 	29.60803   	31.24286   	30.46418   	 8.15968576
05/04/2011 	29.17759   	31.08705   	30.24755   	 8.32215689
06/04/2011 	28.89025   	30.76982   	29.90479   	 8.74856263
07/04/2011 	29.02639   	30.65413   	29.83770   	 9.10945793
08/04/2011 	29.35531   	30.61021   	29.95784   	 9.26698613
09/04/2011 	29.43774   	30.58632   	29.99968   	 9.59318548
10/04/2011 	29.58844   	30.45481   	30.03075   	 9.91212958
11/04/2011 	29.64723   	30.58229   	30.07804   	10.10242383
12/04/2011 	29.98299   	31.15907   	30.38114   	 9.64936276
13/04/2011 	29.99733   	31.08533   	30.38402   	 9.63701707
14/04/2011 	29.99080   	31.33465   	30.50985   	 9.60831714
15/04/2011 	29.99439   	31.43337   	30.53153   	 9.69451433
16/04/2011 	29.90883   	31.69613   	30.67718   	 9.73473048
17/04/2011 	29.78941   	31.78852   	30.73654   	 9.95405940
18/04/2011 	29.83132   	31.78467   	30.78401   	10.29773657
19/04/2011 	29.80164   	31.79737   	30.83920   	10.60722361
20/04/2011 	29.93285   	31.75329   	30.94430   	10.95522632
21/04/2011 	30.10258   	31.74320   	30.97609   	11.32580660
22/04/2011 	29.98349   	31.71366   	30.93744   	11.78217032
23/04/2011 	30.08021   	31.62147   	30.93897   	12.21323353
24/04/2011 	30.10934   	31.54463   	30.99393   	12.56019205
25/04/2011 	30.23253   	31.50822   	30.97660   	13.01210419
26/04/2011 	30.20491   	31.47545   	30.88011   	13.13461035
27/04/2011 	30.22696   	31.63855   	30.80647   	12.78061823
28/04/2011 	30.17368   	31.83418   	30.88153   	12.58975097
29/04/2011 	30.09227   	31.77566   	30.86196   	12.53606850
30/04/2011 	30.02575   	31.80394   	30.97788   	11.91189434
01/05/2011 	30.56431   	31.88755   	31.31539   	11.59647391
02/05/2011 	30.90517   	31.81137   	31.38419   	11.36766336
03/05/2011 	31.00508   	32.11417   	31.53054   	11.19419529
04/05/2011 	31.25197   	32.20792   	31.74371   	11.51591212
05/05/2011 	31.39284   	32.22028   	31.79889   	11.70325371
06/05/2011 	31.52016   	32.25214   	31.87320   	11.93890474
07/05/2011 	31.58688   	32.34842   	31.92015   	12.29134862
08/05/2011 	31.49041   	32.34242   	31.89992   	12.69606316
09/05/2011 	31.53273   	32.36692   	31.96939   	12.92761652
10/05/2011 	31.50709   	32.34418   	31.98149   	13.15505962
11/05/2011 	31.61206   	32.40092   	32.02206   	13.58507591
12/05/2011 	31.62907   	32.40319   	32.07406   	13.86084878
13/05/2011 	31.72362   	32.42112   	32.13971   	13.79046267
14/05/2011 	31.79653   	32.43701   	32.20153   	13.79069229
15/05/2011 	31.94503   	32.43527   	32.25450   	13.54986988
16/05/2011 	32.09485   	32.41870   	32.28632   	13.39789720
17/05/2011 	32.16526   	32.41971   	32.29004   	13.48166478
18/05/2011 	32.01640   	32.40371   	32.27827   	13.75165357
19/05/2011 	31.91133   	32.36486   	32.23659   	14.15644431
20/05/2011 	31.86833   	32.37117   	32.24570   	14.57520215
21/05/2011 	31.81982   	32.41310   	32.20045   	15.05349867
22/05/2011 	31.71961   	32.37928   	32.15659   	15.33646031
23/05/2011 	31.51242   	32.62054   	32.19671   	15.28253694
24/05/2011 	31.47039   	32.57282   	32.21927   	15.27929368
25/05/2011 	32.18723   	32.56641   	32.34056   	14.91863741
26/05/2011 	31.72146   	32.49348   	32.25099   	15.17024708
27/05/2011 	31.99313   	32.35585   	32.17456   	14.72669065
28/05/2011 	31.80176   	32.28866   	32.09636   	14.52248234
29/05/2011 	31.48750   	32.14212   	31.86869   	14.35527851
30/05/2011 	31.28139   	31.94881   	31.62857   	14.58828972
31/05/2011 	31.30674   	31.81888   	31.54982   	14.86490341
01/06/2011 	31.34744   	31.79410   	31.57699   	15.09280076
02/06/2011 	30.94034   	31.80581   	31.47458   	15.66488222
03/06/2011 	30.96871   	31.77370   	31.48213   	16.17630229
04/06/2011 	31.07486   	31.76176   	31.46783   	16.56018054
05/06/2011 	31.15606   	31.88941   	31.56320   	16.58230831
06/06/2011 	31.23479   	32.00621   	31.66389   	16.67920651
07/06/2011 	31.40050   	32.14763   	31.71844   	16.97008522
08/06/2011 	31.48192   	32.38746   	31.74350   	17.09147219
09/06/2011 	31.58333   	32.42423   	31.80633   	16.79306746
10/06/2011 	31.60389   	32.29941   	31.82441   	16.96523643
11/06/2011 	31.61336   	32.47905   	31.89713   	16.68483180
12/06/2011 	31.54027   	32.46867   	31.85882   	16.56837296
13/06/2011 	31.27388   	32.35357   	31.81920   	16.44856397
14/06/2011 	30.96536   	32.30082   	31.71823   	16.77152212
15/06/2011 	31.17622   	32.17704   	31.75070   	17.11415144
16/06/2011 	31.04890   	32.32161   	31.80568   	17.18275587
17/06/2011 	30.49255   	32.31694   	31.65396   	16.97712759
18/06/2011 	30.33047   	32.19048   	31.46096   	16.79183582
19/06/2011 	30.45623   	31.89859   	31.10590   	16.14508579
20/06/2011 	30.26341   	31.56924   	30.88093   	16.31941380
21/06/2011 	30.27204   	31.39844   	30.86365   	16.88289483
22/06/2011 	30.20370   	31.36181   	30.75094   	16.75930444
23/06/2011 	30.07877   	31.24910   	30.68216   	16.66074344
24/06/2011 	30.20295   	31.09161   	30.58645   	16.94727147
25/06/2011 	30.28411   	30.76159   	30.58786   	16.92477314
26/06/2011 	30.29650   	30.82911   	30.61080   	17.24137648
27/06/2011 	30.49190   	30.89173   	30.65101   	17.79221352
28/06/2011 	30.48708   	30.85146   	30.69036   	18.20760425
29/06/2011 	30.32626   	30.81052   	30.62908   	18.44598595
30/06/2011 	30.41483   	30.83689   	30.62715   	18.39361374
01/07/2011 	30.48289   	30.97483   	30.67916   	18.24525817
02/07/2011 	30.47313   	30.92515   	30.70335   	18.04934971
03/07/2011 	30.37924   	30.95759   	30.71239   	17.76091254
04/07/2011 	30.18445   	30.94915   	30.61817   	17.69120630
05/07/2011 	30.11481   	30.98007   	30.56774   	17.94438155
06/07/2011 	30.12899   	31.28510   	30.67023   	18.09520574
07/07/2011 	30.51561   	31.19979   	30.76640   	18.07004865
08/07/2011 	30.62354   	31.13997   	30.82397   	18.39601525
09/07/2011 	30.46328   	31.22844   	30.82413   	18.55135544
10/07/2011 	30.43439   	31.10575   	30.76108   	18.60867409
11/07/2011 	30.49471   	31.06090   	30.77669   	18.99862397
12/07/2011 	30.53154   	31.02187   	30.81440   	19.06513226
13/07/2011 	30.50753   	31.23174   	30.82775   	18.36674082
14/07/2011 	30.18960   	31.39067   	30.81131   	18.00488098
15/07/2011 	30.57975   	31.36863   	30.93897   	17.89855337
16/07/2011 	30.45244   	31.69151   	30.93357   	17.89131172
17/07/2011 	29.97082   	31.92896   	30.78824   	17.86535827
18/07/2011 	28.42821   	31.48006   	30.02875   	17.43900216
19/07/2011 	27.29999   	30.70837   	28.76769   	17.17004152
20/07/2011 	27.80415   	30.65377   	28.75249   	17.62547449
21/07/2011 	28.22189   	30.89263   	29.03526   	18.04176597
22/07/2011 	28.36325   	31.14984   	29.43897   	17.85973291
23/07/2011 	28.92768   	31.91826   	30.74110   	17.46202946
24/07/2011 	30.23153   	31.80896   	31.14104   	17.04567750
25/07/2011 	30.07428   	30.90537   	30.64002   	16.27698765
26/07/2011 	30.21441   	30.84405   	30.56082   	16.46666682
27/07/2011 	30.12435   	30.74653   	30.43329   	16.83091156
28/07/2011 	30.07426   	30.86289   	30.38767   	17.19215250
29/07/2011 	30.10550   	31.72935   	30.61574   	17.28744912
30/07/2011 	30.22699   	32.19642   	30.83206   	17.12623195
31/07/2011 	30.28143   	32.42646   	30.98550   	17.10316042
01/08/2011 	30.20827   	32.60520   	31.20420   	17.51969171
02/08/2011 	29.99468   	32.67556   	31.29767   	17.93735528
03/08/2011 	29.95957   	32.60466   	31.43934   	18.37534821
04/08/2011 	30.16945   	32.58482   	31.58413   	18.79490181
05/08/2011 	30.39819   	32.53578   	31.66800   	19.23978273
06/08/2011 	30.73298   	32.45980   	31.70943   	19.50938336
07/08/2011 	30.65153   	32.34539   	31.68177   	19.19651508
08/08/2011 	30.34820   	32.04785   	31.27376   	18.66541759
09/08/2011 	30.61893   	31.74489   	31.30175   	18.15481444
10/08/2011 	30.13142   	31.65623   	31.00667   	17.18670243
11/08/2011 	28.39737   	31.69034   	30.26068   	17.11195445
12/08/2011 	28.51903   	31.25560   	29.61917   	17.14110549
13/08/2011 	28.69780   	31.20108   	29.68175   	17.35449012
14/08/2011 	28.89048   	31.74077   	30.02865   	17.70246208
15/08/2011 	28.69690   	31.93174   	30.12517   	17.86917786
16/08/2011 	28.63368   	32.02201   	30.13832   	18.06124286
17/08/2011 	28.54779   	31.85142   	30.29271   	18.30111714
18/08/2011 	28.76054   	31.59414   	30.21883   	18.34695772
19/08/2011 	28.85352   	31.50462   	30.37815   	18.44969237
20/08/2011 	28.81188   	31.38832   	30.36615   	18.42485356
21/08/2011 	29.58504   	31.31621   	30.54627   	18.66069309
22/08/2011 	29.66090   	31.27684   	30.50497   	18.85086950
23/08/2011 	29.33427   	31.13295   	30.28407   	18.90226463
24/08/2011 	29.93572   	31.31264   	30.61521   	19.10834185
25/08/2011 	29.92720   	31.29785   	30.54776   	19.07262417
26/08/2011 	29.31608   	31.79287   	30.56378   	19.04828954
27/08/2011 	28.84309   	31.90981   	30.27014   	18.78212357
28/08/2011 	27.99204   	31.69178   	29.87013   	18.28727825
29/08/2011 	27.47190   	31.99370   	29.97625   	17.30930984
30/08/2011 	27.99981   	31.85063   	29.79064   	16.66674632
31/08/2011 	27.98070   	31.90443   	30.04931   	16.81073437
01/09/2011 	28.65223   	32.11593   	30.31113   	16.97811900
02/09/2011 	28.73663   	32.23610   	30.47634   	17.11125068
03/09/2011 	29.05576   	32.55486   	30.81295   	17.48854037
04/09/2011 	29.33661   	32.52418   	30.90885   	17.77713561
05/09/2011 	28.47177   	32.44315   	30.87534   	17.72594508
06/09/2011 	24.36924   	31.93164   	29.05982   	16.91214438
07/09/2011 	24.70667   	28.54760   	26.99749   	16.14382815
08/09/2011 	24.82450   	27.89481   	26.57395   	15.55602606
09/09/2011 	24.96857   	28.50651   	26.99040   	15.57377289
10/09/2011 	25.40536   	29.20956   	27.21655   	15.92483167
11/09/2011 	26.11444   	30.41039   	27.94673   	16.49150366
12/09/2011 	26.02149   	30.38712   	27.91912   	16.57526759
13/09/2011 	25.51394   	29.65767   	27.69648   	16.20138758
14/09/2011 	26.28016   	29.70227   	27.62989   	15.46182122
15/09/2011 	26.36142   	29.52798   	27.57941   	15.05533741
16/09/2011 	26.35768   	29.47878   	27.66044   	15.15559121
17/09/2011 	26.67177   	30.31675   	28.17177   	15.36029708
18/09/2011 	26.76489   	30.11332   	28.22958   	15.31967950
19/09/2011 	27.10035   	30.30865   	28.31374   	15.16145060
20/09/2011 	27.14385   	29.66888   	28.11892   	15.12039103
21/09/2011 	25.83722   	29.45271   	27.51019   	15.22183136
22/09/2011 	26.28053   	28.63664   	27.43983   	15.00081694
23/09/2011 	26.18424   	28.56267   	27.09825   	14.37285008
24/09/2011 	25.93960   	29.08712   	27.24930   	14.63223042
25/09/2011 	26.04440   	29.96792   	27.69067   	14.98833527
26/09/2011 	26.14734   	30.41845   	28.06538   	15.34878568
27/09/2011 	25.97337   	31.03200   	28.22063   	15.55691459
28/09/2011 	26.25035   	31.21481   	28.57984   	15.92975877
29/09/2011 	26.47966   	31.39580   	28.92467   	16.30715738
30/09/2011 	26.71630   	31.31145   	29.14561   	16.64446235
01/10/2011 	27.04595   	31.33423   	29.36798   	16.97329442
02/10/2011 	27.36111   	31.36535   	29.53414   	17.26998119
03/10/2011 	27.96781   	31.41090   	29.85353   	17.42261402
04/10/2011 	28.97540   	31.56294   	30.38388   	17.37360974
05/10/2011 	27.99482   	31.51851   	30.10701   	16.84506909
06/10/2011 	27.49301   	31.11083   	29.57733   	16.36159090
07/10/2011 	27.03882   	30.24447   	28.50499   	15.13725084
08/10/2011 	27.44658   	30.30226   	28.55199   	14.30825184
09/10/2011 	27.01966   	29.93294   	28.40718   	13.55829521
10/10/2011 	27.74206   	31.56605   	29.34776   	14.35876900
11/10/2011 	26.97643   	31.26480   	28.84400   	14.39933761
12/10/2011 	26.54972   	30.77753   	28.55092   	14.08098960
13/10/2011 	27.01390   	30.50361   	28.63516   	13.86769964
14/10/2011 	27.40213   	30.37246   	28.86477   	13.72170639
15/10/2011 	27.73041   	30.86676   	29.07845   	13.38943688
16/10/2011 	27.88386   	30.88898   	29.35435   	13.27319251
17/10/2011 	28.16086   	30.86979   	29.39149   	13.32206172
18/10/2011 	25.79995   	30.63485   	29.11138   	13.05585261
19/10/2011 	26.48236   	30.02350   	28.20664   	12.01473248
20/10/2011 	26.46051   	29.38972   	27.67674   	11.06539778
21/10/2011 	26.52862   	28.98989   	27.61944   	10.62296168
22/10/2011 	26.41415   	29.42208   	27.40744   	10.58289862
23/10/2011 	25.94249   	28.41202   	26.83916   	 9.91901108
24/10/2011 	24.51218   	29.38042   	26.32397   	 9.40862022
25/10/2011 	23.66384   	29.08643   	26.12841   	 9.23368055
26/10/2011 	23.95227   	30.25227   	27.00160   	 9.77651751
27/10/2011 	24.07875   	29.77164   	26.41881   	 9.85501679
28/10/2011 	23.92914   	30.15702   	26.74151   	10.27821016
29/10/2011 	23.98099   	30.20475   	26.93181   	10.49535590
30/10/2011 	25.04665   	30.92673   	27.90150   	11.22084916
31/10/2011 	25.64296   	30.88508   	27.62253   	11.63531458
01/11/2011 	25.85744   	30.83508   	27.86904   	11.78164564
02/11/2011 	25.43251   	31.13997   	27.77114   	11.92755987
03/11/2011 	25.96513   	29.93926   	27.74715   	11.95317288
04/11/2011 	26.09778   	30.38963   	27.97754   	12.20808361
05/11/2011 	25.75669   	30.13702   	27.64391   	12.23398288
06/11/2011 	25.19736   	30.06014   	27.39775   	12.16154846
07/11/2011 	24.55539   	29.68932   	27.19080   	11.98813546
08/11/2011 	24.43003   	30.26142   	27.38238   	11.64872777
09/11/2011 	24.74176   	31.01862   	28.08699   	11.41553942
10/11/2011 	25.69797   	31.23380   	28.37579   	11.15208153
11/11/2011 	25.79113   	31.09313   	28.16719   	10.48600477
12/11/2011 	25.45278   	31.22136   	28.18548   	 9.72036562
13/11/2011 	26.31196   	31.47338   	28.71657   	 9.73085030
14/11/2011 	26.13666   	31.37028   	28.53165   	 9.11777777
15/11/2011 	26.80243   	31.32431   	29.00182   	 8.85443212
16/11/2011 	26.57311   	31.37684   	28.94502   	 8.15512200
17/11/2011 	27.44719   	31.45299   	29.41829   	 8.07623159
18/11/2011 	27.63222   	31.58904   	29.33655   	 8.09551113
19/11/2011 	28.12185   	31.52400   	29.39783   	 8.06118154
20/11/2011 	27.79597   	31.28284   	29.17620   	 7.82100820
21/11/2011 	27.51725   	31.42755   	29.18965   	 7.65755541
22/11/2011 	27.45452   	31.70583   	29.42159   	 7.71897690
23/11/2011 	27.63400   	31.84192   	29.74933   	 8.02037823
24/11/2011 	27.97787   	32.06858   	30.13079   	 8.54898894
25/11/2011 	28.16497   	32.63136   	30.46910   	 9.09305447
26/11/2011 	29.16665   	32.43497   	30.69654   	 8.96268000
27/11/2011 	28.73969   	32.62562   	30.95466   	 9.39488504
28/11/2011 	28.70742   	31.92332   	30.54674   	 8.76773421
29/11/2011 	28.87420   	32.36306   	30.40377   	 8.59875186
30/11/2011 	29.01828   	32.37819   	30.71914   	 8.52598910
01/12/2011 	26.71550   	28.65790   	27.43413   	 7.75372242
02/12/2011 	26.74034   	29.12502   	27.45071   	 7.78148264
03/12/2011 	26.69035   	28.48562   	27.42124   	 7.58306230
04/12/2011 	26.73790   	30.77445   	28.21493   	 7.84434353
05/12/2011 	27.33280   	28.66602   	28.08682   	 7.33410468
06/12/2011 	27.95225   	28.88504   	28.36781   	 6.74927430
07/12/2011 	28.02029   	31.34178   	29.19089   	 6.68483572
08/12/2011 	29.09387   	30.25726   	29.75352   	 6.37643045
09/12/2011 	28.83420   	31.39338   	30.43984   	 7.16475832
10/12/2011 	28.27887   	30.65263   	29.49778   	 6.30137431
11/12/2011 	28.32582   	30.48101   	29.16773   	 5.92213150
12/12/2011 	28.05764   	30.29465   	29.13765   	 6.03411290
13/12/2011 	26.21780   	29.88006   	28.18674   	 5.87247012
14/12/2011 	25.08332   	30.23539   	27.23877   	 6.01593090
15/12/2011 	25.13277   	29.89377   	27.10230   	 5.82192294
16/12/2011 	25.71602   	29.45850   	27.16367   	 5.63187996
17/12/2011 	26.89856   	29.83726   	27.94593   	 5.62704230
18/12/2011 	26.76848   	30.09368   	28.11455   	 5.51102857
19/12/2011 	26.85739   	30.10048   	28.26099   	 5.29323790
20/12/2011 	27.57671   	30.55576   	29.02338   	 5.62242509
21/12/2011 	27.97884   	30.25516   	28.88984   	 5.46027419
22/12/2011 	27.96407   	30.82739   	29.19064   	 5.79844785
23/12/2011 	27.87887   	31.35777   	29.41443   	 6.21194030
24/12/2011 	27.93725   	31.21717   	29.29768   	 6.33409351
25/12/2011 	27.13160   	30.88504   	28.94032   	 6.38972757
26/12/2011 	26.76073   	30.81436   	28.48009   	 6.89599888
27/12/2011 	26.45398   	30.52411   	28.36357   	 7.19493584
28/12/2011 	24.57509   	30.93627   	27.55345   	 7.08746331
29/12/2011 	26.90900   	31.08237   	29.72908   	 6.86134772
30/12/2011 	26.91664   	30.61555   	28.26746   	 6.25540064
