date	smin	smax	smean	tmean
01/01/2009   	15.408877    	20.661568    	18.450263    	 0.1042380171
02/01/2009   	13.918916    	19.801609    	16.326905    	 0.5008466408
03/01/2009   	13.932796    	27.896425    	17.423341    	 0.4467908329
04/01/2009   	19.020182    	30.423248    	27.969070    	 2.6830253104
05/01/2009   	16.607878    	30.006950    	21.405936    	 1.1417822672
06/01/2009   	15.920556    	19.496658    	17.665891    	-0.8480040981
07/01/2009   	16.195297    	22.046011    	18.654574    	-0.1080073633
08/01/2009   	16.130508    	19.695660    	17.333386    	 0.2098924480
09/01/2009   	15.686528    	22.107540    	19.337572    	-0.0280802618
10/01/2009   	15.126759    	20.512899    	17.240537    	-0.5504523123
11/01/2009   	18.462955    	22.076990    	21.105605    	-0.5883431623
12/01/2009   	21.059435    	23.779163    	22.679459    	 0.9029461886
13/01/2009   	21.860567    	23.728426    	23.052301    	 1.8238848125
14/01/2009   	19.360010    	23.447495    	21.206858    	 1.9306728691
15/01/2009   	15.919598    	22.425686    	18.389535    	 1.3235255480
16/01/2009   	 9.998954    	19.836199    	13.504418    	 1.1427212742
17/01/2009   	13.078239    	20.593252    	17.314603    	 1.7724817395
18/01/2009   	20.697449    	24.128086    	22.932620    	 2.9390269866
19/01/2009   	22.652695    	24.244667    	23.504228    	 2.9602774779
20/01/2009   	22.302633    	26.623280    	24.105190    	 3.0062477440
21/01/2009   	23.168331    	26.699512    	24.248319    	 2.6471447448
22/01/2009   	23.235170    	26.620764    	25.249781    	 2.4218798652
23/01/2009   	23.842167    	27.754477    	25.838397    	 3.0185979903
24/01/2009   	25.395792    	27.364973    	26.450005    	 3.2257779688
25/01/2009   	22.031576    	27.447474    	26.497705    	 2.8728265663
26/01/2009   	18.674650    	22.352104    	20.861963    	 2.0406942094
27/01/2009   	17.607512    	20.799152    	18.715904    	 1.3358489523
28/01/2009   	15.323445    	18.650158    	17.164784    	 1.2012228047
29/01/2009   	13.601785    	17.936121    	15.044345    	 0.9270991829
30/01/2009   	13.658805    	17.211414    	15.253689    	 0.2498510728
31/01/2009   	14.125006    	17.480598    	15.608675    	-0.4638289279
01/02/2009   	15.847424    	20.051146    	17.879737    	-0.9129842805
02/02/2009   	19.145014    	20.669941    	19.862459    	-0.7368744401
03/02/2009   	20.052399    	21.815390    	20.802405    	 0.1488808384
04/02/2009   	20.334160    	22.373064    	21.391997    	 0.5896414264
05/02/2009   	20.815989    	22.726965    	21.848541    	 0.7832272165
06/02/2009   	19.737616    	21.824347    	20.786854    	 1.3314293151
07/02/2009   	18.433966    	21.036440    	19.712253    	 1.3866074135
08/02/2009   	18.445889    	23.929502    	20.226274    	 1.2982207922
09/02/2009   	18.207764    	24.142092    	21.142827    	 1.5083119000
10/02/2009   	13.906783    	20.834276    	16.522838    	 1.3195074250
11/02/2009   	16.519545    	25.774792    	20.285362    	 1.8534129734
12/02/2009   	16.411175    	23.470634    	19.718358    	 1.9570383355
13/02/2009   	15.803624    	24.132494    	18.624191    	 1.9814673016
14/02/2009   	15.019809    	22.085188    	17.827397    	 1.3661093985
15/02/2009   	14.220543    	19.724291    	16.513020    	 1.7260469869
16/02/2009   	12.903273    	19.778206    	15.011540    	 2.8289775501
17/02/2009   	12.228171    	23.220425    	15.103429    	 2.8352331420
18/02/2009   	11.341529    	14.054217    	12.525866    	 2.0836310933
19/02/2009   	11.148316    	15.881317    	12.442262    	 2.2295037558
20/02/2009   	11.655423    	13.965423    	12.933169    	 3.0369524161
21/02/2009   	11.644010    	14.595631    	13.062158    	 3.1707714299
22/02/2009   	12.239759    	22.294001    	14.471948    	 3.8706321816
23/02/2009   	11.840339    	22.863791    	14.889755    	 4.4631335388
24/02/2009   	 9.688272    	13.704567    	11.059392    	 3.7546609491
25/02/2009   	 9.435027    	19.961740    	12.770585    	 4.1591915389
26/02/2009   	13.127417    	26.531630    	19.939573    	 4.7978492876
27/02/2009   	14.644647    	26.355091    	20.176175    	 5.3393447498
28/02/2009   	12.622609    	19.698713    	15.298590    	 5.3720622063
01/03/2009   	10.097300    	18.026430    	12.770448    	 4.9230943123
02/03/2009   	10.108192    	15.846149    	11.733114    	 4.8727133175
03/03/2009   	11.690698    	18.671093    	13.684237    	 4.8620357811
04/03/2009   	12.808605    	19.119295    	15.531505    	 4.5215995312
05/03/2009   	12.596629    	17.411201    	14.409296    	 4.8238469760
06/03/2009   	10.549581    	14.115251    	11.766828    	 4.8122194707
07/03/2009   	10.510118    	16.134827    	12.410743    	 4.3867776493
08/03/2009   	13.049111    	19.561728    	17.605725    	 5.1179556449
09/03/2009   	19.403154    	20.828203    	19.873735    	 4.9079461396
10/03/2009   	16.929941    	20.914555    	19.812820    	 4.9453660150
11/03/2009   	14.240930    	19.989620    	17.202604    	 4.9252881507
12/03/2009   	14.132705    	20.307283    	15.996397    	 5.4648725986
13/03/2009   	11.880443    	19.149517    	14.421548    	 5.5946948826
14/03/2009   	 9.971942    	18.012739    	12.131736    	 5.8104538421
15/03/2009   	11.167367    	23.359699    	14.766590    	 5.9750216206
16/03/2009   	 8.859653    	14.513442    	10.373054    	 6.2294943134
17/03/2009   	 7.324773    	11.608088    	 8.757117    	 6.5097461840
18/03/2009   	 6.240277    	 8.728120    	 7.236690    	 6.3303273420
19/03/2009   	 6.281249    	 7.958702    	 7.052583    	 6.4772035182
20/03/2009   	 5.145373    	 9.399499    	 6.963751    	 6.3225175043
21/03/2009   	 6.269580    	10.335811    	 7.595174    	 6.5086787244
22/03/2009   	 5.880240    	12.250971    	 8.030707    	 6.6720500092
23/03/2009   	 7.999753    	25.098003    	20.070208    	 6.6094213923
24/03/2009   	18.364706    	25.808563    	22.217035    	 6.2793963055
25/03/2009   	14.006612    	24.219074    	18.659672    	 6.2134191791
26/03/2009   	14.022443    	23.971952    	19.434119    	 6.3951635857
27/03/2009   	17.332844    	23.848623    	20.627681    	 6.2302169303
28/03/2009   	15.343236    	18.472187    	16.862460    	 6.2936722438
29/03/2009   	13.451408    	18.065296    	15.123506    	 6.0655964216
30/03/2009   	12.363471    	17.204132    	13.366429    	 5.8897118370
31/03/2009   	10.628517    	16.213808    	12.193153    	 6.5937428276
01/04/2009   	 8.428445    	14.100280    	 9.842855    	 7.1129212876
02/04/2009   	 6.588880    	 9.358505    	 8.036398    	 7.6084464192
03/04/2009   	 6.577709    	 9.270157    	 8.052414    	 8.2366115948
04/04/2009   	 7.562395    	10.804524    	 9.310556    	 8.5022674600
05/04/2009   	 9.544460    	11.052915    	10.204678    	 8.6695169310
06/04/2009   	 9.133028    	11.689960    	10.675924    	 8.6783594787
07/04/2009   	10.469033    	12.846192    	11.485490    	 9.4131783048
08/04/2009   	11.289008    	16.024426    	12.759662    	 9.1901578506
09/04/2009   	14.187157    	17.022945    	15.893600    	 8.8471400340
10/04/2009   	14.479229    	16.983719    	15.963384    	 9.9078371326
11/04/2009   	14.319932    	16.230692    	15.066559    	10.5730192264
12/04/2009   	14.817135    	16.313477    	15.640068    	10.6019156178
13/04/2009   	15.253823    	16.652977    	16.094600    	10.4978755315
14/04/2009   	15.867613    	16.847338    	16.454068    	10.6477220853
15/04/2009   	15.708998    	16.866348    	16.285937    	11.1403144201
16/04/2009   	16.071283    	17.042212    	16.553848    	11.7507285674
17/04/2009   	16.013958    	19.306757    	17.959995    	11.2569964329
18/04/2009   	15.900635    	19.219402    	17.189051    	11.0523140430
19/04/2009   	16.164400    	18.543669    	17.784044    	10.9488566518
20/04/2009   	15.950098    	18.027681    	16.975035    	11.9417005181
21/04/2009   	17.416710    	17.858551    	17.568078    	12.0496163170
22/04/2009   	17.631691    	22.005386    	18.502131    	12.0358992020
23/04/2009   	17.885832    	21.092913    	18.959875    	11.7746114135
24/04/2009   	18.742355    	21.294479    	20.020031    	12.1259599527
25/04/2009   	19.649055    	21.216515    	20.166034    	11.9967568119
26/04/2009   	19.663027    	21.308458    	19.893816    	12.8309057951
27/04/2009   	19.578371    	22.086861    	20.164302    	12.8653410872
28/04/2009   	19.975542    	20.949772    	20.113254    	12.5909335216
29/04/2009   	20.070560    	20.733149    	20.333668    	12.7045310537
30/04/2009   	20.196400    	20.552143    	20.347027    	12.9356467128
01/05/2009   	20.238085    	21.186666    	20.533551    	13.6124726137
02/05/2009   	20.461098    	21.933031    	20.842991    	13.8332917492
03/05/2009   	20.714577    	22.390972    	21.149780    	13.4158792297
04/05/2009   	20.977085    	27.849125    	25.495785    	11.2475617329
05/05/2009   	24.844776    	28.079967    	26.429444    	11.4323795239
06/05/2009   	25.369280    	28.185596    	27.254313    	12.3081186016
07/05/2009   	23.064398    	27.338087    	25.217120    	12.6048370004
08/05/2009   	21.183054    	23.500521    	22.142720    	12.7379726370
09/05/2009   	20.537136    	21.351000    	21.039968    	12.2850291530
10/05/2009   	20.470232    	21.350161    	20.779331    	12.9169769883
11/05/2009   	20.958176    	26.024534    	23.215585    	12.1657160123
12/05/2009   	24.067068    	26.357649    	25.331931    	11.6959405541
13/05/2009   	22.241550    	26.563696    	24.263154    	12.0275966128
14/05/2009   	22.268829    	25.368479    	23.522481    	12.5100172559
15/05/2009   	21.857677    	23.686539    	22.563362    	13.0620364745
16/05/2009   	21.890329    	23.395277    	22.264288    	12.9979449113
17/05/2009   	21.709017    	23.030640    	22.347735    	13.3483622670
18/05/2009   	23.084394    	24.359060    	23.729427    	13.4892227650
19/05/2009   	23.364838    	25.099709    	24.526192    	13.4181469083
20/05/2009   	22.809191    	25.062407    	23.866466    	13.7662578026
21/05/2009   	22.521345    	24.732046    	23.060045    	14.2846317887
22/05/2009   	22.504646    	25.047726    	23.048809    	14.5763330658
23/05/2009   	22.506819    	23.668982    	23.331030    	15.2233963211
24/05/2009   	21.951492    	23.933041    	22.769490    	15.7882833878
25/05/2009   	21.201633    	22.840115    	22.163862    	16.4229506652
26/05/2009   	20.565126    	24.940060    	21.992278    	16.8506912788
27/05/2009   	22.791471    	27.355179    	25.022030    	15.2453717788
28/05/2009   	23.540356    	27.631989    	26.009378    	14.9473971526
29/05/2009   	20.070351    	25.153757    	22.000537    	15.0668150385
30/05/2009   	17.190859    	21.296082    	19.565843    	14.9800982674
31/05/2009   	17.986164    	22.075926    	19.974162    	15.8200897574
01/06/2009   	18.310232    	23.075800    	20.958469    	16.7408372561
02/06/2009   	20.827536    	28.517981    	26.240949    	15.7629706661
03/06/2009   	28.128431    	30.591459    	29.573204    	13.9110107223
04/06/2009   	30.338671    	30.960018    	30.694212    	12.0789969563
05/06/2009   	28.388010    	31.108515    	30.689294    	12.3576585054
06/06/2009   	27.370070    	30.136869    	28.992364    	12.8476684292
07/06/2009   	25.959871    	29.650972    	27.288204    	13.6428280671
08/06/2009   	24.452942    	27.303167    	25.731731    	15.1214698156
09/06/2009   	23.127287    	26.434958    	24.518359    	15.4809394081
10/06/2009   	22.802145    	29.054729    	24.609323    	15.3262526592
11/06/2009   	21.144562    	24.036264    	21.925451    	15.1325652599
12/06/2009   	20.045919    	24.824259    	21.526779    	14.6799044013
13/06/2009   	18.583757    	22.580729    	20.301339    	15.1619510055
14/06/2009   	17.584194    	22.075117    	19.431271    	16.3475207686
15/06/2009   	17.424221    	19.190792    	18.199638    	16.7633660634
16/06/2009   	16.324572    	18.539513    	17.153525    	16.4510415792
17/06/2009   	15.992533    	18.917696    	17.589042    	16.6964054902
18/06/2009   	16.367598    	19.666605    	18.251816    	16.7711527745
19/06/2009   	18.221710    	22.521023    	19.879776    	16.1975111167
20/06/2009   	19.877172    	24.898359    	21.597307    	15.5672780871
21/06/2009   	19.554625    	23.490206    	20.930509    	15.8886253436
22/06/2009   	19.175440    	21.827185    	20.591429    	16.0110627810
23/06/2009   	19.106543    	23.750460    	20.619151    	16.6545176109
24/06/2009   	20.682302    	27.089094    	23.925509    	17.0562032064
25/06/2009   	22.586147    	28.674440    	25.649559    	17.2373764316
26/06/2009   	21.178164    	26.892225    	24.219863    	18.5642520984
27/06/2009   	21.699711    	25.126257    	22.962221    	19.2753818432
28/06/2009   	21.750898    	24.397234    	22.825735    	19.8265450398
29/06/2009   	22.338045    	24.468010    	23.149821    	20.6404175758
30/06/2009   	21.722359    	24.706081    	23.091220    	20.8307150602
01/07/2009   	21.650654    	26.978254    	24.034036    	20.9095490774
02/07/2009   	22.777325    	27.425064    	24.770115    	21.3545839787
03/07/2009   	22.757881    	27.743984    	24.381458    	21.8533035517
04/07/2009   	21.533657    	26.180458    	24.113504    	22.0591390133
05/07/2009   	20.458101    	24.192854    	21.866025    	22.3217360973
06/07/2009   	20.137440    	26.396782    	23.598860    	21.8204450607
07/07/2009   	25.227249    	27.523891    	26.674452    	20.3357419173
08/07/2009   	23.600744    	29.288803    	25.962795    	19.0849957863
09/07/2009   	24.245447    	31.608904    	28.439216    	16.9030237595
10/07/2009   	30.728025    	32.336311    	31.157518    	16.1749053995
11/07/2009   	28.180435    	32.013840    	30.109563    	16.1990554134
12/07/2009   	24.014797    	31.441252    	27.749635    	17.0260203282
13/07/2009   	24.231083    	31.560122    	27.960693    	17.9114261468
14/07/2009   	21.420391    	27.492430    	23.801027    	18.7505151033
15/07/2009   	20.921768    	29.891088    	25.354886    	19.4214585225
16/07/2009   	25.392460    	29.534576    	27.594336    	19.2968376080
17/07/2009   	23.349339    	26.421745    	24.922909    	19.0953419209
18/07/2009   	23.668308    	26.164116    	24.548557    	18.7032692035
19/07/2009   	23.866596    	24.231350    	24.018947    	18.2105523348
20/07/2009   	23.827717    	25.007784    	24.602570    	18.4653069576
21/07/2009   	23.884497    	24.834631    	24.572373    	18.6613727013
22/07/2009   	23.089708    	25.228432    	24.220976    	19.2129278978
23/07/2009   	23.076090    	25.641590    	24.274497    	18.7986093362
24/07/2009   	23.548647    	25.341105    	24.644058    	18.3731702566
25/07/2009   	24.628468    	25.223444    	24.897629    	17.5705624024
26/07/2009   	22.057522    	26.090654    	24.183122    	17.6338986556
27/07/2009   	19.641079    	25.807659    	22.222806    	18.6177955866
28/07/2009   	19.696140    	26.484800    	22.771651    	18.2872875929
29/07/2009   	19.817640    	25.394552    	21.481425    	18.7907643716
30/07/2009   	21.615366    	26.693556    	25.013781    	18.4771630764
31/07/2009   	24.937246    	26.660374    	26.025101    	17.5842743317
01/08/2009   	22.164234    	25.455227    	23.907238    	18.2063184182
02/08/2009   	20.551838    	24.270214    	21.964377    	18.8436323404
03/08/2009   	19.286539    	24.292496    	21.154097    	19.0537519852
04/08/2009   	18.560213    	20.829079    	19.457317    	19.7441943884
05/08/2009   	18.667091    	19.380589    	19.021551    	20.3156623046
06/08/2009   	18.908331    	20.620274    	19.443513    	20.8616923889
07/08/2009   	19.604635    	20.875940    	20.229758    	20.6805049181
08/08/2009   	19.663815    	22.066879    	20.360343    	20.4675266743
09/08/2009   	20.341957    	22.553247    	21.004242    	20.2039335966
10/08/2009   	20.439486    	22.899769    	21.376709    	20.4649688005
11/08/2009   	20.540026    	23.571079    	21.193135    	20.4667168458
12/08/2009   	20.700809    	26.465406    	22.121360    	19.5840796232
13/08/2009   	20.857891    	26.720013    	21.928385    	19.3288611174
14/08/2009   	20.278263    	22.054131    	20.898059    	20.0294343233
15/08/2009   	21.243473    	27.798540    	24.629207    	19.3812641700
16/08/2009   	24.247517    	27.903366    	26.689275    	19.8808482091
17/08/2009   	24.418625    	27.931341    	25.994865    	19.7752186060
18/08/2009   	21.455544    	29.885668    	24.982553    	19.3384074370
19/08/2009   	19.569780    	24.657074    	20.988374    	19.9254468282
20/08/2009   	19.298868    	24.795341    	20.997815    	20.1681990623
21/08/2009   	19.357859    	26.367470    	22.889127    	19.5771697760
22/08/2009   	21.407679    	26.448137    	23.388437    	18.8215664228
23/08/2009   	22.418064    	24.732664    	22.847995    	19.5238304536
24/08/2009   	21.911245    	22.817520    	22.318545    	19.4459185998
25/08/2009   	22.253477    	23.687407    	22.791551    	20.1935399373
26/08/2009   	22.603529    	24.283371    	23.271588    	18.6879068613
27/08/2009   	23.190722    	26.786886    	24.392700    	18.8627617757
28/08/2009   	25.745813    	26.726204    	26.273050    	18.2335517406
29/08/2009   	25.872761    	26.398129    	26.099663    	17.2282896837
30/08/2009   	25.888578    	26.043493    	25.960232    	16.0643071334
31/08/2009   	25.314093    	26.465765    	25.944341    	17.3565810521
01/09/2009   	23.369688    	26.154978    	24.423152    	17.6759394407
02/09/2009   	23.014057    	24.728931    	24.061677    	17.3155494531
03/09/2009   	24.452963    	28.327456    	26.189375    	17.0689665874
04/09/2009   	28.346182    	29.863674    	29.083001    	16.6317277948
05/09/2009   	28.667728    	29.443535    	29.022279    	15.9112822413
06/09/2009   	28.458355    	29.225128    	28.876845    	15.2137775620
07/09/2009   	27.134743    	28.908300    	28.256443    	15.4267802238
08/09/2009   	24.211018    	28.557772    	25.861997    	16.2778544625
09/09/2009   	23.909698    	28.395817    	25.365345    	16.7061450084
10/09/2009   	24.743082    	28.259245    	27.582017    	16.0280053218
11/09/2009   	27.563765    	28.348570    	27.903564    	15.7205995719
12/09/2009   	28.062929    	28.644869    	28.454561    	15.9402198593
13/09/2009   	28.615925    	29.673540    	29.067524    	15.3708358407
14/09/2009   	27.839203    	29.698677    	28.825493    	15.6854486863
15/09/2009   	26.908810    	29.192020    	27.584212    	15.5000346502
16/09/2009   	27.220732    	30.009682    	28.683954    	15.9441082478
17/09/2009   	28.356985    	30.285585    	29.453553    	15.5033518076
18/09/2009   	28.699554    	30.172815    	29.360084    	15.2992022236
19/09/2009   	28.412052    	29.693172    	28.947340    	15.6053424676
20/09/2009   	27.959782    	29.951885    	28.710434    	16.2067106764
21/09/2009   	28.547449    	30.072495    	29.218848    	15.6121770144
22/09/2009   	28.278151    	30.622555    	29.200931    	15.7027588884
23/09/2009   	28.455242    	31.818407    	30.061237    	15.6882972916
24/09/2009   	28.296228    	31.993938    	29.966974    	14.8568258882
25/09/2009   	27.819603    	31.951988    	29.316856    	14.5888342063
26/09/2009   	27.891972    	31.218126    	28.309051    	15.4420145551
27/09/2009   	27.101467    	28.184307    	27.676944    	16.0318939090
28/09/2009   	26.198374    	31.994823    	28.186849    	16.2479860385
29/09/2009   	28.986530    	32.482517    	31.364596    	16.3961452444
30/09/2009   	26.128841    	31.844946    	28.391988    	15.9056208134
01/10/2009   	25.753073    	32.424080    	28.961242    	14.8436799049
02/10/2009   	26.532074    	32.533470    	30.182714    	13.0812718868
03/10/2009   	28.611923    	32.784195    	31.409200    	13.8409284751
04/10/2009   	28.182236    	31.042662    	29.138138    	13.2639965614
05/10/2009   	27.950542    	29.721613    	29.075706    	12.4849123955
06/10/2009   	25.008467    	28.775816    	27.031157    	12.8583505948
07/10/2009   	26.535061    	28.499514    	27.326986    	13.7648338477
08/10/2009   	22.916256    	27.112328    	24.683838    	13.0570836465
09/10/2009   	19.948797    	24.371712    	21.737892    	12.2462458014
10/10/2009   	15.613858    	20.670816    	18.641394    	11.8234469891
11/10/2009   	17.515020    	28.637114    	21.041203    	12.1000156005
12/10/2009   	21.348240    	29.383106    	24.629508    	11.3523370226
13/10/2009   	21.047087    	29.235502    	27.233777    	10.3197063605
14/10/2009   	21.731956    	27.499363    	24.040037    	 9.9726598859
15/10/2009   	19.439430    	29.341217    	22.916317    	 9.3463029464
16/10/2009   	28.730846    	33.126965    	31.650638    	10.7797402938
17/10/2009   	30.753405    	32.648533    	31.813167    	 9.1709519823
18/10/2009   	30.144291    	32.828171    	31.572870    	 9.5691598852
19/10/2009   	29.439896    	32.612717    	31.096114    	 9.4326866269
20/10/2009   	20.847368    	30.211046    	25.499081    	 8.4198141197
21/10/2009   	17.020731    	24.095837    	20.965702    	 8.2306798398
22/10/2009   	13.778831    	23.862364    	20.977736    	 8.2235263884
23/10/2009   	18.416868    	23.152494    	21.213749    	 9.0136171977
24/10/2009   	21.012114    	25.136086    	23.604467    	 9.9023158352
25/10/2009   	24.464935    	27.860777    	26.421410    	10.4321075281
26/10/2009   	27.871599    	28.350315    	28.083015    	10.9249951243
27/10/2009   	27.917315    	28.519053    	28.217510    	11.2998638749
28/10/2009   	26.364960    	28.372314    	27.333726    	11.3585059841
29/10/2009   	25.126238    	28.472679    	26.256051    	11.4734878341
30/10/2009   	21.899113    	25.911354    	24.314456    	11.1217750907
31/10/2009   	20.889399    	24.710222    	21.720857    	10.2961288492
01/11/2009   	21.434561    	25.904207    	23.321950    	11.1360360980
02/11/2009   	23.888887    	27.309080    	26.321852    	10.9919563532
03/11/2009   	25.321381    	28.381878    	26.780135    	10.1325769623
04/11/2009   	26.808775    	28.289997    	27.841353    	 9.9090360999
05/11/2009   	27.384678    	27.838352    	27.604665    	 9.8126818140
06/11/2009   	26.056946    	27.904135    	27.332118    	 9.4904656212
07/11/2009   	26.622223    	27.267801    	27.101351    	 9.7854930957
08/11/2009   	24.470381    	27.299500    	25.897049    	 8.8510356446
09/11/2009   	20.260096    	26.117311    	22.768275    	 8.4854182998
10/11/2009   	19.514324    	23.410971    	20.972660    	 8.5222513278
11/11/2009   	20.159748    	22.913855    	20.710136    	 8.8829737902
12/11/2009   	19.064081    	24.623140    	20.963822    	 8.5015280247
13/11/2009   	19.047989    	26.246222    	24.228103    	 9.2118183772
14/11/2009   	24.570646    	27.264503    	25.579419    	10.3395045598
15/11/2009   	26.836323    	28.099445    	27.368671    	10.1511311531
16/11/2009   	24.246008    	28.051147    	26.290524    	10.0968444745
17/11/2009   	25.502800    	27.368959    	26.313533    	10.0881680051
18/11/2009   	26.216827    	30.116695    	27.800447    	10.3399472833
19/11/2009   	26.111588    	30.319199    	29.415726    	10.5847163598
20/11/2009   	24.127455    	27.438334    	26.143863    	 9.9709083438
21/11/2009   	23.463655    	26.663437    	25.021412    	10.5162992279
22/11/2009   	24.662664    	28.797110    	26.859239    	10.7487855355
23/11/2009   	28.744711    	29.922182    	29.220377    	10.3606698712
24/11/2009   	29.342020    	29.975563    	29.819124    	10.3629870216
25/11/2009   	25.620243    	29.902016    	28.547167    	10.1872603099
26/11/2009   	29.672546    	30.533688    	30.356027    	 9.7495326400
27/11/2009   	30.363651    	30.548496    	30.475162    	 9.3441806237
28/11/2009   	30.041227    	30.487688    	30.327843    	 8.6721829772
29/11/2009   	28.326332    	30.323257    	29.434755    	 8.5733547608
30/11/2009   	26.595284    	28.912506    	27.624348    	 8.0678183536
01/12/2009   	22.091043    	27.147211    	24.947082    	 7.2747662564
02/12/2009   	17.097198    	24.655109    	20.819473    	 6.3282123109
03/12/2009   	15.733814    	26.265350    	21.708473    	 7.1570600371
04/12/2009   	22.769791    	26.938414    	25.067693    	 7.5208315253
05/12/2009   	23.778311    	26.493061    	25.266781    	 6.9537148873
06/12/2009   	23.892357    	25.241608    	24.422005    	 8.1910257339
07/12/2009   	24.083658    	24.784830    	24.412961    	 7.9031586150
08/12/2009   	21.381254    	24.294075    	22.714552    	 7.5144311388
09/12/2009   	20.819187    	23.994848    	21.681917    	 7.4036162992
10/12/2009   	17.153811    	23.541702    	20.387660    	 7.9348552028
11/12/2009   	15.202938    	20.552401    	17.625040    	 7.8426914612
12/12/2009   	12.655311    	19.564709    	15.800619    	 6.8082367977
13/12/2009   	13.530431    	17.306950    	14.981640    	 5.3413232962
14/12/2009   	11.677358    	15.709337    	13.425882    	 4.5762550185
15/12/2009   	10.651996    	12.309566    	11.503962    	 3.7287596414
16/12/2009   	10.657815    	14.126393    	12.505062    	 3.0244699915
17/12/2009   	 8.359114    	15.081837    	12.290729    	 3.6019673496
18/12/2009   	 6.918221    	15.045011    	11.383981    	 2.7957099304
19/12/2009   	 9.063970    	15.035501    	12.571424    	 1.8268756755
20/12/2009   	12.693516    	19.853741    	17.104353    	 1.8186380595
21/12/2009   	17.469955    	21.016647    	19.361592    	 2.0180606842
22/12/2009   	16.803213    	21.084509    	18.223744    	 1.7930049573
23/12/2009   	17.881958    	20.596308    	19.447460    	 1.9240509619
24/12/2009   	16.016277    	20.321062    	17.759806    	 1.8689246178
25/12/2009   	13.277660    	21.541424    	15.903190    	 1.9296667427
26/12/2009   	20.000376    	23.415083    	21.346639    	 3.0697308630
27/12/2009   	20.503796    	22.824356    	21.904456    	 3.5502821257
28/12/2009   	20.780081    	23.522213    	22.223765    	 3.5961674949
29/12/2009   	14.959647    	21.474354    	18.913327    	 2.6713568171
30/12/2009   	11.810064    	17.081896    	14.801629    	 1.9958670735
31/12/2009   	11.626176    	20.040501    	15.012060    	 1.6341756682
01/01/2010   	14.619966    	20.512985    	16.491802    	 1.2179518659
02/01/2010   	12.097990    	17.267473    	15.467419    	 1.3385593543
03/01/2010   	12.677392    	15.792562    	14.538387    	 0.8961809923
04/01/2010   	13.282782    	16.773085    	14.737383    	 1.0452852733
05/01/2010   	14.162017    	17.407421    	15.538038    	 1.4308176177
06/01/2010   	13.488446    	17.327152    	15.157805    	 1.3410033286
07/01/2010   	12.948194    	17.054453    	14.258159    	 1.0900703793
08/01/2010   	10.551674    	14.941951    	12.120410    	 0.3039193475
09/01/2010   	10.050961    	24.185492    	16.632192    	-0.0676891562
10/01/2010   	10.278663    	26.416481    	17.030210    	 0.2373697130
11/01/2010   	10.759351    	16.027157    	13.348970    	 0.1717771112
12/01/2010   	 6.958354    	14.363529    	12.299778    	-0.2311619634
13/01/2010   	 4.949816    	14.355967    	11.172114    	-0.6569938213
14/01/2010   	11.843848    	15.984667    	13.996010    	-0.7189054135
15/01/2010   	15.538576    	17.412121    	16.323496    	-0.3831617480
16/01/2010   	16.443304    	18.597332    	17.031408    	-0.0720693315
17/01/2010   	17.699108    	19.225153    	18.468353    	 0.2556683081
18/01/2010   	18.214321    	20.487656    	19.752228    	 0.9767651533
19/01/2010   	17.851534    	20.122446    	18.900109    	 1.2709267077
20/01/2010   	13.905682    	18.098009    	15.632874    	 0.5862685088
21/01/2010   	10.708162    	15.596992    	13.366766    	 0.5028158371
22/01/2010   	 8.132237    	14.161627    	11.332970    	-0.0142325355
23/01/2010   	 8.167329    	14.035631    	11.819521    	 0.2344766059
24/01/2010   	12.231088    	15.769432    	14.390069    	 0.1584719642
25/01/2010   	12.790126    	15.227847    	14.204761    	-0.2951481687
26/01/2010   	10.973377    	15.754324    	12.891257    	-0.7427456342
27/01/2010   	11.021124    	23.767086    	13.962017    	-0.3401958597
28/01/2010   	17.847567    	24.826595    	22.338977    	 0.6943407329
29/01/2010   	15.183087    	26.202293    	19.806933    	 1.0193680935
30/01/2010   	14.354957    	21.867626    	15.890863    	 0.4685169080
31/01/2010   	15.092649    	25.598896    	18.305478    	 0.7073168953
01/02/2010   	14.945532    	24.958797    	19.162738    	 0.9169400704
02/02/2010   	15.815500    	27.862228    	22.889048    	 1.3337562848
03/02/2010   	18.604912    	28.754038    	22.582091    	 1.3052418592
04/02/2010   	15.984715    	26.409101    	20.009589    	 1.3876982505
05/02/2010   	11.614375    	19.811264    	13.980167    	 1.3438668872
06/02/2010   	10.823360    	13.664384    	12.336364    	 1.4340965177
07/02/2010   	 9.275592    	12.770483    	10.614635    	 1.0431562203
08/02/2010   	 8.339266    	11.380723    	 9.789367    	 0.2746648015
09/02/2010   	 8.449142    	11.601692    	 9.524435    	-0.4306687616
10/02/2010   	 9.193607    	21.627836    	13.056739    	-0.4544477404
11/02/2010   	15.332715    	24.671898    	19.259217    	-0.5032449764
12/02/2010   	16.668869    	23.472202    	19.060148    	-0.6777395677
13/02/2010   	19.495636    	26.373333    	23.107459    	-0.6279913032
14/02/2010   	19.064762    	23.829653    	21.854869    	-0.9219662858
15/02/2010   	16.847357    	20.641100    	18.710455    	-1.0332786093
16/02/2010   	14.778484    	20.687864    	17.085591    	-0.7237140865
17/02/2010   	14.919960    	19.371948    	16.505147    	-0.7141928676
18/02/2010   	15.304197    	16.745880    	15.856625    	-0.3377967625
19/02/2010   	15.926025    	20.932949    	17.531008    	 0.3917263115
20/02/2010   	20.093779    	21.663239    	20.962906    	 0.5797365600
21/02/2010   	18.981880    	21.449867    	20.232467    	 0.5666035094
22/02/2010   	18.308645    	21.604563    	19.826420    	 0.9524859401
23/02/2010   	15.609471    	18.784451    	17.482410    	 0.9163171028
24/02/2010   	14.609766    	19.137741    	16.339701    	 0.9840818625
25/02/2010   	16.231161    	18.634542    	17.344651    	 2.0076171309
26/02/2010   	17.390667    	23.401712    	19.512660    	 2.6447415948
27/02/2010   	23.050320    	24.937300    	24.165675    	 2.7672742754
28/02/2010   	20.912655    	24.743464    	22.621794    	 3.2016337961
01/03/2010   	20.583055    	24.732187    	22.323433    	 3.2919065505
02/03/2010   	18.103828    	23.782917    	20.371346    	 2.6831841916
03/03/2010   	15.992244    	19.722719    	17.873099    	 2.6120567570
04/03/2010   	15.156773    	21.841032    	18.128887    	 2.6879763256
05/03/2010   	16.220993    	26.181547    	18.951279    	 2.5745510260
06/03/2010   	16.981182    	26.056419    	21.330306    	 2.0555035137
07/03/2010   	16.414091    	20.865492    	18.182819    	 1.0449222401
08/03/2010   	12.135994    	16.455364    	14.491727    	 1.3621685704
09/03/2010   	10.138905    	13.966270    	12.552701    	 1.3768437455
10/03/2010   	 8.312773    	12.960029    	10.945885    	 1.7745607148
11/03/2010   	 8.020123    	14.502941    	 9.645216    	 1.8210520719
12/03/2010   	 9.755125    	14.709130    	12.113213    	 2.5815062920
13/03/2010   	10.862555    	22.784718    	13.609600    	 2.9397173971
14/03/2010   	10.978911    	29.632404    	18.499318    	 4.1021601905
15/03/2010   	13.396346    	25.546553    	16.979407    	 4.0486704856
16/03/2010   	11.614282    	26.398657    	17.471756    	 4.3364949574
17/03/2010   	10.697933    	20.809156    	14.079459    	 4.3569374035
18/03/2010   	11.088295    	19.725176    	14.015192    	 4.9090644221
19/03/2010   	11.703516    	20.373873    	15.976847    	 5.8639376660
20/03/2010   	14.319215    	21.156593    	17.114068    	 6.6680582166
21/03/2010   	13.137946    	19.007082    	15.087053    	 6.4776126842
22/03/2010   	12.462491    	14.753481    	13.545108    	 5.9267865022
23/03/2010   	11.967806    	17.463694    	13.765718    	 6.2103603383
24/03/2010   	10.295609    	13.979376    	11.695641    	 6.6624681453
25/03/2010   	10.168964    	13.454887    	11.627480    	 7.3678678572
26/03/2010   	11.518804    	15.164398    	13.439418    	 7.5990741750
27/03/2010   	13.110859    	17.381416    	15.067177    	 7.3202740451
28/03/2010   	14.360455    	18.545668    	15.966107    	 7.5436944266
29/03/2010   	13.645582    	17.933666    	15.107027    	 7.7913907170
30/03/2010   	11.445270    	16.045874    	13.347983    	 7.9074612955
31/03/2010   	13.578985    	23.508778    	17.583125    	 7.3260293603
01/04/2010   	22.626732    	24.010023    	23.381622    	 6.3845099807
02/04/2010   	21.613136    	24.444853    	23.562212    	 6.0950946510
03/04/2010   	17.061436    	23.603096    	18.890909    	 6.7583705584
04/04/2010   	14.222833    	17.970907    	15.760261    	 7.2883895934
05/04/2010   	14.231065    	17.079227    	15.822820    	 7.2638520598
06/04/2010   	12.233856    	17.738384    	15.309454    	 7.5717814664
07/04/2010   	10.529186    	15.368338    	12.802554    	 8.1316805780
08/04/2010   	12.272147    	16.260788    	13.500834    	 8.7028058569
09/04/2010   	12.419098    	16.121332    	14.542794    	 8.9196720719
10/04/2010   	13.930012    	15.582508    	14.593425    	 9.0761152307
11/04/2010   	13.957182    	19.793144    	15.919779    	 8.6579286059
12/04/2010   	16.857086    	20.044928    	17.915393    	 8.4837606549
13/04/2010   	17.542913    	21.638092    	20.023685    	 8.2652916312
14/04/2010   	17.412077    	23.263659    	19.945059    	 8.3478798171
15/04/2010   	19.189995    	23.422649    	21.015667    	 8.1948536734
16/04/2010   	20.573948    	25.886122    	24.218167    	 8.1848784983
17/04/2010   	22.103020    	24.984489    	23.764037    	 8.3580186764
18/04/2010   	18.912512    	24.330683    	21.145662    	 9.1170990467
19/04/2010   	17.057358    	20.740273    	18.554098    	 9.3507185578
20/04/2010   	16.692205    	28.211111    	19.427773    	 9.1337553958
21/04/2010   	23.758236    	30.288109    	27.669514    	 7.8434855342
22/04/2010   	20.544500    	30.115204    	24.179919    	 7.6971567174
23/04/2010   	17.579199    	24.022892    	20.653193    	 8.5457929373
24/04/2010   	16.007988    	19.748718    	18.074814    	 9.6805361112
25/04/2010   	15.969872    	18.112053    	17.273608    	 9.7817389766
26/04/2010   	17.346272    	19.849556    	18.400840    	10.5245794058
27/04/2010   	18.519598    	19.958603    	19.056958    	11.0086695751
28/04/2010   	17.373949    	20.608624    	18.518973    	11.5788397988
29/04/2010   	17.217539    	21.936115    	18.629731    	12.0156545838
30/04/2010   	18.550707    	22.906378    	20.125024    	12.0746462345
01/05/2010   	19.806532    	22.585203    	20.976617    	11.9580024083
02/05/2010   	17.999115    	24.577063    	20.331871    	11.1735843619
03/05/2010   	19.229303    	30.899380    	26.982400    	 9.6542109052
04/05/2010   	27.381641    	32.019611    	30.143391    	 8.3859148324
05/05/2010   	24.090471    	30.790939    	28.012838    	 8.6222083668
06/05/2010   	16.945179    	26.253370    	20.717658    	 9.0506258210
07/05/2010   	19.134483    	23.675829    	21.144143    	 9.2575211724
08/05/2010   	17.973732    	22.869469    	20.633112    	 9.8836991191
09/05/2010   	19.442381    	20.928717    	20.195056    	10.0160945853
10/05/2010   	19.561819    	24.745806    	20.980885    	 9.8375272751
11/05/2010   	19.961681    	27.545050    	23.930364    	 9.4292031924
12/05/2010   	23.527506    	31.308428    	28.730569    	 8.8209164242
13/05/2010   	25.781609    	31.786201    	28.513306    	 9.1938477755
14/05/2010   	22.630886    	27.995714    	25.871346    	 9.6237293681
15/05/2010   	20.575064    	26.136364    	22.688240    	10.2166248957
16/05/2010   	19.621828    	27.250635    	22.020713    	10.3663374980
17/05/2010   	19.040607    	22.760897    	20.087220    	10.7581371665
18/05/2010   	18.051764    	21.741543    	19.399949    	11.1971550981
19/05/2010   	17.522371    	24.323074    	20.381581    	11.5402376652
20/05/2010   	17.126621    	23.130533    	20.089777    	12.4973183076
21/05/2010   	16.413792    	22.146229    	19.229388    	13.4895344973
22/05/2010   	16.827105    	21.377041    	19.337480    	13.9379076958
23/05/2010   	16.756214    	23.669333    	20.145344    	14.6173786322
24/05/2010   	18.135145    	25.166571    	20.178423    	15.4360869527
25/05/2010   	18.397869    	23.399757    	20.749224    	14.7975735466
26/05/2010   	18.207556    	25.011827    	21.127690    	14.1736018260
27/05/2010   	18.647053    	24.537243    	21.553871    	14.1073562105
28/05/2010   	18.656752    	24.186872    	20.895830    	14.4729777972
29/05/2010   	17.569040    	24.337351    	19.357272    	14.2907524506
30/05/2010   	17.890144    	24.849583    	19.949407    	14.4599714279
31/05/2010   	20.539055    	25.260607    	21.863115    	14.3502650658
01/06/2010   	19.479544    	22.013063    	20.786438    	14.7326670090
02/06/2010   	18.120668    	21.132269    	19.353102    	14.8988077243
03/06/2010   	18.206339    	21.499081    	19.542712    	15.1887415846
04/06/2010   	18.385864    	22.535610    	20.754836    	15.7438255946
05/06/2010   	19.910595    	22.803341    	21.235729    	16.4836370349
06/06/2010   	20.536467    	22.014860    	21.188979    	17.2790950934
07/06/2010   	20.887093    	22.617125    	21.563715    	16.9560132424
08/06/2010   	20.202776    	21.567030    	20.904417    	17.2737717628
09/06/2010   	19.091660    	20.839319    	20.332536    	17.7863226334
10/06/2010   	17.369753    	19.680634    	18.408497    	17.8541260958
11/06/2010   	17.248266    	19.686533    	18.176728    	18.2356959184
12/06/2010   	18.165939    	25.329653    	19.728485    	17.0983976126
13/06/2010   	17.094582    	21.777622    	18.514966    	16.6922400991
14/06/2010   	16.265766    	20.449509    	17.381338    	17.2321048975
15/06/2010   	17.536337    	31.039164    	24.084699    	15.5864153306
16/06/2010   	23.022118    	30.190603    	27.668875    	15.1650928060
17/06/2010   	23.679537    	31.560421    	29.081029    	15.5331426660
18/06/2010   	28.802034    	32.647385    	31.943927    	15.2896716396
19/06/2010   	32.637756    	32.851749    	32.758516    	13.7712646325
20/06/2010   	32.831562    	32.950626    	32.891668    	12.7217496037
21/06/2010   	30.954485    	33.005238    	32.320797    	13.7360375921
22/06/2010   	28.364981    	32.284756    	30.597009    	15.1717722813
23/06/2010   	26.370796    	29.711632    	28.321319    	16.2711221774
24/06/2010   	26.066338    	28.236244    	26.759944    	17.0740717252
25/06/2010   	25.294220    	27.825054    	26.323935    	17.2751950820
26/06/2010   	25.182146    	27.091017    	25.877561    	17.9527291457
27/06/2010   	25.466036    	27.722996    	26.520406    	17.9894697865
28/06/2010   	24.536701    	28.524857    	26.295382    	19.6064910491
29/06/2010   	25.046141    	27.782131    	26.051144    	19.8940415780
30/06/2010   	25.498772    	27.707628    	26.249169    	19.9526598851
01/07/2010   	25.343658    	28.028843    	26.364445    	19.9156193733
02/07/2010   	24.610483    	27.414650    	25.662604    	20.8165405194
03/07/2010   	24.470268    	26.887312    	25.141490    	21.3072622617
04/07/2010   	24.222883    	26.085478    	25.004848    	21.2602189779
05/07/2010   	24.037630    	27.740608    	25.485114    	20.7860826651
06/07/2010   	23.871452    	26.901701    	24.724433    	20.1060113509
07/07/2010   	22.971909    	25.538528    	24.518844    	18.8609758615
08/07/2010   	22.997347    	26.521589    	24.642943    	19.7748891115
09/07/2010   	23.699408    	25.042433    	24.419156    	21.6331234376
10/07/2010   	23.596704    	25.183575    	24.450296    	22.5088281631
11/07/2010   	23.946680    	25.481976    	24.653433    	22.6212876240
12/07/2010   	24.506659    	26.532101    	25.075981    	22.0246233940
13/07/2010   	25.242243    	26.936209    	25.929414    	21.1133141120
14/07/2010   	24.143078    	27.232910    	25.293234    	21.8824315866
15/07/2010   	24.542080    	29.129881    	26.844716    	20.6202956835
16/07/2010   	26.093527    	29.101353    	27.770026    	18.5603686968
17/07/2010   	25.893084    	29.543060    	27.987648    	18.5103238821
18/07/2010   	25.004025    	29.543409    	27.116597    	18.2515718142
19/07/2010   	23.519453    	29.051693    	25.460972    	18.9950168530
20/07/2010   	22.761595    	24.680380    	23.676097    	20.3410019080
21/07/2010   	22.601381    	24.062311    	23.484894    	21.0556211472
22/07/2010   	23.099113    	25.925714    	24.305070    	20.7452230056
23/07/2010   	22.765209    	24.587244    	24.121099    	20.8599987030
24/07/2010   	21.904911    	24.590630    	22.782944    	19.7391684453
25/07/2010   	21.718378    	23.060997    	22.271241    	20.2438833316
26/07/2010   	21.556606    	24.849911    	22.256750    	20.0895033280
27/07/2010   	21.402584    	24.376635    	22.478103    	19.9304265976
28/07/2010   	20.539238    	24.591333    	21.628641    	20.2762608528
29/07/2010   	20.353523    	24.731234    	21.399736    	19.6381994883
30/07/2010   	20.170488    	26.058968    	21.669275    	18.7926246723
31/07/2010   	19.731634    	26.352272    	21.999959    	19.2672935724
01/08/2010   	18.534487    	23.365337    	20.318549    	19.7393520276
02/08/2010   	17.745121    	21.072214    	19.016801    	20.3390347560
03/08/2010   	19.066257    	20.407310    	19.667155    	20.0998568535
04/08/2010   	19.229206    	23.989904    	20.723198    	19.4510186116
05/08/2010   	20.285305    	24.369415    	21.267859    	19.1568625768
06/08/2010   	19.538342    	21.771807    	20.892912    	19.2141698996
07/08/2010   	18.810795    	21.518002    	20.167962    	19.4849137068
08/08/2010   	18.764782    	22.551510    	19.786170    	19.3845608234
09/08/2010   	18.247438    	20.085529    	19.337872    	19.7022928794
10/08/2010   	17.487061    	21.414680    	19.610664    	19.6546289523
11/08/2010   	19.216259    	22.628363    	19.938327    	19.1617583036
12/08/2010   	17.639503    	22.236925    	19.758964    	19.1245345672
13/08/2010   	17.169731    	22.805214    	19.485243    	18.7836729685
14/08/2010   	15.623107    	20.719036    	17.427036    	19.3379239639
15/08/2010   	14.720335    	26.688314    	20.727304    	18.6306383212
16/08/2010   	20.957653    	29.727470    	24.626825    	19.2392162482
17/08/2010   	18.169249    	24.418596    	20.623023    	19.1562540929
18/08/2010   	19.293299    	26.368090    	22.446070    	18.2736217578
19/08/2010   	21.665117    	27.646393    	25.093016    	17.7784950733
20/08/2010   	23.058924    	27.343058    	25.027973    	17.7327233553
21/08/2010   	20.922117    	24.604105    	23.005351    	18.7717396021
22/08/2010   	18.699335    	22.282841    	20.761405    	19.1903868119
23/08/2010   	16.271719    	20.913023    	19.655243    	19.2527093093
24/08/2010   	20.776762    	24.258272    	22.778656    	17.9539622068
25/08/2010   	22.890448    	25.137056    	24.014868    	16.4745770494
26/08/2010   	21.743065    	23.822239    	22.680294    	16.3261737625
27/08/2010   	20.166868    	23.389885    	21.464308    	16.0499549508
28/08/2010   	20.501116    	26.560017    	23.409313    	15.3037576278
29/08/2010   	17.957733    	27.576742    	22.756274    	14.9357352058
30/08/2010   	17.052769    	27.779583    	22.998373    	14.5939582388
31/08/2010   	17.162897    	24.372681    	20.222672    	14.8317046960
01/09/2010   	14.928136    	19.768394    	16.938337    	15.1556406418
02/09/2010   	13.492905    	16.765593    	14.864893    	15.4617480636
03/09/2010   	12.809633    	14.641709    	13.590720    	15.7642830213
04/09/2010   	10.642850    	13.125655    	11.825706    	16.0784852107
05/09/2010   	 8.944725    	11.759932    	10.753922    	16.0336456895
06/09/2010   	 6.016229    	11.618645    	 9.174358    	15.4639382164
07/09/2010   	 7.494290    	13.889640    	10.938318    	14.3373021086
08/09/2010   	10.085414    	16.116482    	12.847836    	15.0591146946
09/09/2010   	12.888405    	16.320791    	14.240904    	15.7287188570
10/09/2010   	13.943012    	16.429960    	15.259051    	15.9213601549
11/09/2010   	14.237948    	17.633364    	15.486993    	16.2588236928
12/09/2010   	14.376992    	18.003633    	16.084181    	16.5462408463
13/09/2010   	14.293394    	18.224901    	15.735500    	15.8282307188
14/09/2010   	17.867336    	21.139200    	19.323698    	16.7016712030
15/09/2010   	19.332710    	23.264204    	21.667310    	15.7599175771
16/09/2010   	22.123314    	24.266050    	23.100410    	14.6100023786
17/09/2010   	24.395380    	27.811285    	25.330314    	13.5289328893
18/09/2010   	24.544537    	26.930168    	25.830069    	12.8063442111
19/09/2010   	24.664522    	26.822237    	26.474165    	12.7311510046
20/09/2010   	19.670710    	26.667803    	22.566365    	14.0085896850
21/09/2010   	16.863789    	21.950256    	19.125492    	14.8779039582
22/09/2010   	13.393464    	17.364176    	15.671351    	14.7028388977
23/09/2010   	11.881982    	16.893248    	13.529261    	15.1335029205
24/09/2010   	10.890759    	15.924492    	12.510825    	15.1995777686
25/09/2010   	 9.827933    	15.607562    	12.037983    	13.6275207798
26/09/2010   	12.061625    	15.328476    	12.981290    	13.5666091243
27/09/2010   	10.929285    	13.459733    	11.965769    	14.1427033544
28/09/2010   	10.097639    	11.633012    	10.919162    	14.1644758781
29/09/2010   	 9.206665    	11.277441    	10.186679    	13.2214160164
30/09/2010   	 6.558346    	10.822942    	 8.320778    	12.5477178891
01/10/2010   	 8.978092    	13.469974    	11.617087    	13.2528776328
02/10/2010   	 9.905560    	16.960611    	13.749980    	13.6224829555
03/10/2010   	16.019653    	19.226372    	17.617651    	14.7553473910
04/10/2010   	15.849449    	19.471313    	17.278779    	15.1505647103
05/10/2010   	15.810703    	17.931978    	17.245961    	15.4916108052
06/10/2010   	16.191404    	19.834040    	18.164681    	15.8006450534
07/10/2010   	13.986850    	19.597622    	16.989419    	15.2871980866
08/10/2010   	13.043303    	16.450605    	13.988196    	15.2008564274
09/10/2010   	12.386326    	15.089844    	13.768677    	14.1384599805
10/10/2010   	12.170530    	14.934571    	13.214025    	12.9546728134
11/10/2010   	12.399513    	19.453854    	14.557570    	12.0016580820
12/10/2010   	14.173896    	20.769499    	16.530670    	11.8832801779
13/10/2010   	14.275660    	19.319723    	16.376574    	12.1541006168
14/10/2010   	12.956948    	22.999182    	16.917491    	12.2019344568
15/10/2010   	14.857439    	24.600714    	19.875232    	12.0599272847
16/10/2010   	15.902810    	25.045631    	22.142350    	11.1872587999
17/10/2010   	21.327446    	27.254585    	23.802429    	 9.2993834813
18/10/2010   	16.269291    	22.649672    	19.387650    	 9.3250208497
19/10/2010   	17.968792    	22.122847    	20.562249    	 9.9531764984
20/10/2010   	18.889765    	29.000177    	24.739614    	 9.1896140377
21/10/2010   	23.063560    	29.266148    	27.017446    	 8.5653299292
22/10/2010   	25.980898    	29.322262    	27.717881    	 9.0598529776
23/10/2010   	18.591751    	26.304592    	21.933853    	 9.2399506172
24/10/2010   	18.812790    	23.425278    	20.971738    	 8.7225759427
25/10/2010   	21.141380    	24.466578    	23.380623    	 7.8037508726
26/10/2010   	22.406574    	27.224594    	24.437106    	 7.5038733085
27/10/2010   	17.587534    	24.656139    	21.654111    	 8.5962535242
28/10/2010   	19.740658    	21.604231    	20.813402    	 9.6295508544
29/10/2010   	18.334505    	21.563618    	19.996377    	 9.6881411870
30/10/2010   	15.614080    	19.245991    	18.370591    	 9.7028921247
31/10/2010   	15.190141    	19.244591    	17.158504    	 9.6028089523
01/11/2010   	13.798206    	16.573185    	15.029582    	 9.5534796516
02/11/2010   	14.147538    	19.575523    	16.899005    	 9.9687477350
03/11/2010   	19.681789    	23.389355    	21.795850    	10.5788137317
04/11/2010   	21.213869    	24.952185    	23.920163    	11.3476566871
05/11/2010   	22.788677    	24.757757    	24.327141    	12.0079205235
06/11/2010   	20.843233    	25.278275    	23.232620    	11.2589571675
07/11/2010   	18.594299    	23.340897    	21.055403    	10.0319080551
08/11/2010   	 8.832595    	19.516199    	16.444174    	 8.5133668780
09/11/2010   	 9.712275    	14.173240    	12.252685    	 7.2134629488
10/11/2010   	12.862599    	24.135864    	17.455173    	 7.2066588004
11/11/2010   	15.259179    	21.750902    	17.833034    	 7.2193576694
12/11/2010   	22.443172    	26.418816    	24.337479    	 8.5121366382
13/11/2010   	24.457390    	25.839554    	24.939023    	 8.6004462639
14/11/2010   	21.487074    	25.102272    	23.111777    	 8.6526931922
15/11/2010   	21.577744    	24.808628    	23.554319    	 8.3314749599
16/11/2010   	18.000301    	24.819984    	21.274507    	 7.7514625589
17/11/2010   	12.498349    	18.815538    	15.882175    	 6.8853280544
18/11/2010   	10.285419    	14.537357    	12.169506    	 6.6192123890
19/11/2010   	12.433784    	14.696071    	13.854738    	 7.0464452207
20/11/2010   	12.711939    	15.004229    	13.968471    	 7.2172563076
21/11/2010   	10.356383    	14.623416    	12.289008    	 6.8795848986
22/11/2010   	10.468224    	17.103086    	12.401846    	 6.0485855142
23/11/2010   	13.152761    	26.904837    	21.523299    	 5.8317807317
24/11/2010   	16.758589    	25.103836    	21.141529    	 5.2337839802
25/11/2010   	12.857328    	18.277920    	15.654365    	 4.9734721084
26/11/2010   	12.857481    	17.567280    	14.493005    	 4.4625760416
27/11/2010   	11.439909    	13.841476    	12.747299    	 3.8994686951
28/11/2010   	 9.531950    	13.813225    	11.165146    	 2.8857006313
29/11/2010   	 8.415352    	13.643004    	11.169593    	 2.1709964002
30/11/2010   	 9.928741    	15.412185    	13.488761    	 1.0927317462
01/12/2010   	14.296614    	25.272692    	16.341454    	-0.5480571837
02/12/2010   	16.078270    	20.745369    	18.742512    	-0.9889617848
03/12/2010   	18.320242    	22.043568    	20.171349    	-0.5459252201
04/12/2010   	17.756207    	22.890593    	20.418783    	 0.3992310748
05/12/2010   	19.946661    	23.250397    	21.886783    	 1.8508479819
06/12/2010   	19.773411    	22.337267    	20.508728    	 1.6782555779
07/12/2010   	18.819788    	20.751064    	19.560653    	 0.8377334451
08/12/2010   	18.627583    	22.146219    	19.656968    	 0.6491505982
09/12/2010   	20.105015    	28.205681    	24.715094    	 1.2230982920
10/12/2010   	22.447689    	27.813465    	25.306981    	 2.0981918797
11/12/2010   	26.564444    	29.949179    	28.979990    	 3.8953633358
12/12/2010   	23.925634    	30.085434    	27.338877    	 3.4775048022
13/12/2010   	23.134418    	27.040340    	23.996464    	 1.9677429646
14/12/2010   	18.171440    	23.836447    	20.805021    	 1.6495797361
15/12/2010   	18.852669    	29.942375    	25.533522    	 1.8205738800
16/12/2010   	20.518410    	30.195667    	25.811007    	 2.5534117669
17/12/2010   	19.578428    	29.654953    	25.498800    	 2.2382086888
18/12/2010   	14.145999    	26.181065    	18.419138    	 1.0462240092
19/12/2010   	14.190732    	18.411884    	16.368846    	 0.2208779908
20/12/2010   	13.455116    	17.798800    	16.063823    	-0.5818899925
21/12/2010   	15.835779    	18.415739    	17.418715    	-0.7047292519
22/12/2010   	14.698026    	18.519485    	15.764722    	-0.8305734843
23/12/2010   	15.583023    	29.650988    	23.132688    	-0.3595701510
24/12/2010   	18.364641    	30.449707    	28.858406    	-0.0925600381
25/12/2010   	23.388733    	30.285931    	28.292103    	-0.4829411755
26/12/2010   	25.734432    	28.514252    	26.953568    	-0.1493970725
27/12/2010   	22.820377    	28.686956    	25.109204    	 0.4780338234
28/12/2010   	16.421185    	28.868647    	21.757089    	-0.0126570839
29/12/2010   	14.685666    	22.908714    	16.510556    	-0.4140132853
30/12/2010   	14.650722    	16.779661    	15.944961    	-0.2917951233
31/12/2010   	15.553666    	16.827677    	16.125704    	 0.3901775657
01/01/2011   	15.646038    	22.439379    	17.537010    	 1.1956036563
02/01/2011   	14.654455    	20.255041    	16.591584    	 0.9358857175
03/01/2011   	14.305799    	17.602543    	15.213169    	 0.9365615336
04/01/2011   	14.183885    	23.776581    	19.483776    	 1.1587155064
05/01/2011   	17.869329    	21.600739    	19.922916    	 0.6798254082
06/01/2011   	17.161842    	19.936167    	18.994982    	 0.6843123889
07/01/2011   	14.739178    	18.564590    	16.561587    	 1.0540269588
08/01/2011   	16.030907    	20.589161    	18.403497    	 2.4905802558
09/01/2011   	19.665871    	21.076740    	20.358170    	 2.1839343607
10/01/2011   	19.023323    	21.924122    	20.214363    	 1.8920190558
11/01/2011   	11.800743    	22.150393    	18.008036    	 1.4071527397
12/01/2011   	16.512585    	20.524057    	19.132029    	 2.0069651157
13/01/2011   	16.164434    	20.048162    	18.425575    	 2.7262761096
14/01/2011   	17.829008    	20.985554    	20.413113    	 3.8600021104
15/01/2011   	20.661119    	22.071085    	21.346618    	 4.0187731832
16/01/2011   	17.821342    	23.115669    	21.578277    	 4.2880100310
17/01/2011   	15.609521    	22.180397    	18.405598    	 4.6802795033
18/01/2011   	13.552695    	17.506779    	15.474017    	 4.0705633163
19/01/2011   	11.618072    	16.075661    	12.891142    	 3.7025732895
20/01/2011   	10.731430    	17.736332    	13.436005    	 3.4245484074
21/01/2011   	 9.615364    	15.005152    	12.107017    	 3.2119648109
22/01/2011   	 8.870214    	19.079477    	12.649923    	 3.4876689712
23/01/2011   	10.078362    	21.553120    	14.922441    	 3.9088028272
24/01/2011   	11.730483    	22.399527    	17.995709    	 4.2781053782
25/01/2011   	16.769819    	25.625946    	20.822794    	 4.2644320975
26/01/2011   	11.884521    	23.364206    	16.974519    	 3.4872137854
27/01/2011   	 9.574188    	13.211300    	10.624739    	 1.8361199349
28/01/2011   	 8.089149    	10.825103    	 9.167195    	 0.2928041701
29/01/2011   	 6.661246    	10.188166    	 8.583764    	-0.0266482876
30/01/2011   	 7.219162    	10.997185    	 9.124925    	 0.3137037690
31/01/2011   	 7.975264    	11.050843    	 8.975251    	 0.7514600934
01/02/2011   	 8.145437    	12.076345    	 9.465727    	 0.6441640436
02/02/2011   	 8.508186    	14.777143    	10.921409    	 1.1183560907
03/02/2011   	14.009662    	16.679508    	15.359224    	 2.6819717710
04/02/2011   	15.795254    	22.511871    	18.514691    	 3.5807762494
05/02/2011   	18.977468    	26.189569    	24.064480    	 4.6488812218
06/02/2011   	23.936596    	28.575209    	26.412673    	 5.2864002486
07/02/2011   	28.125605    	29.158751    	28.528410    	 5.3453346491
08/02/2011   	24.698347    	28.852221    	27.386890    	 4.9538312852
09/02/2011   	19.565952    	27.952690    	22.147731    	 4.5269102156
10/02/2011   	16.898500    	25.150673    	19.685644    	 4.6401905020
11/02/2011   	15.396791    	25.586311    	18.910381    	 5.1281322837
12/02/2011   	 7.486876    	19.694677    	14.416257    	 4.2599757065
13/02/2011   	11.697597    	19.281775    	17.102566    	 4.6436930597
14/02/2011   	13.211062    	19.312992    	16.915667    	 4.8433621029
15/02/2011   	15.814226    	19.293840    	17.256486    	 4.8266997635
16/02/2011   	16.208889    	19.255430    	17.638573    	 4.8782993456
17/02/2011   	15.316320    	18.778151    	16.863485    	 4.3801672558
18/02/2011   	12.992901    	16.098560    	14.496470    	 3.3828879495
19/02/2011   	 8.031393    	15.838031    	12.630636    	 2.7816500117
20/02/2011   	 7.912286    	14.716863    	12.083169    	 1.8366563196
21/02/2011   	 9.766667    	16.629316    	14.068654    	 0.4489965438
22/02/2011   	13.109397    	15.406286    	13.845134    	 0.0008257716
23/02/2011   	13.756191    	15.773656    	14.785111    	 0.3411629327
24/02/2011   	14.487962    	17.462721    	16.157999    	 1.4648763556
25/02/2011   	14.751029    	18.068365    	16.521873    	 2.4877999996
26/02/2011   	16.734472    	20.696285    	18.212135    	 3.6794561793
27/02/2011   	18.998785    	21.470041    	19.688836    	 3.6367444297
28/02/2011   	14.779178    	19.879160    	17.157012    	 3.1778114637
01/03/2011   	12.299154    	16.025162    	15.101771    	 2.9008714904
02/03/2011   	12.917092    	16.103367    	15.009169    	 2.3804374039
03/03/2011   	13.181904    	15.695419    	14.493093    	 1.6667261173
04/03/2011   	13.216293    	17.954067    	15.281423    	 1.5536501271
05/03/2011   	15.411265    	19.124235    	16.736356    	 2.6788564324
06/03/2011   	15.401723    	23.846947    	20.236945    	 2.5933497176
07/03/2011   	19.186905    	22.746790    	21.194281    	 1.9587564543
08/03/2011   	16.926332    	20.289799    	18.322318    	 2.1034338263
09/03/2011   	19.814083    	23.354097    	21.021060    	 3.0737624665
10/03/2011   	21.519392    	23.310659    	22.002270    	 4.0902213901
11/03/2011   	21.580845    	22.128590    	21.853818    	 4.3170387844
12/03/2011   	19.426594    	22.035204    	21.056585    	 4.2124545773
13/03/2011   	15.663566    	20.651697    	17.247064    	 4.8123604755
14/03/2011   	14.722070    	16.449476    	15.221743    	 5.1590970953
15/03/2011   	11.445312    	16.484928    	14.362401    	 5.5943374733
16/03/2011   	10.796762    	17.317139    	14.834409    	 5.5954381824
17/03/2011   	12.302091    	16.760271    	14.126763    	 5.4552127520
18/03/2011   	13.687218    	17.026707    	15.733931    	 5.7173771759
19/03/2011   	15.917943    	17.967754    	16.482801    	 5.5503609776
20/03/2011   	16.237541    	19.754389    	16.942257    	 5.7500417034
21/03/2011   	16.964769    	21.510996    	17.798259    	 5.8120026588
22/03/2011   	17.430344    	21.135796    	18.148704    	 6.3739513954
23/03/2011   	17.148266    	19.823742    	18.108125    	 6.8947723607
24/03/2011   	18.026636    	20.742456    	19.412851    	 7.1381836335
25/03/2011   	19.277342    	21.738539    	20.450693    	 7.3388661146
26/03/2011   	19.852121    	23.390734    	21.211080    	 7.0088125070
27/03/2011   	20.260502    	24.303047    	22.537461    	 6.1146351298
28/03/2011   	20.850849    	25.011093    	22.415200    	 6.4435004393
29/03/2011   	20.436213    	23.363295    	21.658068    	 7.0067419807
30/03/2011   	20.715570    	23.097919    	21.251917    	 7.4649659097
31/03/2011   	20.726391    	24.201462    	22.019823    	 7.8854045272
01/04/2011   	22.346399    	24.740459    	24.002356    	 7.9666361213
02/04/2011   	21.267632    	24.084097    	22.375584    	 9.2360484898
03/04/2011   	21.627975    	23.331635    	22.623748    	 9.5458881855
04/04/2011   	22.278669    	24.972889    	23.385277    	 9.3543797135
05/04/2011   	23.014565    	25.977119    	24.831537    	 9.3612013261
06/04/2011   	25.366440    	25.991756    	25.698214    	 9.6665583452
07/04/2011   	25.564335    	26.074034    	25.831064    	 9.8928499222
08/04/2011   	25.229313    	26.649836    	25.676288    	 9.5074628989
09/04/2011   	24.891924    	25.910814    	25.297056    	 9.3795253436
10/04/2011   	24.665739    	25.590017    	25.198243    	 9.4870682756
11/04/2011   	24.195917    	25.407619    	24.582401    	10.5211597681
12/04/2011   	24.720922    	29.220201    	26.822829    	10.0264087319
13/04/2011   	25.256411    	29.919674    	27.901663    	 9.3809892635
14/04/2011   	23.358734    	27.180403    	25.175740    	 9.4748507738
15/04/2011   	23.351601    	24.627836    	23.678932    	10.2419425050
16/04/2011   	23.447098    	25.880672    	23.854713    	10.4980407755
17/04/2011   	23.589430    	25.312603    	24.072566    	11.1206729412
18/04/2011   	24.075768    	26.285976    	24.934004    	11.4920715690
19/04/2011   	24.580200    	26.407629    	25.409111    	11.6828422149
20/04/2011   	25.151758    	26.790665    	25.761218    	12.5512180328
21/04/2011   	25.527485    	27.377371    	26.337245    	12.8852954507
22/04/2011   	25.804281    	27.330288    	26.389334    	13.5006185571
23/04/2011   	25.918171    	27.399305    	26.577595    	13.8662251631
24/04/2011   	25.836544    	28.085598    	26.679864    	14.3786273996
25/04/2011   	25.709063    	28.071468    	26.703370    	14.7481910984
26/04/2011   	25.944986    	29.872816    	27.762381    	14.1034337282
27/04/2011   	29.521690    	31.198874    	30.616117    	11.3274316589
28/04/2011   	29.209341    	30.989161    	30.409593    	12.2646867633
29/04/2011   	28.746008    	30.809557    	29.561611    	12.8531492750
30/04/2011   	28.225403    	30.121035    	29.156523    	12.0512807369
01/05/2011   	28.693628    	30.671877    	29.551657    	11.2842684189
02/05/2011   	29.632830    	31.299582    	30.455398    	10.6189844608
03/05/2011   	30.223322    	31.430983    	31.000223    	 9.4613911510
04/05/2011   	31.390408    	31.733004    	31.588570    	10.1734564900
05/05/2011   	31.566446    	31.863234    	31.754015    	10.9522900780
06/05/2011   	31.115679    	31.855732    	31.498101    	11.4710541964
07/05/2011   	30.577286    	31.670389    	31.004167    	12.6194411715
08/05/2011   	29.945164    	30.538706    	30.299413    	13.1696647406
09/05/2011   	30.002707    	30.728214    	30.303576    	13.8335327307
10/05/2011   	29.590561    	30.419790    	30.037554    	14.1275432706
11/05/2011   	29.542683    	30.468966    	29.910309    	14.7653073271
12/05/2011   	29.557425    	30.430841    	29.785934    	14.8348647753
13/05/2011   	29.590000    	31.466614    	29.971487    	14.2471670906
14/05/2011   	29.598116    	32.117626    	30.216955    	14.0600675941
15/05/2011   	29.679026    	32.307430    	30.869504    	13.6450945934
16/05/2011   	29.669441    	32.347866    	31.795256    	13.6647689541
17/05/2011   	31.572853    	32.430946    	32.280741    	13.7203510801
18/05/2011   	31.418703    	32.497955    	32.220476    	13.9540368120
19/05/2011   	31.170975    	32.480007    	32.080671    	14.6768419544
20/05/2011   	30.667408    	32.346466    	31.093381    	14.8163824081
21/05/2011   	30.489433    	31.824087    	30.766658    	15.6318066518
22/05/2011   	30.399603    	32.520500    	31.192453    	15.8940443198
23/05/2011   	31.595837    	32.512730    	32.245189    	15.4623771111
24/05/2011   	31.687605    	32.465397    	32.090730    	14.4303432306
25/05/2011   	31.660316    	32.116344    	31.944632    	14.5421700676
26/05/2011   	30.744328    	32.172745    	31.635237    	14.7381303509
27/05/2011   	30.667633    	30.957523    	30.739942    	14.8119583130
28/05/2011   	30.747540    	30.880981    	30.812994    	13.9682085315
29/05/2011   	30.505617    	30.864992    	30.616611    	14.5881229043
30/05/2011   	30.455177    	30.544226    	30.524521    	15.5097364585
31/05/2011   	30.439323    	30.589582    	30.505914    	16.1983975172
01/06/2011   	30.531403    	30.676184    	30.610435    	15.5240813295
02/06/2011   	30.613943    	30.755114    	30.677360    	16.4807661970
03/06/2011   	30.728533    	31.585312    	31.084756    	16.4463112752
04/06/2011   	31.468819    	31.637371    	31.553347    	16.4876708388
05/06/2011   	31.470579    	31.688395    	31.576084    	15.9798920949
06/06/2011   	31.459997    	31.633558    	31.533347    	16.1748616099
07/06/2011   	29.038378    	31.598902    	30.447159    	16.9791213870
08/06/2011   	26.758430    	29.976646    	28.155618    	17.1239089171
09/06/2011   	26.745752    	31.412525    	29.241386    	16.3635147611
10/06/2011   	25.269651    	31.178770    	27.904823    	16.4817726413
11/06/2011   	25.747772    	30.673948    	27.377882    	15.9807842970
12/06/2011   	25.610535    	30.183414    	27.495451    	15.8908942342
13/06/2011   	25.564993    	31.033455    	28.696743    	16.0659814278
14/06/2011   	25.266499    	30.430737    	26.910344    	17.3462887605
15/06/2011   	24.617279    	26.996914    	25.378604    	17.9732466141
16/06/2011   	24.183075    	28.527426    	25.703745    	17.8149475257
17/06/2011   	25.181808    	29.085135    	27.060131    	16.8392081459
18/06/2011   	26.352873    	30.773649    	29.195672    	16.6867391666
19/06/2011   	30.411894    	31.108505    	30.704153    	15.8639419874
20/06/2011   	29.044525    	31.190340    	30.443806    	15.9208975633
21/06/2011   	28.131409    	30.668770    	29.541247    	16.5963307023
22/06/2011   	30.199654    	30.733097    	30.585656    	16.4631814162
23/06/2011   	30.025620    	30.438307    	30.188313    	16.4463050365
24/06/2011   	30.000416    	30.223932    	30.110853    	16.1876394153
25/06/2011   	28.867258    	30.200748    	29.872875    	15.8786134720
26/06/2011   	28.176023    	30.126585    	29.515538    	17.8734679222
27/06/2011   	24.835852    	28.997200    	27.139400    	19.2136803468
28/06/2011   	22.292290    	25.384743    	24.197342    	20.1229550838
29/06/2011   	21.892334    	25.139820    	23.081400    	19.9660309951
30/06/2011   	20.199232    	24.846802    	22.121194    	18.4057203134
01/07/2011   	19.286781    	25.175682    	21.819051    	17.4640329679
02/07/2011   	20.544991    	30.030348    	27.117515    	15.5847739577
03/07/2011   	29.511984    	30.858704    	30.506917    	14.8748696049
04/07/2011   	28.073296    	30.875143    	29.649482    	15.7882670959
05/07/2011   	25.287222    	29.005358    	27.377054    	16.8139157494
06/07/2011   	25.225313    	28.577463    	27.131311    	17.4457630714
07/07/2011   	23.039988    	28.416363    	25.518772    	17.0119710366
08/07/2011   	23.230646    	27.297573    	25.053512    	17.4662214915
09/07/2011   	24.029581    	27.512699    	25.962449    	17.7177474101
10/07/2011   	24.909578    	28.079742    	26.816304    	18.0393757025
11/07/2011   	22.225948    	25.920769    	23.895560    	19.2120014032
12/07/2011   	21.606989    	28.023518    	23.577120    	19.0681606929
13/07/2011   	24.568052    	30.750797    	29.668099    	16.9215164979
14/07/2011   	26.153408    	30.679045    	29.882628    	17.0360445182
15/07/2011   	28.544714    	30.865791    	30.582950    	17.2196079493
16/07/2011   	23.987127    	30.257465    	27.916407    	17.4717212915
17/07/2011   	24.661236    	29.478668    	27.282082    	17.4276955525
18/07/2011   	23.400892    	25.625544    	24.623529    	17.0016156832
19/07/2011   	22.522337    	24.753323    	23.971428    	16.7172747056
20/07/2011   	20.260630    	24.397139    	21.790590    	17.2005137205
21/07/2011   	19.230263    	21.913446    	20.306905    	17.7012066841
22/07/2011   	19.466526    	25.474707    	23.343867    	16.2085660895
23/07/2011   	25.219503    	29.597286    	27.849689    	15.4868775407
24/07/2011   	26.918947    	29.932196    	28.468187    	15.2831752499
25/07/2011   	28.090164    	30.282085    	29.558604    	15.3436096509
26/07/2011   	24.081356    	30.151455    	27.284653    	15.7717658281
27/07/2011   	19.707212    	25.505644    	22.690744    	16.9123292565
28/07/2011   	16.331820    	21.140381    	18.805006    	17.6157549222
29/07/2011   	15.728063    	21.777008    	16.717352    	17.0437337557
30/07/2011   	15.903755    	22.317850    	18.843840    	16.2032641172
31/07/2011   	16.985933    	24.491056    	20.593235    	15.6862082879
01/08/2011   	16.688183    	22.327785    	19.487656    	16.5397062103
02/08/2011   	16.479277    	19.965689    	17.981563    	17.4137985706
03/08/2011   	16.969837    	20.175579    	18.150947    	18.3775581916
04/08/2011   	17.148264    	20.961895    	18.019703    	18.8270121018
05/08/2011   	17.214516    	21.026724    	18.696711    	19.2083962361
06/08/2011   	15.226752    	20.035908    	16.725186    	19.0254107714
07/08/2011   	16.538630    	24.723274    	20.418177    	18.9397782485
08/08/2011   	22.852699    	24.732050    	24.119471    	18.1156723897
09/08/2011   	24.773180    	29.391443    	27.313359    	16.5269703070
10/08/2011   	28.843658    	30.481363    	29.543024    	15.4201363325
11/08/2011   	25.456045    	29.419752    	26.685486    	16.3986300230
12/08/2011   	21.218929    	25.982542    	24.194433    	17.6847497622
13/08/2011   	17.989906    	22.558426    	20.125407    	18.0493009488
14/08/2011   	15.637869    	21.048887    	17.292821    	17.9798764785
15/08/2011   	15.230153    	20.945786    	16.607969    	17.8793573380
16/08/2011   	15.663096    	20.593143    	17.455521    	17.6568191051
17/08/2011   	14.309008    	20.880114    	17.294146    	17.5732796192
18/08/2011   	12.754683    	18.444763    	14.279141    	17.5425462325
19/08/2011   	13.261190    	19.946173    	16.537616    	17.0722404718
20/08/2011   	14.174371    	19.844347    	15.925743    	16.5572376847
21/08/2011   	13.605200    	15.737704    	14.297008    	17.9946672916
22/08/2011   	13.869226    	15.776583    	14.803657    	18.5063858827
23/08/2011   	13.257742    	15.833273    	14.042516    	18.6710586150
24/08/2011   	13.051279    	16.558578    	14.655216    	19.2162704468
25/08/2011   	13.972195    	17.206549    	16.184545    	18.8665380081
26/08/2011   	14.118400    	17.721441    	16.295555    	18.9231283665
27/08/2011   	16.749443    	19.031019    	17.433647    	18.0497577588
28/08/2011   	16.858919    	21.159565    	19.361655    	16.8971705238
29/08/2011   	19.736588    	29.020950    	22.036163    	15.7680197557
30/08/2011   	22.010916    	27.366016    	24.762865    	14.3307326436
31/08/2011   	18.137949    	25.386593    	21.156329    	14.7001142502
01/09/2011   	15.519877    	22.284044    	18.245844    	14.6705199679
02/09/2011   	14.001163    	17.866205    	15.569142    	15.1116117438
03/09/2011   	13.554493    	17.524311    	14.548879    	16.3564750552
04/09/2011   	13.586193    	17.193428    	14.854816    	17.1306583881
05/09/2011   	16.137730    	23.282585    	19.295243    	16.7851101756
06/09/2011   	22.246344    	24.697290    	23.585069    	16.3321658969
07/09/2011   	23.315111    	28.240509    	26.675055    	16.2974048058
08/09/2011   	27.488998    	30.211077    	28.954204    	15.7209222913
09/09/2011   	24.857941    	30.213606    	27.713680    	16.1717033386
10/09/2011   	20.575905    	28.360016    	24.058518    	16.9899872939
11/09/2011   	19.976154    	27.664913    	25.204568    	17.2579102119
12/09/2011   	22.897289    	26.742924    	24.629654    	16.7004231612
13/09/2011   	24.572962    	26.148142    	25.492761    	15.9339435299
14/09/2011   	25.702379    	28.593321    	27.081661    	15.0425949693
15/09/2011   	25.231445    	29.025946    	27.596273    	14.1616733670
16/09/2011   	20.932486    	27.713455    	24.740873    	13.6875092983
17/09/2011   	17.268137    	25.806425    	22.548987    	14.3281998833
18/09/2011   	19.434301    	25.461735    	21.806154    	14.1636717518
19/09/2011   	20.074537    	24.435194    	22.202540    	13.7586851915
20/09/2011   	22.439352    	24.245522    	23.876555    	14.8313136697
21/09/2011   	21.493380    	23.113632    	22.042594    	15.3053371509
22/09/2011   	22.890461    	24.857393    	23.901342    	14.7598072886
23/09/2011   	24.054337    	24.884781    	24.568797    	14.0065720280
24/09/2011   	20.765059    	24.846666    	23.216679    	14.2862109145
25/09/2011   	17.798260    	23.005688    	20.160245    	14.9893861810
26/09/2011   	16.736296    	21.933922    	19.114203    	15.9060722192
27/09/2011   	15.215049    	22.085833    	16.933837    	15.7175924977
28/09/2011   	14.349272    	18.643185    	15.518675    	15.8914349874
29/09/2011   	14.248242    	17.359724    	14.984249    	16.2280258735
30/09/2011   	14.210629    	16.511051    	14.870224    	16.4374872247
01/10/2011   	14.207972    	16.705908    	14.886760    	16.6365078688
02/10/2011   	14.267432    	15.656585    	14.826232    	16.8614035050
03/10/2011   	14.583433    	17.690125    	15.526965    	17.0050412814
04/10/2011   	14.733905    	18.637901    	16.566936    	16.8905340830
05/10/2011   	16.605808    	23.912088    	19.967724    	16.3307372133
06/10/2011   	22.754444    	24.358572    	23.511426    	15.9458703200
07/10/2011   	23.963266    	26.732872    	25.239023    	13.8915870587
08/10/2011   	23.450226    	26.053789    	24.813292    	11.5854657888
09/10/2011   	21.866838    	25.123793    	23.736163    	11.0789020260
10/10/2011   	22.887791    	26.864473    	25.710398    	13.1703929504
11/10/2011   	24.605459    	26.774933    	25.229810    	13.9085601171
12/10/2011   	21.975822    	29.003254    	25.006616    	13.2868361473
13/10/2011   	19.308378    	23.896824    	21.872810    	12.3912042578
14/10/2011   	14.841982    	19.132864    	17.666976    	11.7460654577
15/10/2011   	10.453208    	15.655442    	13.167095    	10.4975462159
16/10/2011   	10.759458    	13.902511    	11.894280    	10.4933409691
17/10/2011   	12.388244    	19.998608    	14.961056    	11.2244494160
18/10/2011   	20.119789    	22.650253    	21.093282    	11.6560639938
19/10/2011   	22.236799    	24.771292    	22.928006    	10.3730137944
20/10/2011   	22.499685    	24.785816    	23.109502    	 8.5936773618
21/10/2011   	22.401945    	26.459568    	24.435853    	 8.4152986407
22/10/2011   	21.461603    	25.319330    	22.394875    	 9.1980677048
23/10/2011   	12.536644    	21.683752    	18.857685    	 8.7411468029
24/10/2011   	 7.233459    	18.736883    	14.933015    	 8.3551129401
25/10/2011   	11.774811    	21.744488    	16.419228    	 8.8712764978
26/10/2011   	13.973862    	22.986523    	18.894369    	 9.3466886679
27/10/2011   	21.896446    	23.896612    	22.722186    	 9.7797623277
28/10/2011   	21.916210    	23.245079    	22.359838    	10.1349402865
29/10/2011   	22.132696    	22.903095    	22.565478    	10.5109699965
30/10/2011   	22.241356    	23.022003    	22.755170    	11.3685872356
31/10/2011   	22.516649    	23.805540    	23.151550    	11.8749133746
01/11/2011   	20.259165    	23.951931    	21.770707    	11.4269831578
02/11/2011   	20.491869    	24.035881    	21.502486    	11.1893109878
03/11/2011   	18.015842    	22.563509    	19.654810    	11.2769412597
04/11/2011   	19.756060    	24.397652    	22.789436    	11.8837395310
05/11/2011   	23.002899    	24.541843    	23.724298    	11.8507530292
06/11/2011   	20.307470    	24.003206    	22.486928    	11.6274584532
07/11/2011   	17.473490    	22.921406    	19.994496    	11.2703346809
08/11/2011   	17.767147    	20.015451    	18.607720    	10.2445492148
09/11/2011   	17.770487    	19.172827    	18.242592    	 9.7546464801
10/11/2011   	18.308716    	20.039595    	19.024011    	 9.4401738048
11/11/2011   	18.218815    	21.254732    	18.918892    	 8.4997979204
12/11/2011   	18.178915    	21.161627    	19.409807    	 7.0474263926
13/11/2011   	19.001770    	20.701496    	19.980308    	 7.7468250593
14/11/2011   	18.611683    	20.557938    	19.413876    	 6.1795339584
15/11/2011   	18.381374    	19.875813    	18.789740    	 5.8181926409
16/11/2011   	17.885174    	20.251635    	18.639110    	 4.6945831825
17/11/2011   	18.938032    	20.618376    	19.603019    	 5.1653433641
18/11/2011   	19.594591    	21.547167    	20.848821    	 5.9673583806
19/11/2011   	21.658649    	24.176752    	22.942487    	 6.5276811918
20/11/2011   	22.248264    	24.288744    	23.587081    	 6.5809041063
21/11/2011   	23.113649    	24.109127    	23.610633    	 6.2393918037
22/11/2011   	22.168505    	24.254425    	23.384910    	 6.2898570200
23/11/2011   	22.058264    	24.963976    	23.166429    	 6.8429500560
24/11/2011   	22.357912    	25.822002    	24.374911    	 7.5722189844
25/11/2011   	24.458351    	26.797665    	25.382123    	 7.6311246057
26/11/2011   	24.920578    	27.625080    	26.018655    	 7.9459907909
27/11/2011   	26.069195    	27.585777    	26.668077    	 8.6505344907
28/11/2011   	27.132486    	27.615635    	27.313848    	 7.9524122079
29/11/2011   	26.014301    	27.477093    	26.823048    	 7.7099153300
30/11/2011   	25.680965    	26.454790    	26.227194    	 7.5468384127
01/12/2011   	24.292683    	25.881687    	25.094799    	 8.0560184419
02/12/2011   	23.935743    	25.115915    	24.754542    	 7.6871591906
03/12/2011   	24.746229    	26.146006    	25.297809    	 7.8858625690
04/12/2011   	26.071064    	27.962934    	26.934784    	 7.8444114427
05/12/2011   	27.227695    	28.679203    	27.977487    	 6.9883913298
06/12/2011   	26.356649    	28.626093    	27.284795    	 6.1959505280
07/12/2011   	25.601460    	28.138855    	26.755609    	 6.1969758073
08/12/2011   	25.148529    	27.095484    	26.116192    	 6.5236763358
09/12/2011   	25.428631    	26.564207    	25.845001    	 6.1412490408
10/12/2011   	25.849596    	26.566530    	26.232219    	 5.4513860544
11/12/2011   	26.010199    	26.902054    	26.320331    	 5.2978821198
12/12/2011   	25.424135    	26.860073    	26.302872    	 5.4687935511
13/12/2011   	24.413275    	27.116297    	25.657249    	 5.8952622612
14/12/2011   	26.299265    	28.060379    	27.235787    	 6.1233453651
15/12/2011   	22.149042    	27.041056    	25.616710    	 5.5957399011
16/12/2011   	18.031137    	25.373537    	21.986014    	 5.1990977128
17/12/2011   	19.153463    	27.519337    	24.186982    	 4.8219335179
18/12/2011   	23.126432    	27.789137    	26.402037    	 4.2468346705
19/12/2011   	22.128897    	27.504694    	25.542856    	 3.7876209021
20/12/2011   	26.931826    	27.923523    	27.487769    	 4.4657602708
21/12/2011   	23.216770    	27.700794    	25.583809    	 4.6787617902
22/12/2011   	20.406803    	25.863420    	23.032936    	 5.5441583693
23/12/2011   	17.530405    	25.997171    	21.592730    	 6.0151762664
24/12/2011   	22.736797    	27.521666    	25.222542    	 5.9463917712
25/12/2011   	21.982840    	26.647608    	24.221452    	 6.2984113097
26/12/2011   	19.391460    	23.570265    	20.956203    	 6.9103472133
27/12/2011   	17.816017    	19.570797    	18.717381    	 6.8532243073
28/12/2011   	15.365974    	18.454985    	16.647222    	 6.4138496220
29/12/2011   	17.018396    	23.339386    	18.740634    	 5.8189877172
30/12/2011   	19.988285    	24.551659    	22.037775    	 5.2170454065
