date	smin	smax	smean	tmean
01/01/2009  	18.5964279  	24.43477    	20.918506   	 1.667867713
02/01/2009  	12.0533342  	23.55962    	18.575449   	 1.628081713
03/01/2009  	10.2690639  	24.90410    	17.025271   	 1.342959212
04/01/2009  	12.4479895  	24.91362    	17.448012   	 1.744528301
05/01/2009  	11.4245176  	22.45033    	17.322228   	 1.312015440
06/01/2009  	11.7702999  	21.78128    	16.846417   	 0.222811489
07/01/2009  	15.3475685  	24.38856    	19.935204   	 1.014999789
08/01/2009  	14.7665148  	22.44241    	19.064833   	 0.534774987
09/01/2009  	12.6759529  	24.51648    	19.498873   	 0.516571593
10/01/2009  	12.5238323  	24.32631    	19.709120   	 0.229865425
11/01/2009  	16.3175621  	27.44154    	23.361398   	 0.914577961
12/01/2009  	23.2216778  	31.08922    	27.724788   	 2.272259308
13/01/2009  	21.1776085  	31.15788    	28.474239   	 3.001644574
14/01/2009  	19.7426872  	29.73925    	25.024056   	 2.686965413
15/01/2009  	10.1927862  	27.60136    	20.798890   	 2.061921395
16/01/2009  	 5.9100819  	27.84732    	18.370468   	 1.962881985
17/01/2009  	12.0038824  	28.04498    	22.341631   	 2.324115550
18/01/2009  	16.8755646  	30.37924    	26.142168   	 3.013946672
19/01/2009  	20.5788078  	30.50177    	28.003346   	 2.924179122
20/01/2009  	29.0864716  	30.15874    	29.751195   	 2.842786719
21/01/2009  	21.2272167  	29.94176    	27.969179   	 2.555431480
22/01/2009  	17.0216808  	29.64581    	27.050453   	 2.303245495
23/01/2009  	16.7512512  	29.14385    	26.872839   	 2.623656005
24/01/2009  	27.2370110  	28.74860    	28.489062   	 2.928248147
25/01/2009  	11.6044655  	28.67992    	25.695694   	 2.690237145
26/01/2009  	 9.4814482  	28.23420    	20.383453   	 2.372081717
27/01/2009  	14.4657240  	26.66302    	21.282745   	 2.004659332
28/01/2009  	11.2678862  	26.63535    	20.414222   	 1.702969499
29/01/2009  	11.2882605  	25.08311    	19.053075   	 1.506680233
30/01/2009  	 9.6013565  	23.04118    	17.071299   	 1.070786272
31/01/2009  	 7.1069303  	24.10505    	17.239047   	 0.495981878
01/02/2009  	14.8154202  	25.75638    	22.380973   	-0.007659580
02/02/2009  	18.9265976  	24.58571    	23.645134   	-0.034268094
03/02/2009  	21.2920685  	25.71506    	23.601463   	 0.605265682
04/02/2009  	21.9516315  	26.20748    	23.847914   	 0.871144397
05/02/2009  	15.3479385  	25.80138    	22.704850   	 1.038095788
06/02/2009  	16.0832481  	26.62292    	22.713563   	 1.460094072
07/02/2009  	15.8897152  	26.05854    	21.969766   	 1.597655532
08/02/2009  	13.9454489  	26.77539    	21.461350   	 1.522366193
09/02/2009  	13.1393042  	26.78276    	21.091033   	 1.538535441
10/02/2009  	14.2452412  	26.19295    	20.181110   	 1.656630730
11/02/2009  	16.3711605  	24.60184    	22.116295   	 1.890293178
12/02/2009  	13.1677332  	24.16535    	21.151989   	 2.017265777
13/02/2009  	10.8931293  	23.46593    	19.110738   	 2.109736989
14/02/2009  	 9.0517683  	23.86270    	15.875599   	 1.754140283
15/02/2009  	 9.0993919  	23.78259    	16.924940   	 1.896184127
16/02/2009  	 9.0932341  	23.50731    	16.191754   	 2.542770689
17/02/2009  	 7.0141907  	23.11461    	14.726203   	 3.097041890
18/02/2009  	 7.6845679  	21.73529    	13.955368   	 2.568170413
19/02/2009  	 8.0940580  	22.02683    	15.464803   	 2.472295063
20/02/2009  	 8.3215103  	22.10695    	16.217991   	 3.088714778
21/02/2009  	 8.1135683  	22.03276    	15.272699   	 3.199069286
22/02/2009  	 8.5315914  	23.89676    	16.666159   	 3.501121928
23/02/2009  	10.0313978  	20.82940    	16.719543   	 4.060236871
24/02/2009  	 6.4098983  	22.06717    	14.505729   	 3.933707342
25/02/2009  	 6.8296947  	22.98460    	15.029733   	 3.994146720
26/02/2009  	 9.8954124  	24.08791    	17.740371   	 4.235091229
27/02/2009  	 7.8976307  	22.87421    	16.330079   	 4.848308692
28/02/2009  	 7.6148992  	22.70507    	14.775813   	 5.133857509
01/03/2009  	 9.3373394  	22.70855    	15.006241   	 4.800121288
02/03/2009  	10.9198933  	21.28986    	16.257317   	 4.930012385
03/03/2009  	 9.0372105  	22.34431    	16.217535   	 4.941640655
04/03/2009  	 2.3733454  	25.16131    	15.904054   	 4.678182950
05/03/2009  	10.8417950  	25.39553    	19.424881   	 4.700384984
06/03/2009  	14.9097948  	23.07213    	20.870191   	 4.636104216
07/03/2009  	12.8589191  	22.80616    	18.645135   	 4.454044148
08/03/2009  	11.3926725  	26.00013    	22.319835   	 4.916820675
09/03/2009  	17.2188091  	27.34073    	24.505534   	 4.751046330
10/03/2009  	16.7883148  	26.93075    	23.360821   	 4.824974835
11/03/2009  	12.2021770  	24.97438    	19.237483   	 4.923223803
12/03/2009  	10.1098347  	25.01928    	17.515293   	 5.327168624
13/03/2009  	 9.8364010  	23.84646    	16.914678   	 5.610388627
14/03/2009  	 7.2854295  	23.34986    	15.947145   	 5.795667996
15/03/2009  	 9.3118505  	23.19876    	16.559312   	 5.935939560
16/03/2009  	 6.0807738  	20.01830    	13.695350   	 6.257786592
17/03/2009  	 6.3223095  	19.42475    	13.762481   	 6.460741033
18/03/2009  	 4.0159764  	18.39326    	11.350787   	 6.494602303
19/03/2009  	 4.7771769  	20.09003    	11.702854   	 6.550915033
20/03/2009  	 5.5476003  	21.20917    	11.144575   	 6.332828204
21/03/2009  	 6.3867421  	21.18605    	14.045378   	 6.410845071
22/03/2009  	 7.1433859  	20.74462    	13.929899   	 6.251483520
23/03/2009  	 8.2007160  	24.13211    	20.466571   	 6.358037293
24/03/2009  	15.3754311  	22.75109    	19.002486   	 6.353121926
25/03/2009  	14.3471041  	23.69264    	18.430346   	 6.344741682
26/03/2009  	 9.9118299  	23.64286    	17.695542   	 6.399128566
27/03/2009  	11.1149864  	25.06322    	20.727845   	 6.176841468
28/03/2009  	12.1198301  	25.68560    	19.980161   	 6.197468191
29/03/2009  	13.4932117  	23.86256    	18.671798   	 6.218878329
30/03/2009  	10.3412771  	23.98116    	16.900335   	 6.203415404
31/03/2009  	10.4366150  	22.68695    	16.647452   	 6.683846414
01/04/2009  	10.5661860  	20.95020    	15.839588   	 7.191491057
02/04/2009  	12.7199450  	20.21484    	16.510876   	 7.536481162
03/04/2009  	15.1673498  	21.51094    	17.937893   	 7.955826461
04/04/2009  	16.2775593  	23.45292    	18.987537   	 8.195281595
05/04/2009  	16.7920208  	23.83971    	19.431606   	 8.342844566
06/04/2009  	12.2628460  	24.64417    	18.455580   	 8.592903554
07/04/2009  	11.6743317  	24.72585    	18.424879   	 9.014371932
08/04/2009  	12.8449306  	25.62619    	20.381765   	 8.655529320
09/04/2009  	11.9399490  	25.69383    	19.521133   	 8.630911152
10/04/2009  	 9.9436436  	24.91722    	18.157057   	 9.317282796
11/04/2009  	15.0509701  	24.90883    	20.245225   	 9.690363685
12/04/2009  	17.0040798  	23.98118    	20.868030   	10.051841954
13/04/2009  	16.1361084  	23.05815    	20.473985   	10.280266027
14/04/2009  	14.7864227  	23.32014    	19.612304   	10.566627423
15/04/2009  	11.9157648  	22.66619    	18.210032   	11.012046158
16/04/2009  	11.6696978  	22.79029    	17.065334   	11.531419277
17/04/2009  	11.8642073  	22.23228    	18.263904   	11.260893961
18/04/2009  	14.0314770  	23.84173    	20.029939   	10.583352347
19/04/2009  	12.9371977  	23.84572    	18.107523   	10.827862203
20/04/2009  	11.8475552  	24.23568    	17.891145   	11.646645586
21/04/2009  	12.6187820  	23.72787    	18.365310   	12.024589896
22/04/2009  	14.7080212  	23.90308    	20.372315   	11.689070384
23/04/2009  	15.0881453  	24.33299    	19.558630   	11.934117973
24/04/2009  	14.6960468  	24.42306    	18.921966   	12.393648565
25/04/2009  	13.0648174  	25.53844    	19.684098   	12.428749720
26/04/2009  	15.9827137  	24.31652    	20.628720   	12.700082620
27/04/2009  	16.3775654  	25.45378    	20.868469   	12.666280250
28/04/2009  	13.7521830  	25.57288    	20.446826   	12.463750601
29/04/2009  	15.3512754  	25.26250    	20.431079   	12.427223841
30/04/2009  	13.3766575  	23.82040    	19.039867   	12.790240844
01/05/2009  	12.4124613  	24.34324    	18.644047   	13.408898195
02/05/2009  	13.4111643  	26.16971    	18.909718   	13.600550910
03/05/2009  	12.0119076  	25.66959    	19.356307   	13.321244498
04/05/2009  	13.8528938  	25.10976    	19.356529   	12.356128256
05/05/2009  	13.9644089  	26.45892    	22.082684   	12.354686876
06/05/2009  	17.5861206  	26.69918    	23.873370   	12.355585893
07/05/2009  	18.3902016  	27.56126    	24.079076   	12.429743032
08/05/2009  	17.2147160  	28.21109    	25.599757   	12.482414703
09/05/2009  	19.0684719  	28.32296    	25.430474   	12.301157991
10/05/2009  	18.9060345  	28.31606    	23.018097   	12.904087603
11/05/2009  	16.8106422  	23.67440    	21.899647   	12.713694314
12/05/2009  	20.9205151  	23.30703    	21.864116   	12.375542879
13/05/2009  	15.3576450  	23.76264    	20.856589   	12.605207622
14/05/2009  	14.2483873  	24.70611    	21.158570   	12.841692269
15/05/2009  	14.9328566  	25.95017    	20.969864   	12.953449210
16/05/2009  	18.1123524  	26.76139    	22.624850   	13.132668098
17/05/2009  	17.3269005  	27.83519    	22.775625   	13.437029163
18/05/2009  	18.1107693  	28.96799    	25.487417   	13.245900015
19/05/2009  	14.7761011  	29.29015    	22.800691   	13.281539539
20/05/2009  	15.3411531  	29.43816    	23.539305   	13.672566712
21/05/2009  	19.5390835  	29.00670    	24.139627   	14.148368756
22/05/2009  	18.1505203  	28.60315    	23.553400   	14.465141892
23/05/2009  	16.6353016  	26.78888    	22.642438   	15.126804868
24/05/2009  	16.3919506  	26.77869    	22.072851   	15.666717172
25/05/2009  	19.0722504  	26.14761    	22.493735   	16.130261223
26/05/2009  	18.9580956  	26.99272    	23.185307   	16.390070856
27/05/2009  	19.2728043  	27.49114    	23.998931   	15.436978479
28/05/2009  	15.9986200  	27.66118    	23.915412   	15.139098346
29/05/2009  	11.9373732  	26.66056    	19.527341   	15.593091846
30/05/2009  	 8.5317297  	25.18691    	17.985493   	15.750504017
31/05/2009  	13.8403044  	24.78538    	20.126300   	16.191003958
01/06/2009  	14.6343527  	23.62474    	21.433061   	16.770629783
02/06/2009  	15.2769289  	24.06799    	21.696388   	16.357977688
03/06/2009  	16.8691845  	24.61429    	21.814399   	15.293291787
04/06/2009  	18.2010307  	24.12870    	22.121410   	14.023086687
05/06/2009  	18.9426422  	23.17115    	21.938096   	13.317911983
06/06/2009  	19.3571472  	22.61271    	21.836396   	13.666482310
07/06/2009  	15.0563431  	24.45224    	20.965749   	14.188541015
08/06/2009  	15.5247116  	25.61809    	21.337889   	14.951892038
09/06/2009  	19.3866043  	26.84885    	23.189685   	15.467188676
10/06/2009  	19.3921947  	27.37548    	23.122152   	15.581624309
11/06/2009  	21.6624546  	27.44061    	24.554526   	15.436113993
12/06/2009  	21.7661572  	26.80492    	24.446329   	15.449368199
13/06/2009  	16.6190910  	26.79042    	23.172224   	15.528947473
14/06/2009  	14.1629410  	26.90580    	21.359006   	16.538004716
15/06/2009  	16.5179062  	26.70530    	21.604300   	17.102515856
16/06/2009  	17.5165405  	25.68886    	22.390267   	16.666108350
17/06/2009  	19.7484760  	25.41219    	22.294584   	16.888457457
18/06/2009  	20.3869171  	27.31265    	24.286332   	17.161605875
19/06/2009  	21.6221752  	27.76176    	25.010344   	17.061543783
20/06/2009  	23.2676735  	27.31556    	25.459675   	16.396038830
21/06/2009  	22.8915043  	26.53756    	24.641025   	16.231189211
22/06/2009  	18.5952530  	24.89870    	23.598911   	16.287445068
23/06/2009  	20.9816341  	25.44525    	23.625292   	17.121554891
24/06/2009  	22.3638878  	25.31921    	23.848204   	17.699708700
25/06/2009  	23.4485970  	26.51116    	24.402605   	17.899705052
26/06/2009  	24.1015987  	26.91218    	24.678980   	18.626048684
27/06/2009  	19.5056190  	27.45062    	23.218141   	19.217358351
28/06/2009  	16.8538322  	27.75752    	22.866774   	19.474937320
29/06/2009  	17.6522999  	27.83924    	23.176939   	20.117921869
30/06/2009  	19.9624920  	27.46981    	24.262576   	20.640710672
01/07/2009  	20.2222576  	26.57156    	24.360393   	20.714121660
02/07/2009  	21.0785866  	26.27632    	24.911855   	20.917332172
03/07/2009  	22.8825703  	27.03359    	25.204933   	21.307549000
04/07/2009  	23.5291862  	27.37855    	25.454097   	21.565232754
05/07/2009  	22.1889057  	27.22535    	25.143978   	21.969580968
06/07/2009  	22.0765190  	28.50266    	25.750479   	21.421826720
07/07/2009  	22.5306320  	29.23545    	26.888178   	20.223835707
08/07/2009  	22.4900856  	29.70255    	26.773244   	19.658979615
09/07/2009  	22.7169781  	29.42014    	26.434403   	18.086560210
10/07/2009  	22.5756779  	29.17119    	26.330319   	17.476843913
11/07/2009  	20.1180172  	28.59882    	25.918440   	17.160450101
12/07/2009  	15.0674000  	27.93629    	23.288273   	17.816586773
13/07/2009  	14.5449247  	28.39151    	22.198860   	18.661943634
14/07/2009  	13.9098978  	27.93758    	21.337515   	19.380867441
15/07/2009  	15.7900085  	27.86764    	23.325275   	19.980849067
16/07/2009  	15.9994879  	28.30767    	22.605200   	19.866316438
17/07/2009  	11.5293455  	28.31979    	21.572992   	19.745234211
18/07/2009  	19.6103897  	29.04983    	26.162817   	19.464057604
19/07/2009  	20.8406219  	29.16198    	26.676447   	18.956992626
20/07/2009  	24.5667610  	29.55541    	27.871820   	19.065527002
21/07/2009  	14.2905130  	29.56262    	24.893108   	18.997007052
22/07/2009  	15.6899920  	29.63122    	24.022766   	19.453984221
23/07/2009  	16.1898251  	29.50229    	24.018034   	19.389815370
24/07/2009  	17.0423965  	29.07314    	23.766518   	19.201046626
25/07/2009  	16.9082470  	28.90534    	23.062315   	18.995548487
26/07/2009  	13.7363997  	27.78248    	21.485669   	18.875720819
27/07/2009  	13.1554193  	27.24673    	20.704689   	19.586133043
28/07/2009  	14.0797443  	27.07267    	20.907757   	19.620038231
29/07/2009  	11.4064341  	25.79703    	19.144731   	19.789679726
30/07/2009  	15.4609919  	26.92470    	22.950208   	19.745582938
31/07/2009  	15.4530258  	26.44596    	21.328640   	18.617057681
01/08/2009  	11.4513521  	24.91219    	18.410720   	18.805684884
02/08/2009  	14.3564405  	26.10917    	20.908063   	19.260192434
03/08/2009  	15.4231548  	24.49212    	20.005389   	19.239575466
04/08/2009  	14.7851248  	25.02894    	20.127801   	19.639589787
05/08/2009  	14.9407215  	25.33910    	20.127588   	20.128556331
06/08/2009  	16.8582382  	25.73771    	21.079805   	20.778058449
07/08/2009  	18.5927906  	25.45116    	21.893552   	20.981517553
08/08/2009  	19.9981766  	25.25114    	22.344427   	20.776498000
09/08/2009  	18.9502449  	24.99375    	22.591967   	20.515404304
10/08/2009  	18.0880337  	24.81218    	21.816647   	20.598500133
11/08/2009  	16.7209511  	25.63187    	21.540728   	20.633449833
12/08/2009  	16.4948063  	25.87082    	21.141991   	20.342015068
13/08/2009  	15.9993429  	25.65656    	21.137063   	19.981582284
14/08/2009  	13.6166639  	23.76291    	19.995721   	20.049199343
15/08/2009  	14.2508707  	26.34964    	21.817634   	20.341074864
16/08/2009  	17.4573555  	26.93578    	23.033719   	20.393209855
17/08/2009  	17.2192268  	26.72423    	22.639903   	20.223245064
18/08/2009  	17.2659416  	26.47143    	22.326554   	19.969102303
19/08/2009  	16.3742924  	26.57224    	21.708318   	20.356413404
20/08/2009  	15.4911413  	26.77079    	22.586445   	20.594672759
21/08/2009  	16.5792580  	27.20024    	23.099602   	20.222676873
22/08/2009  	19.2431717  	27.26631    	23.138814   	19.728835464
23/08/2009  	20.2469368  	26.77827    	23.277131   	19.810460488
24/08/2009  	16.4594593  	26.42979    	22.422480   	20.006917357
25/08/2009  	18.0785294  	26.85584    	23.158151   	20.539286534
26/08/2009  	19.0390911  	26.63357    	23.064745   	19.847421209
27/08/2009  	17.8411140  	27.53663    	23.601875   	19.768033306
28/08/2009  	23.6978798  	28.93458    	26.998234   	19.409491022
29/08/2009  	26.3532200  	29.05414    	27.994000   	18.467397213
30/08/2009  	23.9761410  	29.26292    	27.206816   	17.203174988
31/08/2009  	17.5099087  	29.41210    	26.539678   	17.391923308
01/09/2009  	17.6603794  	29.85100    	28.241005   	18.167312622
02/09/2009  	22.8138485  	30.08385    	29.052167   	18.216123859
03/09/2009  	20.0812016  	30.04137    	28.805589   	18.222613176
04/09/2009  	28.2981281  	29.67096    	28.695837   	17.819244782
05/09/2009  	28.3549442  	28.52469    	28.437698   	17.056202094
06/09/2009  	26.6418858  	28.55445    	28.330466   	16.390795449
07/09/2009  	21.5137730  	28.71893    	27.324762   	16.177853227
08/09/2009  	19.0482578  	28.88216    	24.696614   	16.647036274
09/09/2009  	18.4650784  	28.75278    	24.952926   	17.066265305
10/09/2009  	20.9331894  	26.68248    	25.089221   	16.431233962
11/09/2009  	21.5473499  	26.49082    	25.146069   	15.846390903
12/09/2009  	16.3686333  	26.49879    	25.055617   	15.949013333
13/09/2009  	20.9636250  	27.35056    	25.279800   	15.850874782
14/09/2009  	24.2926521  	26.61646    	25.606628   	15.564935585
15/09/2009  	23.9008579  	26.29845    	25.188326   	15.727203806
16/09/2009  	22.2314796  	28.31880    	26.053181   	15.950453977
17/09/2009  	21.6836662  	27.72568    	26.220424   	15.405831039
18/09/2009  	22.7550259  	27.27976    	25.075804   	15.420184056
19/09/2009  	23.1260147  	27.23967    	25.318569   	15.816637178
20/09/2009  	23.7346573  	27.99120    	26.000899   	16.279172142
21/09/2009  	23.6862717  	28.44886    	26.457075   	16.094404062
22/09/2009  	23.4353848  	28.53724    	26.011929   	16.222839812
23/09/2009  	22.9272709  	28.42262    	26.002851   	16.287610869
24/09/2009  	22.3669033  	28.24539    	25.686720   	15.938985725
25/09/2009  	21.5248814  	27.80921    	24.966832   	15.739199777
26/09/2009  	20.6622505  	27.61209    	24.014356   	15.917891641
27/09/2009  	20.3771343  	27.69682    	23.756168   	16.209846616
28/09/2009  	19.6891289  	27.87256    	23.954846   	16.519297520
29/09/2009  	23.3082485  	28.40384    	25.703441   	16.554706335
30/09/2009  	14.1994038  	27.80667    	22.084158   	16.162908534
01/10/2009  	15.2827377  	28.88978    	23.716215   	15.584800839
02/10/2009  	16.8777542  	27.88725    	23.030679   	14.374401470
03/10/2009  	16.6635609  	29.73954    	26.183835   	14.983281076
04/10/2009  	29.0908051  	30.63417    	29.813659   	14.570889354
05/10/2009  	26.1473160  	29.72705    	28.548069   	13.244848430
06/10/2009  	16.9374676  	29.56113    	26.052513   	13.520234505
07/10/2009  	20.5166435  	30.28326    	26.758698   	14.294101596
08/10/2009  	19.3265228  	28.28128    	23.900906   	13.852173249
09/10/2009  	15.8441296  	24.89760    	21.351503   	12.873086274
10/10/2009  	 5.6362581  	27.04340    	18.798691   	12.757084211
11/10/2009  	13.0472956  	27.63449    	20.714562   	12.886838575
12/10/2009  	17.3301506  	27.73508    	23.217457   	12.096758286
13/10/2009  	16.9266872  	25.89843    	22.789444   	11.245010316
14/10/2009  	14.1334524  	24.14193    	20.236279   	10.862962921
15/10/2009  	14.4788895  	24.90793    	21.908107   	10.397119741
16/10/2009  	16.5689316  	27.88858    	24.006396   	10.781098922
17/10/2009  	21.1144638  	26.55755    	23.813148   	10.198273102
18/10/2009  	18.6335354  	28.21061    	23.394552   	10.046144287
19/10/2009  	18.4226456  	27.60573    	23.938576   	10.012319505
20/10/2009  	19.4266548  	27.12385    	24.135896   	 9.413809359
21/10/2009  	22.2648239  	27.20040    	25.647736   	 9.144172907
22/10/2009  	24.9942856  	28.33608    	26.969032   	 9.195227027
23/10/2009  	26.3745918  	28.74582    	27.596395   	 9.653533479
24/10/2009  	26.4960861  	29.85039    	27.718480   	 9.962064167
25/10/2009  	28.0902710  	31.09103    	29.319553   	11.466222048
26/10/2009  	30.0176315  	31.53913    	30.758294   	12.017061671
27/10/2009  	28.6531429  	31.55811    	30.366269   	11.955984851
28/10/2009  	19.5793533  	31.30441    	26.310800   	11.661694109
29/10/2009  	22.9925423  	31.71012    	27.949882   	11.859322786
30/10/2009  	17.4636040  	30.40467    	24.790297   	11.641883234
31/10/2009  	18.9134960  	30.22401    	25.248752   	11.459710896
01/11/2009  	20.5617027  	30.76277    	27.495657   	11.727408648
02/11/2009  	23.4088364  	31.03615    	28.825663   	11.740503331
03/11/2009  	19.2585812  	30.93329    	27.648861   	11.012579521
04/11/2009  	23.9849129  	31.24313    	29.286205   	10.974857231
05/11/2009  	23.6013279  	31.05262    	28.157711   	10.529266298
06/11/2009  	20.2174683  	31.00167    	27.459381   	10.284666161
07/11/2009  	17.3819790  	31.46806    	27.819410   	10.408437788
08/11/2009  	20.9484882  	30.96345    	26.548692   	 9.848827501
09/11/2009  	15.1860018  	29.19912    	23.121589   	 9.289763868
10/11/2009  	14.7590952  	28.37609    	23.189724   	 9.320213397
11/11/2009  	18.7763119  	28.30715    	23.094444   	 9.190526068
12/11/2009  	14.3568468  	28.38037    	22.948168   	 9.064382990
13/11/2009  	17.9010620  	29.16108    	26.179566   	 9.831148903
14/11/2009  	18.9346371  	30.54332    	28.527580   	10.635556122
15/11/2009  	27.7431183  	31.25332    	30.102012   	10.820543448
16/11/2009  	20.7811375  	31.13544    	28.349057   	10.521598995
17/11/2009  	22.9758530  	30.91420    	29.268161   	10.510493298
18/11/2009  	26.4207134  	30.32196    	29.732456   	10.600054741
19/11/2009  	28.5689526  	30.38994    	29.985934   	10.892766913
20/11/2009  	23.0044613  	30.49563    	29.785373   	10.567711790
21/11/2009  	18.7283821  	30.47747    	27.585563   	10.557813942
22/11/2009  	18.5589256  	30.38799    	28.433501   	10.672335049
23/11/2009  	29.8714447  	30.71967    	30.362318   	10.568698188
24/11/2009  	30.1315422  	30.70553    	30.491328   	10.335915546
25/11/2009  	29.9185085  	30.53054    	30.369633   	10.417261064
26/11/2009  	29.1139545  	30.00062    	29.537976   	 9.899271627
27/11/2009  	29.0876656  	29.86644    	29.547127   	 9.528684795
28/11/2009  	28.8050346  	29.78773    	29.461374   	 9.308452427
29/11/2009  	27.1305962  	29.45808    	28.956272   	 9.143232544
30/11/2009  	23.8904076  	29.45718    	28.138806   	 8.753424903
01/12/2009  	13.2667208  	29.21208    	24.929662   	 7.702720563
02/12/2009  	 8.4944468  	28.22108    	21.329158   	 7.274748296
03/12/2009  	 9.3553667  	28.80374    	24.132593   	 7.801419914
04/12/2009  	16.5749168  	28.55050    	24.097078   	 7.802098165
05/12/2009  	16.7255135  	28.95760    	24.383276   	 7.637931317
06/12/2009  	14.1443510  	29.23444    	24.367968   	 8.108033836
07/12/2009  	16.7261219  	29.14887    	25.093507   	 8.271102299
08/12/2009  	17.3922863  	29.12383    	24.115797   	 8.177930156
09/12/2009  	14.5248365  	29.01316    	22.095311   	 7.830959866
10/12/2009  	15.9051037  	28.33209    	23.044626   	 8.231627256
11/12/2009  	11.8821745  	26.03661    	22.857975   	 8.098828375
12/12/2009  	10.0079794  	23.37224    	18.185566   	 7.128282905
13/12/2009  	 8.4339895  	21.01320    	16.196375   	 6.149642249
14/12/2009  	 8.9199800  	21.01016    	15.817622   	 5.679897149
15/12/2009  	 7.9169774  	21.23650    	15.657151   	 5.052320957
16/12/2009  	 9.5606632  	24.02870    	17.541638   	 4.967721775
17/12/2009  	 6.7698965  	21.75639    	16.285946   	 4.550012226
18/12/2009  	 8.8002300  	21.74565    	16.195761   	 3.663303832
19/12/2009  	 7.7055783  	25.24121    	17.890219   	 3.200072632
20/12/2009  	14.2762957  	26.69944    	22.461895   	 3.800063928
21/12/2009  	12.6938610  	26.22186    	20.738619   	 3.015936983
22/12/2009  	 6.6992431  	27.80641    	19.372933   	 3.154694768
23/12/2009  	14.6980915  	28.72708    	22.001044   	 3.346995565
24/12/2009  	14.2933016  	28.67097    	22.147054   	 3.228325419
25/12/2009  	14.1440125  	28.03141    	22.619898   	 3.373791074
26/12/2009  	19.0229111  	27.82893    	23.938107   	 3.803667322
27/12/2009  	25.3282070  	29.38981    	28.202689   	 4.767481486
28/12/2009  	20.6091671  	29.90767    	26.883793   	 4.471168816
29/12/2009  	 9.6638727  	28.64149    	21.104608   	 3.474605491
30/12/2009  	11.9561043  	25.00681    	21.289485   	 2.981914461
31/12/2009  	13.9437828  	24.97707    	22.089142   	 2.521924227
01/01/2010  	11.7065868  	24.11458    	19.860937   	 2.070539673
02/01/2010  	12.6508341  	22.63791    	18.137534   	 1.698726950
03/01/2010  	 9.9095602  	24.82657    	18.201647   	 1.615055237
04/01/2010  	11.6185875  	25.28347    	18.499205   	 1.560350673
05/01/2010  	12.2690201  	25.19614    	18.663417   	 1.758395001
06/01/2010  	11.2627125  	25.21389    	18.150758   	 1.761865372
07/01/2010  	 9.4569454  	25.22881    	16.583997   	 1.428212120
08/01/2010  	 9.2120113  	24.08636    	15.648359   	 0.926083211
09/01/2010  	10.8842096  	21.13251    	18.983298   	 0.244520418
10/01/2010  	 3.3510203  	19.26395    	16.318239   	 0.369913283
11/01/2010  	 9.8797808  	21.91698    	16.254288   	 0.735142088
12/01/2010  	 9.1692944  	21.72606    	16.560031   	 0.577995121
13/01/2010  	 3.5840065  	23.54624    	16.458558   	 0.019360396
14/01/2010  	 6.5463533  	25.53856    	18.506441   	 0.789062483
15/01/2010  	14.3458557  	23.82142    	19.663471   	 0.716082757
16/01/2010  	12.3595629  	22.77397    	18.212554   	 0.718030368
17/01/2010  	 9.4231119  	27.70122    	21.496608   	 1.563354290
18/01/2010  	16.5705948  	26.35398    	21.444082   	 1.612093039
19/01/2010  	13.4752359  	23.78251    	20.187883   	 1.813010829
20/01/2010  	 7.3375440  	24.02461    	15.397418   	 1.337179663
21/01/2010  	 6.4683838  	21.77274    	14.985393   	 1.174882162
22/01/2010  	 2.9048278  	22.21404    	12.995701   	 0.853541217
23/01/2010  	 6.7249999  	23.20042    	16.136710   	 1.238379727
24/01/2010  	13.0922155  	23.58452    	19.147177   	 1.136348779
25/01/2010  	15.3089390  	23.54329    	19.659386   	 0.563813795
26/01/2010  	12.2364569  	23.25722    	19.375726   	-0.400151007
27/01/2010  	10.0519524  	25.66753    	21.254711   	 0.471132584
28/01/2010  	19.1695328  	25.31425    	22.360163   	 1.101201365
29/01/2010  	16.3245773  	24.99930    	20.539225   	 1.065455726
30/01/2010  	14.4807005  	24.73553    	19.838243   	 0.735156742
31/01/2010  	14.1145935  	24.47518    	19.754200   	 0.727938671
01/02/2010  	13.1456938  	24.48755    	18.931694   	 0.853044588
02/02/2010  	10.2011824  	25.69181    	19.326122   	 1.155205529
03/02/2010  	11.8273926  	24.61012    	18.935120   	 1.332866706
04/02/2010  	 9.5173883  	22.86923    	16.123397   	 1.329165852
05/02/2010  	 4.2458420  	22.77819    	14.168128   	 1.525230393
06/02/2010  	 9.2949982  	23.30398    	16.041782   	 1.698330959
07/02/2010  	 6.2459903  	20.63190    	13.665501   	 1.393543468
08/02/2010  	 5.7156773  	22.46844    	13.275178   	 0.773772815
09/02/2010  	 9.9732885  	23.70049    	17.468065   	 0.396721029
10/02/2010  	11.8162870  	22.13416    	17.104198   	-0.047467825
11/02/2010  	13.7619495  	22.75070    	18.795110   	-0.101439939
12/02/2010  	 8.6939287  	20.99792    	17.127124   	-0.160980065
13/02/2010  	 8.5525646  	19.93490    	16.946792   	-0.121840388
14/02/2010  	 6.8057656  	23.16668    	16.103996   	-0.128175950
15/02/2010  	 7.2291198  	22.60184    	14.939657   	-0.185661313
16/02/2010  	 3.3117571  	24.23496    	16.477633   	 0.022311268
17/02/2010  	 7.3574023  	25.17189    	17.056500   	 0.290392240
18/02/2010  	12.0955019  	25.45158    	18.546920   	 0.516476553
19/02/2010  	10.5710039  	27.49567    	20.529501   	 1.275324848
20/02/2010  	18.1698551  	27.35323    	23.316194   	 1.503424227
21/02/2010  	10.7007618  	27.54499    	20.323117   	 1.167442150
22/02/2010  	14.6019592  	27.50474    	21.215722   	 1.554642496
23/02/2010  	17.2507038  	25.07626    	21.898662   	 1.536574528
24/02/2010  	11.1270905  	24.50710    	19.039355   	 1.467986395
25/02/2010  	12.0007114  	25.25591    	20.330302   	 2.133193227
26/02/2010  	12.3455124  	28.74364    	22.604042   	 2.503338675
27/02/2010  	18.9139194  	30.00646    	26.981603   	 2.843636369
28/02/2010  	15.8882914  	29.56073    	23.777745   	 3.075827390
01/03/2010  	16.7129326  	27.08721    	22.144078   	 3.239873355
02/03/2010  	14.5209265  	26.30432    	21.576397   	 3.122716387
03/03/2010  	10.8362045  	25.04351    	19.272945   	 2.932581087
04/03/2010  	 9.3065577  	23.53978    	17.530001   	 2.940383797
05/03/2010  	 9.0708818  	23.17478    	16.422387   	 2.773932353
06/03/2010  	 8.5987587  	20.72144    	16.346722   	 2.488715929
07/03/2010  	 3.5718424  	19.63976    	11.528357   	 1.702726044
08/03/2010  	 4.7117305  	20.16269    	11.216293   	 1.963750192
09/03/2010  	 2.9546039  	20.65772    	10.316473   	 2.018769416
10/03/2010  	 5.6017437  	21.88233    	11.116051   	 2.060708898
11/03/2010  	 3.8423903  	21.22406    	11.398235   	 2.073719715
12/03/2010  	 6.2050924  	21.85439    	14.546113   	 2.649806097
13/03/2010  	 8.5873003  	23.29074    	15.747848   	 2.978336657
14/03/2010  	 8.1953344  	23.70033    	14.952054   	 3.514953201
15/03/2010  	 5.7180982  	22.95363    	14.598162   	 4.081769377
16/03/2010  	 5.8650661  	22.00588    	13.474087   	 4.314546232
17/03/2010  	 7.2044802  	22.93612    	15.178630   	 4.197356090
18/03/2010  	 9.6658764  	23.79804    	16.952548   	 4.523983339
19/03/2010  	12.0915585  	25.12968    	18.473592   	 5.109749228
20/03/2010  	12.0197096  	26.86073    	19.896436   	 5.643249144
21/03/2010  	14.5344257  	25.20591    	19.938433   	 6.268517524
22/03/2010  	11.8386679  	23.59680    	18.263928   	 6.316023846
23/03/2010  	11.4855900  	25.86937    	18.783666   	 6.341917713
24/03/2010  	13.9580965  	24.41521    	18.848663   	 6.575904121
25/03/2010  	16.0333214  	25.02198    	20.577941   	 7.085655312
26/03/2010  	18.4834976  	25.15848    	21.733352   	 7.375440915
27/03/2010  	18.8684578  	26.88330    	22.718511   	 7.290129274
28/03/2010  	14.7175207  	26.72997    	22.215236   	 7.343154371
29/03/2010  	14.7818336  	26.44570    	21.204862   	 7.479809542
30/03/2010  	16.2465229  	26.06585    	21.293662   	 7.582754364
31/03/2010  	17.8108406  	29.11021    	24.783118   	 6.905515363
01/04/2010  	24.7637672  	29.56206    	27.687672   	 6.213160366
02/04/2010  	24.2414970  	29.86007    	27.574739   	 6.194895208
03/04/2010  	19.4154015  	29.89828    	25.681993   	 6.691884081
04/04/2010  	18.4206066  	29.45592    	24.552449   	 7.151722888
05/04/2010  	20.9367828  	28.21148    	24.248394   	 7.168736011
06/04/2010  	21.3142700  	28.28883    	24.295984   	 7.570404629
07/04/2010  	22.1922436  	28.21154    	24.868464   	 8.013661802
08/04/2010  	22.8600101  	27.44902    	25.055467   	 8.586951772
09/04/2010  	23.0617561  	27.01810    	24.629059   	 9.178639332
10/04/2010  	23.0111465  	26.43088    	24.172734   	 9.270620644
11/04/2010  	17.7192154  	24.28996    	22.872041   	 9.003669659
12/04/2010  	18.5961227  	23.13434    	21.527188   	 8.842967858
13/04/2010  	19.6909275  	23.59078    	20.810160   	 8.788172434
14/04/2010  	19.6061878  	22.60694    	20.576292   	 8.920744797
15/04/2010  	19.5491867  	23.21193    	20.566048   	 8.974459509
16/04/2010  	19.7235909  	22.54132    	20.673324   	 9.039062719
17/04/2010  	16.8239326  	24.42376    	21.075874   	 9.381026427
18/04/2010  	14.3925104  	24.47574    	20.068643   	 9.875123282
19/04/2010  	15.8761711  	22.72678    	20.001352   	 9.905854543
20/04/2010  	17.6901112  	26.26122    	21.870209   	 9.712178846
21/04/2010  	19.2623043  	24.73416    	21.438288   	 8.796666453
22/04/2010  	18.8543892  	24.00690    	21.249363   	 8.090338260
23/04/2010  	19.6091213  	25.26982    	22.084621   	 8.747220894
24/04/2010  	15.3980188  	24.78807    	21.713065   	 9.582718114
25/04/2010  	14.0111198  	26.68324    	20.355706   	10.011413554
26/04/2010  	16.4811707  	26.84857    	21.761375   	10.529276470
27/04/2010  	18.4888153  	26.29694    	22.699390   	11.189179262
28/04/2010  	20.5551472  	26.44599    	23.167406   	11.691881021
29/04/2010  	21.3138294  	26.96416    	24.093442   	11.967935344
30/04/2010  	21.8076191  	26.97948    	24.564071   	12.213580588
01/05/2010  	21.3320312  	27.29843    	24.153685   	12.160585264
02/05/2010  	21.7110672  	26.12883    	24.206053   	11.615060270
03/05/2010  	22.8652382  	26.60907    	24.889554   	10.207759500
04/05/2010  	22.6465454  	26.37926    	24.235474   	 9.754628758
05/05/2010  	21.6100426  	25.72962    	23.415125   	10.177434246
06/05/2010  	20.2961273  	25.15235    	22.168049   	 9.882580231
07/05/2010  	21.2933903  	24.18859    	22.611360   	 9.569738229
08/05/2010  	17.5545864  	25.68236    	22.956731   	 9.926477452
09/05/2010  	15.8280458  	24.87058    	22.442773   	10.189719756
10/05/2010  	14.0286360  	25.32998    	21.699619   	10.384154280
11/05/2010  	18.7509403  	24.28819    	22.752185   	10.073494931
12/05/2010  	21.8308659  	25.45791    	23.883119   	 9.461231470
13/05/2010  	13.3974733  	25.05174    	22.132138   	 9.389218628
14/05/2010  	12.5433369  	24.99093    	19.374925   	 9.867952665
15/05/2010  	14.4616604  	25.04092    	20.503035   	10.426398953
16/05/2010  	13.8537807  	25.57777    	20.683161   	10.687726736
17/05/2010  	13.9809647  	25.86878    	20.860231   	10.928178847
18/05/2010  	17.8896904  	25.31861    	22.030275   	11.456879735
19/05/2010  	19.1797180  	25.51063    	22.624394   	11.926839809
20/05/2010  	20.5903111  	26.23315    	23.038877   	12.680247148
21/05/2010  	21.1230392  	26.39178    	23.548090   	13.608832220
22/05/2010  	22.3611031  	25.64842    	23.660757   	13.931494832
23/05/2010  	18.7567883  	26.96206    	23.173405   	14.737268368
24/05/2010  	16.7571812  	27.56875    	22.049229   	15.361749351
25/05/2010  	17.2719517  	26.07949    	22.708289   	15.224237800
26/05/2010  	19.2471180  	25.37577    	22.794173   	14.632185618
27/05/2010  	21.2868309  	25.92941    	23.434237   	14.257469932
28/05/2010  	22.1389618  	26.30867    	23.954961   	14.557307084
29/05/2010  	22.2727776  	27.00943    	24.146639   	14.504384597
30/05/2010  	20.6838455  	27.93897    	24.830102   	14.533478657
31/05/2010  	21.6471386  	27.52246    	24.504515   	14.409287274
01/06/2010  	19.9485626  	27.39778    	24.152519   	14.780333459
02/06/2010  	18.5452690  	27.21817    	23.847922   	15.257258574
03/06/2010  	18.6431255  	27.26617    	23.692310   	15.677791754
04/06/2010  	17.5436440  	27.11235    	22.815567   	16.070083678
05/06/2010  	16.4517746  	26.79225    	21.519737   	16.448913475
06/06/2010  	16.4675503  	26.93746    	21.265582   	17.055686831
07/06/2010  	18.1123142  	27.72537    	22.736647   	17.021972338
08/06/2010  	14.9213171  	27.43308    	21.962190   	17.144256632
09/06/2010  	14.6487331  	26.92538    	22.845929   	17.394177755
10/06/2010  	18.7533531  	25.81936    	22.637885   	17.566974481
11/06/2010  	19.3864021  	26.72453    	23.204398   	17.841762582
12/06/2010  	19.1119804  	27.31794    	23.552926   	17.436971704
13/06/2010  	19.7813969  	25.44081    	23.354627   	17.102690101
14/06/2010  	18.7752743  	26.94190    	22.599542   	17.529240330
15/06/2010  	18.3774033  	24.65975    	22.851640   	16.768848360
16/06/2010  	17.7269688  	24.30143    	23.093178   	16.154385050
17/06/2010  	21.6620102  	26.22926    	23.058874   	16.304447969
18/06/2010  	22.6272087  	26.38225    	23.597750   	15.936980049
19/06/2010  	23.5949001  	27.77567    	25.358096   	14.648197611
20/06/2010  	23.4569397  	27.91679    	25.537343   	14.087325295
21/06/2010  	21.0588531  	26.85673    	24.559524   	14.209333062
22/06/2010  	18.9769650  	27.31645    	23.459730   	15.314160228
23/06/2010  	16.9977837  	27.68215    	22.926259   	16.262831847
24/06/2010  	18.8600464  	27.60288    	24.187601   	17.075665951
25/06/2010  	19.4670353  	27.77463    	24.732492   	17.637678822
26/06/2010  	18.7063427  	27.46541    	23.752855   	18.269848824
27/06/2010  	15.8013525  	27.83529    	23.007856   	18.469317794
28/06/2010  	20.8760986  	27.94386    	25.052781   	19.506520589
29/06/2010  	22.8263054  	27.92707    	25.924660   	19.953187744
30/06/2010  	21.7331657  	28.00292    	25.901146   	19.978187283
01/07/2010  	23.2642536  	28.14495    	26.044546   	20.119578719
02/07/2010  	22.6753483  	28.43152    	26.277445   	20.830702424
03/07/2010  	22.4149628  	28.53138    	26.334478   	21.430739363
04/07/2010  	23.5607033  	28.50628    	26.782834   	21.384389877
05/07/2010  	24.8169708  	28.96945    	26.820285   	21.273438414
06/07/2010  	24.8745213  	28.64783    	26.959096   	20.605490406
07/07/2010  	25.3038349  	28.78931    	26.934950   	19.988197009
08/07/2010  	25.3781662  	28.85237    	27.594399   	20.168342551
09/07/2010  	25.5016994  	29.09971    	28.024830   	20.815111438
10/07/2010  	26.7476215  	29.24461    	28.358704   	21.813366652
11/07/2010  	27.0885315  	29.29424    	28.307502   	22.562349598
12/07/2010  	27.3056355  	29.31757    	28.596342   	22.312946359
13/07/2010  	27.5761852  	29.30043    	28.584770   	21.725338022
14/07/2010  	19.1958313  	29.29221    	26.711855   	22.150600394
15/07/2010  	18.7148685  	29.54637    	27.014466   	21.383851687
16/07/2010  	17.2213249  	29.94742    	26.569551   	20.217420379
17/07/2010  	17.9337387  	30.27882    	26.894091   	20.014438470
18/07/2010  	24.6301117  	30.36337    	27.713774   	19.579958320
19/07/2010  	24.0176945  	30.35484    	26.984826   	19.862633983
20/07/2010  	24.0809822  	30.09243    	27.194178   	20.670470874
21/07/2010  	24.9896488  	29.80054    	27.579417   	20.929434419
22/07/2010  	25.5130653  	29.80139    	27.772183   	20.731899261
23/07/2010  	25.5972710  	29.59963    	28.068268   	20.800279458
24/07/2010  	26.8742676  	29.24109    	28.296195   	20.186509649
25/07/2010  	27.2727203  	29.21055    	28.245813   	20.348971208
26/07/2010  	27.5158310  	29.42910    	28.339002   	20.403713663
27/07/2010  	27.6900501  	28.79528    	28.269336   	20.287222385
28/07/2010  	26.3266144  	29.09155    	27.922596   	20.630244970
29/07/2010  	23.6884937  	28.91680    	27.241083   	20.172455986
30/07/2010  	23.1911831  	28.89029    	26.342701   	19.603543838
31/07/2010  	22.9639492  	29.17785    	26.137154   	19.744277040
01/08/2010  	20.8892517  	29.21267    	25.844096   	20.041308999
02/08/2010  	20.7207260  	29.18738    	25.508352   	20.420765996
03/08/2010  	20.8436527  	28.66450    	25.055978   	20.406236887
04/08/2010  	19.4210224  	28.81628    	24.677158   	20.325635235
05/08/2010  	20.5354843  	28.75808    	24.829494   	19.678458770
06/08/2010  	18.5358772  	28.09895    	23.617524   	19.328378240
07/08/2010  	18.5425205  	28.52915    	24.086796   	19.634170095
08/08/2010  	18.9799061  	28.65602    	24.931152   	19.597486655
09/08/2010  	18.6187248  	27.33285    	23.875626   	19.693083843
10/08/2010  	18.4546242  	27.84397    	24.468117   	19.798282305
11/08/2010  	18.5530071  	28.53980    	24.212508   	19.751290401
12/08/2010  	18.4121590  	28.01194    	23.967079   	19.678133527
13/08/2010  	18.7121582  	27.85709    	23.730110   	19.300438285
14/08/2010  	19.7362442  	27.47935    	23.224410   	19.790116350
15/08/2010  	20.1834717  	25.38728    	23.675047   	19.371970733
16/08/2010  	17.6890545  	27.40961    	23.399062   	19.229161143
17/08/2010  	18.1657295  	25.92331    	22.115888   	19.401578387
18/08/2010  	16.0787201  	26.12390    	21.720880   	18.989642819
19/08/2010  	13.5401516  	26.55963    	20.295902   	18.599952181
20/08/2010  	 9.4191761  	26.71544    	18.586539   	18.766980211
21/08/2010  	 9.8469191  	27.91401    	22.018158   	19.207404733
22/08/2010  	15.4601221  	28.77141    	22.892299   	19.481007814
23/08/2010  	 9.9567795  	28.82879    	22.797685   	19.532272299
24/08/2010  	25.7176132  	29.10612    	28.235474   	18.917622884
25/08/2010  	20.3817043  	29.28260    	27.540038   	17.729808013
26/08/2010  	13.2100782  	28.66931    	22.044856   	17.081845363
27/08/2010  	13.5304403  	23.27047    	21.185588   	17.106326222
28/08/2010  	14.2013617  	25.28266    	20.907466   	16.701146225
29/08/2010  	12.4355145  	24.72977    	20.276267   	16.514577270
30/08/2010  	16.6901627  	24.76061    	21.028930   	15.925936341
31/08/2010  	 6.5755615  	22.00557    	17.332069   	15.692330698
01/09/2010  	 4.1041317  	21.22055    	13.686625   	15.805054963
02/09/2010  	 5.6644530  	19.98940    	12.592266   	15.980099261
03/09/2010  	 4.4221487  	19.34879    	11.514390   	16.180643161
04/09/2010  	 5.6205482  	19.86478    	12.640929   	16.306995352
05/09/2010  	 2.9053097  	19.70556    	11.585692   	16.314227978
06/09/2010  	 2.7802572  	19.33209    	12.265224   	15.909086605
07/09/2010  	 6.5849843  	19.95010    	17.313925   	15.190803369
08/09/2010  	11.7729988  	23.73182    	18.756596   	15.273265163
09/09/2010  	16.7095413  	25.22405    	20.591722   	15.981315970
10/09/2010  	15.3171043  	24.56674    	20.191837   	16.301972270
11/09/2010  	13.4415684  	25.71908    	20.388821   	16.693180700
12/09/2010  	13.5057182  	25.89158    	20.170522   	17.011687994
13/09/2010  	12.3892250  	24.88031    	18.988695   	16.588262876
14/09/2010  	15.7681141  	27.20787    	23.933345   	17.139183402
15/09/2010  	22.1370106  	28.37565    	26.679474   	16.599045893
16/09/2010  	25.8459225  	28.38403    	27.276244   	15.588509142
17/09/2010  	23.8972511  	28.15903    	26.790310   	14.457189659
18/09/2010  	16.6125050  	27.05183    	23.958182   	13.422471325
19/09/2010  	11.7538977  	25.51612    	20.705183   	13.328409334
20/09/2010  	13.4843111  	25.84174    	21.479172   	14.038853447
21/09/2010  	11.8674116  	26.36876    	19.213331   	14.683455010
22/09/2010  	 7.7859402  	24.37072    	16.489502   	15.015496929
23/09/2010  	 7.1672072  	24.57514    	16.969576   	15.345620374
24/09/2010  	 9.2059879  	23.79994    	17.772959   	15.548202892
25/09/2010  	13.4631701  	22.96594    	18.695580   	14.500956436
26/09/2010  	14.6121454  	22.92050    	18.091703   	14.032129367
27/09/2010  	10.8929157  	21.86873    	16.165968   	14.261067788
28/09/2010  	 8.1715126  	19.67333    	14.265243   	14.522301316
29/09/2010  	 5.7430067  	17.64061    	12.968526   	13.955482046
30/09/2010  	 3.4491847  	22.86297    	12.284891   	13.489378651
01/10/2010  	 7.6268172  	21.48305    	14.868991   	13.900896907
02/10/2010  	 8.2354670  	24.54641    	17.784104   	14.318668981
03/10/2010  	 8.0060892  	25.39996    	18.628947   	15.123801370
04/10/2010  	14.9330091  	26.55769    	21.294819   	15.521896501
05/10/2010  	15.7501345  	25.66466    	21.133780   	15.700472653
06/10/2010  	13.5859375  	26.28382    	21.508150   	15.757512311
07/10/2010  	14.9866199  	26.27695    	20.669059   	15.612033327
08/10/2010  	13.4375210  	24.38541    	18.447154   	15.585728049
09/10/2010  	13.2350636  	23.45596    	17.845291   	14.981556873
10/10/2010  	12.8550243  	23.71237    	18.365892   	14.264185290
11/10/2010  	14.7818403  	21.93427    	18.881829   	13.562513789
12/10/2010  	14.2208872  	20.85479    	18.903851   	13.303866545
13/10/2010  	13.7762880  	21.62929    	18.447916   	13.093795439
14/10/2010  	13.8124666  	20.22072    	18.344964   	12.998769462
15/10/2010  	15.0215368  	20.67830    	18.354369   	12.865176996
16/10/2010  	16.7571392  	20.63351    	18.513228   	11.753867944
17/10/2010  	 8.7812891  	22.53714    	15.248899   	10.460998257
18/10/2010  	11.4563866  	23.67813    	19.274708   	11.287123382
19/10/2010  	17.8548069  	26.08314    	22.141208   	11.670630256
20/10/2010  	17.3959885  	25.24739    	21.329768   	10.517378370
21/10/2010  	16.3749371  	23.56662    	21.255551   	 9.942699432
22/10/2010  	19.1509151  	25.69628    	22.671883   	10.177985609
23/10/2010  	17.8585243  	27.68244    	24.551097   	10.652937949
24/10/2010  	18.8896809  	27.51093    	24.328568   	 9.874664664
25/10/2010  	14.6117716  	23.77496    	20.590928   	 8.670984467
26/10/2010  	 9.9974346  	24.09355    	18.724501   	 8.434002598
27/10/2010  	16.1195469  	27.06816    	23.591815   	 9.457464814
28/10/2010  	16.5477486  	27.90239    	23.000744   	10.185213327
29/10/2010  	 5.4404116  	28.14075    	20.863806   	10.220440884
30/10/2010  	12.2542038  	29.05537    	23.096854   	10.596534530
31/10/2010  	16.4899426  	29.07929    	22.749725   	10.456197600
01/11/2010  	16.6006165  	27.67772    	22.065276   	10.457234979
02/11/2010  	13.1554947  	26.83712    	23.231377   	10.600035111
03/11/2010  	25.1352119  	28.41606    	27.238680   	11.201103608
04/11/2010  	23.9412918  	28.44299    	27.692617   	11.603712698
05/11/2010  	27.9600353  	29.10015    	28.569291   	12.093192995
06/11/2010  	18.1950531  	28.86660    	26.588546   	11.705482026
07/11/2010  	12.7990627  	27.14532    	21.048512   	10.755418698
08/11/2010  	 2.9672356  	21.54320    	16.315100   	 9.331346611
09/11/2010  	 2.3672047  	24.12965    	18.944484   	 8.563750088
10/11/2010  	13.1331739  	24.70801    	19.662716   	 8.198000054
11/11/2010  	15.2340841  	27.37407    	21.158550   	 8.082344254
12/11/2010  	27.0242634  	31.51186    	30.195398   	10.146354040
13/11/2010  	28.1791286  	31.13410    	30.176543   	 9.530163149
14/11/2010  	22.5283222  	30.90613    	26.866259   	 9.240378777
15/11/2010  	21.3969555  	30.61731    	26.192674   	 8.854436427
16/11/2010  	12.9569836  	29.91991    	22.283908   	 8.243860076
17/11/2010  	 6.7088962  	27.69357    	17.225752   	 7.519713273
18/11/2010  	 6.1300821  	25.66317    	17.373515   	 7.495022575
19/11/2010  	 9.8535414  	24.49644    	18.088219   	 7.508597205
20/11/2010  	11.1403513  	24.74434    	18.496489   	 7.594898264
21/11/2010  	12.1723394  	23.70136    	17.389786   	 7.379897137
22/11/2010  	11.2887802  	20.90863    	17.959183   	 7.027347873
23/11/2010  	13.8009739  	22.23491    	18.947151   	 6.616480301
24/11/2010  	14.1568203  	22.88476    	18.712412   	 6.028634012
25/11/2010  	12.9913874  	20.96760    	18.138881   	 5.679770221
26/11/2010  	11.0340023  	20.95237    	15.597542   	 5.203059355
27/11/2010  	 5.6275735  	21.93691    	14.358917   	 4.705828488
28/11/2010  	 5.8775415  	21.16368    	13.421276   	 3.972576104
29/11/2010  	 6.1304164  	21.29031    	15.666082   	 3.148079656
30/11/2010  	16.0128593  	22.26087    	19.739612   	 2.311784741
01/12/2010  	13.4332190  	22.37041    	20.014901   	 0.346504951
02/12/2010  	15.7360497  	22.67495    	20.371334   	 0.450198739
03/12/2010  	15.9933596  	24.94143    	20.563340   	 0.929361081
04/12/2010  	17.5355339  	27.20672    	24.310789   	 2.463691997
05/12/2010  	21.4988842  	28.63733    	25.913657   	 3.248409530
06/12/2010  	19.8222771  	27.62572    	23.446145   	 2.411950963
07/12/2010  	18.8827419  	26.64402    	22.684441   	 1.944420107
08/12/2010  	16.7851105  	26.24744    	20.871562   	 1.617606495
09/12/2010  	16.7882366  	25.76219    	22.513804   	 2.084031691
10/12/2010  	17.3583508  	24.95496    	22.416564   	 2.524382065
11/12/2010  	19.0799179  	24.47061    	21.701683   	 3.287619099
12/12/2010  	18.0136280  	23.29198    	22.029396   	 3.358122836
13/12/2010  	11.9746170  	23.07915    	17.334042   	 1.993757740
14/12/2010  	 9.4287205  	22.40624    	17.684575   	 1.639643391
15/12/2010  	11.0702295  	23.49075    	19.849730   	 1.854594034
16/12/2010  	12.6206312  	24.01164    	19.689299   	 2.298530132
17/12/2010  	14.7592840  	23.89252    	19.441969   	 1.995855639
18/12/2010  	 7.1082878  	22.97868    	16.781278   	 1.439093533
19/12/2010  	 6.9424005  	22.94774    	15.567891   	 0.659565959
20/12/2010  	 9.6483984  	24.35215    	18.908801   	 0.775562755
21/12/2010  	11.1282234  	22.98910    	18.230756   	 0.281458046
22/12/2010  	 9.1321259  	22.12084    	17.020706   	 0.056310445
23/12/2010  	12.4280510  	22.57623    	19.860392   	 0.122578046
24/12/2010  	14.3504095  	21.81127    	19.949804   	-0.161125802
25/12/2010  	 9.0169525  	23.39867    	18.547030   	-0.544596444
26/12/2010  	 9.2810545  	23.22705    	16.666235   	-0.391893465
27/12/2010  	 8.6699438  	23.86444    	16.068150   	-0.019454697
28/12/2010  	 6.0270667  	23.94743    	15.583212   	 0.008255089
29/12/2010  	 6.7156043  	22.18983    	14.730739   	 0.116788032
30/12/2010  	 8.9850035  	23.67958    	17.170523   	 0.323892008
31/12/2010  	10.0370970  	22.38556    	17.295094   	 0.678206692
01/01/2011  	10.0895662  	24.34815    	18.714348   	 1.288166299
02/01/2011  	10.3264475  	21.13018    	16.850826   	 1.187078051
03/01/2011  	 7.0934219  	22.53423    	15.600534   	 1.077736782
04/01/2011  	 8.8785734  	23.83399    	17.693559   	 1.212365956
05/01/2011  	 8.2431612  	25.74130    	19.464707   	 1.228272243
06/01/2011  	10.0117016  	26.86523    	20.732447   	 1.469706973
07/01/2011  	13.9001522  	25.26354    	19.778255   	 1.504738541
08/01/2011  	11.6125088  	27.67175    	22.543682   	 2.586609672
09/01/2011  	15.0360374  	27.46551    	22.217927   	 2.666254550
10/01/2011  	 8.1782141  	27.15370    	19.780650   	 2.182958300
11/01/2011  	 7.6760411  	27.94593    	20.080730   	 1.922192865
12/01/2011  	10.0805740  	27.92000    	19.384574   	 2.163015316
13/01/2011  	11.4796705  	26.91567    	20.683355   	 2.688471884
14/01/2011  	13.9285612  	27.04151    	23.035958   	 3.545156891
15/01/2011  	18.6859837  	27.69641    	25.794059   	 3.903032457
16/01/2011  	25.5487156  	28.24334    	27.840304   	 3.860807811
17/01/2011  	15.6155109  	28.10432    	23.983464   	 4.262050961
18/01/2011  	13.9357004  	27.17881    	21.257240   	 4.098647828
19/01/2011  	 9.7364511  	23.71839    	18.762598   	 3.866204441
20/01/2011  	 4.5980873  	21.05611    	15.270385   	 3.384488508
21/01/2011  	 3.5451560  	21.02616    	12.595820   	 3.073944837
22/01/2011  	 2.7979717  	18.92689    	11.286674   	 3.263165514
23/01/2011  	 2.7048182  	16.85631    	10.165058   	 3.456406221
24/01/2011  	 3.2110305  	20.83124    	11.154586   	 3.862404188
25/01/2011  	 4.0057826  	20.63592    	11.348030   	 3.823122963
26/01/2011  	 2.5580668  	18.62211    	 9.259683   	 3.360298504
27/01/2011  	 1.7419370  	18.34838    	 7.367448   	 2.114095152
28/01/2011  	 1.2020667  	19.32378    	 8.052827   	 1.299565112
29/01/2011  	 4.3065538  	20.86309    	11.487411   	 1.499496610
30/01/2011  	 4.5158877  	20.13202    	12.092147   	 1.623421213
31/01/2011  	 5.5264978  	19.59024    	13.116006   	 1.825329036
01/02/2011  	 6.5554833  	22.86437    	15.298788   	 1.860653780
02/02/2011  	 6.2439985  	24.11074    	17.160182   	 2.367878333
03/02/2011  	12.3310499  	26.68050    	21.342602   	 3.198995779
04/02/2011  	12.4085178  	30.01152    	26.206410   	 3.798937793
05/02/2011  	28.6021824  	29.97996    	29.292151   	 4.264686738
06/02/2011  	28.0206585  	29.07442    	28.744576   	 4.494658530
07/02/2011  	27.3311501  	28.69003    	28.023138   	 4.451957474
08/02/2011  	23.9858284  	28.27409    	27.538558   	 4.373648723
09/02/2011  	13.0101738  	27.48323    	22.486532   	 4.501087278
10/02/2011  	12.0792542  	27.81750    	22.202844   	 4.552132875
11/02/2011  	16.1675510  	27.73043    	21.879716   	 4.881766568
12/02/2011  	 0.5764115  	24.77552    	13.194997   	 4.331337680
13/02/2011  	 8.9464989  	24.15335    	17.827376   	 4.453178038
14/02/2011  	 7.6074748  	24.90874    	17.699498   	 4.635061542
15/02/2011  	 9.6396742  	25.17322    	18.407892   	 4.622193962
16/02/2011  	10.3553228  	25.73657    	20.481701   	 4.632448345
17/02/2011  	13.4868917  	24.84636    	19.462893   	 4.399356107
18/02/2011  	12.5403585  	23.63989    	18.449868   	 3.775523926
19/02/2011  	 6.7471032  	19.80091    	15.532411   	 3.077612882
20/02/2011  	 5.5842347  	23.02664    	19.853504   	 2.482390294
21/02/2011  	20.5418758  	24.01094    	22.333335   	 1.369196904
22/02/2011  	21.8134499  	24.05998    	22.669468   	 0.662894108
23/02/2011  	17.0795612  	24.50115    	21.409978   	 0.653426398
24/02/2011  	16.5447617  	25.77341    	22.190990   	 1.539245197
25/02/2011  	15.9543724  	25.69420    	21.019609   	 2.277874877
26/02/2011  	16.6755161  	26.47534    	21.961455   	 3.138584996
27/02/2011  	18.3220215  	26.89026    	22.554533   	 3.755846625
28/02/2011  	17.8358784  	23.55498    	21.728292   	 3.179992159
01/03/2011  	 7.4162850  	21.80861    	15.969926   	 2.927755848
02/03/2011  	 5.4886513  	21.47593    	15.464515   	 2.624061043
03/03/2011  	 7.3947673  	20.56692    	15.175389   	 2.431582352
04/03/2011  	15.4705458  	23.50276    	19.275365   	 2.449374450
05/03/2011  	14.7433081  	23.18031    	18.874069   	 2.903488229
06/03/2011  	14.0779743  	20.80010    	18.294938   	 3.085758050
07/03/2011  	13.0372782  	22.85466    	17.519179   	 2.956946095
08/03/2011  	12.8343744  	24.30402    	18.133199   	 2.951103886
09/03/2011  	15.4741783  	26.63754    	22.511577   	 3.577774768
10/03/2011  	17.7653770  	28.87599    	24.634305   	 4.264177745
11/03/2011  	21.0472317  	28.82743    	25.944990   	 4.668972224
12/03/2011  	15.7163363  	28.63866    	22.898660   	 4.663436522
13/03/2011  	16.2785110  	28.02795    	21.885984   	 5.003717929
14/03/2011  	15.8459644  	26.97940    	21.095602   	 5.342868288
15/03/2011  	11.7134476  	25.29138    	18.636952   	 5.760967205
16/03/2011  	14.4239922  	24.91549    	20.271937   	 5.736348589
17/03/2011  	12.3832731  	25.75843    	20.176881   	 5.742032746
18/03/2011  	16.4192657  	25.84529    	21.628560   	 5.753583908
19/03/2011  	19.3602962  	24.90585    	22.028586   	 5.754196058
20/03/2011  	18.5914059  	25.29271    	22.042337   	 5.925801655
21/03/2011  	19.9378090  	25.44150    	22.281922   	 6.045228601
22/03/2011  	20.3900223  	25.58072    	22.218770   	 6.396779339
23/03/2011  	19.2547607  	25.01019    	21.474677   	 6.941887597
24/03/2011  	17.3465881  	23.81470    	21.119316   	 7.243060678
25/03/2011  	16.7437687  	24.57937    	20.718011   	 7.468333115
26/03/2011  	16.4523029  	23.94094    	20.706370   	 7.278498640
27/03/2011  	14.6575508  	23.77385    	19.520550   	 6.439394732
28/03/2011  	16.3201828  	24.45045    	20.733503   	 6.447194080
29/03/2011  	16.8369331  	25.37665    	20.984038   	 6.742931823
30/03/2011  	17.9953709  	26.07284    	21.907577   	 7.198135744
31/03/2011  	19.4996223  	27.77234    	23.861368   	 7.468936880
01/04/2011  	23.4844589  	28.20638    	25.819308   	 7.746603946
02/04/2011  	22.4765244  	28.40903    	25.434565   	 8.459750603
03/04/2011  	22.3065643  	28.34673    	25.127228   	 9.150162180
04/04/2011  	22.4143620  	28.07130    	25.272952   	 9.255139987
05/04/2011  	22.5865536  	28.44158    	26.531153   	 8.811465998
06/04/2011  	25.5756836  	28.52379    	27.347547   	 9.078565478
07/04/2011  	24.1357727  	28.60955    	26.850498   	 9.832374334
08/04/2011  	22.0574265  	28.51073    	25.587780   	10.230022113
09/04/2011  	19.7659931  	27.04040    	24.645308   	10.443129381
10/04/2011  	20.4723186  	26.63216    	23.444001   	10.533182005
11/04/2011  	18.9319763  	26.93236    	23.532111   	10.974117994
12/04/2011  	20.3948689  	26.79004    	23.506397   	10.910353422
13/04/2011  	20.4729118  	25.56041    	23.307714   	10.084921161
14/04/2011  	20.9402885  	26.76747    	23.735308   	10.238961418
15/04/2011  	18.8889141  	26.41102    	22.993294   	10.498286386
16/04/2011  	17.9270229  	26.69149    	22.903143   	10.914872865
17/04/2011  	19.6746349  	26.45536    	23.588697   	11.399906059
18/04/2011  	21.9199638  	25.99344    	24.011141   	11.811918596
19/04/2011  	22.4105358  	25.99799    	24.515009   	12.253185352
20/04/2011  	18.0910244  	25.81645    	23.303571   	12.907679141
21/04/2011  	18.2773857  	26.11494    	22.634310   	13.190974633
22/04/2011  	16.9704914  	26.43090    	22.534086   	13.627338648
23/04/2011  	20.3006077  	26.75316    	24.409858   	13.899684985
24/04/2011  	22.3688927  	26.91105    	25.015726   	14.260686576
25/04/2011  	20.1698322  	26.54395    	23.464122   	14.569219967
26/04/2011  	21.3358097  	27.60098    	24.998394   	13.777148585
27/04/2011  	24.6507359  	28.14622    	27.121473   	12.216878533
28/04/2011  	26.7448883  	27.81847    	27.211119   	12.438683510
29/04/2011  	26.8917332  	27.22601    	27.077007   	12.924262524
30/04/2011  	26.3754482  	27.60523    	27.059327   	12.947663367
01/05/2011  	26.7350788  	28.73546    	27.640780   	12.362891952
02/05/2011  	27.8179798  	29.59462    	28.771464   	11.842071970
03/05/2011  	28.4551754  	29.24266    	28.983675   	10.838437915
04/05/2011  	28.9096375  	29.50261    	29.152187   	11.214498103
05/05/2011  	28.8353558  	29.44595    	29.029516   	11.505922337
06/05/2011  	28.7040977  	29.23993    	28.973861   	12.223756174
07/05/2011  	28.3727341  	29.26950    	28.806210   	13.077717245
08/05/2011  	28.2823734  	29.19326    	28.713684   	13.605505904
09/05/2011  	28.4052162  	29.71121    	28.939589   	14.158287287
10/05/2011  	28.4203072  	29.88260    	29.220408   	14.463346203
11/05/2011  	28.5789852  	29.93267    	29.414021   	14.978115201
12/05/2011  	28.8208084  	30.10290    	29.492560   	15.392062684
13/05/2011  	28.9675961  	30.34927    	29.588304   	15.263580918
14/05/2011  	28.9872570  	30.33915    	29.599933   	15.137251993
15/05/2011  	29.0357857  	30.52862    	29.653434   	14.485670527
16/05/2011  	28.8836040  	30.38260    	29.434552   	14.503206154
17/05/2011  	28.6668549  	30.16448    	29.464512   	14.647391796
18/05/2011  	28.3226376  	30.25545    	29.500681   	14.797122618
19/05/2011  	28.2913723  	30.32472    	29.437264   	15.122097790
20/05/2011  	28.7304096  	30.39114    	29.456335   	15.442115525
21/05/2011  	28.6182804  	30.43644    	29.532062   	16.002162099
22/05/2011  	28.7246208  	30.34496    	29.682588   	16.413853188
23/05/2011  	28.9531975  	30.50939    	29.919161   	16.030459921
24/05/2011  	29.4398479  	30.54017    	30.207761   	15.565506876
25/05/2011  	29.4470901  	30.46518    	30.326313   	15.497321924
26/05/2011  	29.2886982  	30.48383    	30.093056   	15.536987861
27/05/2011  	30.3113060  	30.44308    	30.410493   	14.821546654
28/05/2011  	29.6190834  	30.38272    	30.227385   	14.519216835
29/05/2011  	29.5550919  	30.32939    	30.127222   	14.717622459
30/05/2011  	29.3021145  	30.19893    	29.922284   	15.156285564
31/05/2011  	29.3999767  	30.37487    	29.940866   	15.795415302
01/06/2011  	29.6823864  	30.40076    	30.046436   	15.874996205
02/06/2011  	27.8935852  	30.10912    	29.482707   	16.679268281
03/06/2011  	27.7435055  	29.84755    	28.684843   	17.127263029
04/06/2011  	28.3287468  	30.18511    	29.349832   	17.255995711
05/06/2011  	29.4420223  	30.32640    	30.043059   	16.409293572
06/06/2011  	26.9456615  	30.28000    	29.808156   	16.511559268
07/06/2011  	25.4161930  	30.39390    	28.604553   	16.981897155
08/06/2011  	25.6732960  	29.85729    	28.096320   	17.310559988
09/06/2011  	26.3724079  	29.86417    	28.561142   	17.116705139
10/06/2011  	26.9614429  	29.98861    	28.595587   	17.043232004
11/06/2011  	26.7861366  	29.97850    	28.634380   	16.904573222
12/06/2011  	22.4909687  	30.08614    	27.694857   	16.795989474
13/06/2011  	24.0049133  	30.35107    	29.239057   	16.874209046
14/06/2011  	27.1924515  	30.30305    	29.005184   	17.121491671
15/06/2011  	27.1600952  	30.26992    	28.954279   	17.733853738
16/06/2011  	26.9932537  	30.29693    	29.097418   	17.745516181
17/06/2011  	26.8814678  	30.06121    	28.589752   	17.337624788
18/06/2011  	20.6327019  	30.35064    	28.223664   	16.971018910
19/06/2011  	28.9145031  	30.43080    	29.949975   	16.517276724
20/06/2011  	28.4646511  	30.25274    	29.674610   	16.417631884
21/06/2011  	27.9740582  	30.15496    	29.331303   	17.171325803
22/06/2011  	28.5526237  	30.20362    	29.770854   	17.170576890
23/06/2011  	29.0341148  	30.31389    	30.023476   	17.255757054
24/06/2011  	26.9064655  	30.23570    	29.266732   	17.156980276
25/06/2011  	24.0991669  	30.23480    	28.495162   	17.147075931
26/06/2011  	25.9119072  	30.26501    	28.762302   	18.142933647
27/06/2011  	24.6937675  	30.26559    	27.477851   	19.076616168
28/06/2011  	24.5923481  	30.25687    	27.793213   	19.798769633
29/06/2011  	25.2247334  	30.15165    	28.121980   	19.955155452
30/06/2011  	21.4168701  	29.04376    	26.890114   	19.148555557
01/07/2011  	21.4489384  	29.04988    	26.483880   	18.286662658
02/07/2011  	20.0790005  	28.02462    	25.210521   	17.592883031
03/07/2011  	19.5253906  	26.82290    	24.739645   	16.859700561
04/07/2011  	20.3379498  	27.88214    	24.179608   	17.228333116
05/07/2011  	19.6967125  	27.63765    	23.376853   	17.919789433
06/07/2011  	19.8377991  	27.83927    	23.974096   	18.459813555
07/07/2011  	20.8968506  	28.06979    	24.421275   	18.301617503
08/07/2011  	17.9356461  	28.15031    	24.734154   	18.629175464
09/07/2011  	21.5537338  	28.56499    	25.874742   	18.818618536
10/07/2011  	22.0201569  	28.92182    	26.140071   	18.825143973
11/07/2011  	21.5350933  	28.36403    	25.430018   	19.392784317
12/07/2011  	22.3349953  	27.48293    	25.851104   	19.161703587
13/07/2011  	18.8088455  	27.59074    	26.136473   	17.348964512
14/07/2011  	19.9603405  	27.48975    	25.155816   	17.439219952
15/07/2011  	15.1586075  	28.05097    	24.692687   	17.367063125
16/07/2011  	11.4621391  	26.88926    	21.798236   	17.570561409
17/07/2011  	17.5543327  	27.32992    	24.651428   	17.617171884
18/07/2011  	19.8911667  	29.75521    	27.407890   	17.594416499
19/07/2011  	17.1877575  	30.44602    	26.375007   	17.439009865
20/07/2011  	15.3054419  	29.60038    	23.008327   	17.987064044
21/07/2011  	19.6424408  	28.23339    	23.321133   	18.631052852
22/07/2011  	21.1117954  	26.73373    	23.937214   	17.766195774
23/07/2011  	21.8439236  	26.63804    	24.302482   	16.754480282
24/07/2011  	24.0876732  	27.03492    	25.617596   	16.582365513
25/07/2011  	18.5332279  	27.06303    	24.525131   	15.700515787
26/07/2011  	13.2659349  	24.88618    	20.209960   	16.028419813
27/07/2011  	10.2916517  	24.09134    	17.643330   	16.855926951
28/07/2011  	11.2286978  	22.62306    	17.395038   	17.613295396
29/07/2011  	10.1839275  	23.03192    	17.510957   	17.422876398
30/07/2011  	12.4297714  	23.16180    	18.982374   	16.677931825
31/07/2011  	14.6321535  	23.60365    	19.292833   	16.590928535
01/08/2011  	13.7396231  	24.02422    	19.092057   	17.277266820
02/08/2011  	12.7590494  	24.76955    	18.898700   	17.899726470
03/08/2011  	14.9585218  	25.27144    	20.131878   	18.527317802
04/08/2011  	16.1189175  	25.67093    	20.900134   	18.999067585
05/08/2011  	16.1231480  	25.89746    	20.652417   	19.419902047
06/08/2011  	15.8890581  	25.74103    	20.965793   	19.446267565
07/08/2011  	17.2628956  	26.88211    	22.830959   	19.129539609
08/08/2011  	18.5184746  	28.16051    	24.333657   	18.638051867
09/08/2011  	22.0505905  	28.04723    	25.468230   	17.279145598
10/08/2011  	19.7059059  	25.73448    	24.095982   	16.155404766
11/08/2011  	23.5975151  	27.16048    	26.130007   	17.081091324
12/08/2011  	18.4326553  	27.37628    	23.916151   	17.424940825
13/08/2011  	12.6232309  	26.53750    	20.649514   	17.728889783
14/08/2011  	13.5475006  	27.10054    	21.101630   	18.101672928
15/08/2011  	17.2055950  	26.55254    	21.372032   	18.284142653
16/08/2011  	15.0410547  	25.83918    	20.889816   	18.256896695
17/08/2011  	13.7501774  	25.74163    	19.997121   	18.290619771
18/08/2011  	12.7560472  	24.24923    	18.925927   	18.068661292
19/08/2011  	14.2782612  	24.20467    	19.248834   	18.048096021
20/08/2011  	14.2038565  	23.95563    	18.727186   	17.887661099
21/08/2011  	12.2250395  	24.06812    	18.611402   	18.328491410
22/08/2011  	13.9357758  	23.28409    	19.612506   	18.800868948
23/08/2011  	11.9206448  	23.73896    	19.055505   	18.759750803
24/08/2011  	14.1124897  	24.18679    	19.148800   	19.177619497
25/08/2011  	14.2274694  	24.56385    	19.726725   	19.013120929
26/08/2011  	13.8949547  	25.08128    	20.820247   	18.917883873
27/08/2011  	17.1757946  	26.68305    	21.803395   	18.547828833
28/08/2011  	16.1836033  	26.79834    	22.577028   	17.954507311
29/08/2011  	17.9877663  	28.03880    	23.566057   	16.941710273
30/08/2011  	14.1036196  	25.96380    	20.599719   	15.437885841
31/08/2011  	11.5450306  	25.77212    	18.925205   	16.028581003
01/09/2011  	11.8053589  	24.67767    	18.235485   	16.099877457
02/09/2011  	12.4074230  	24.24748    	18.428205   	16.289273461
03/09/2011  	14.8328934  	25.22449    	19.880418   	16.905095657
04/09/2011  	15.5193663  	25.44317    	20.228884   	17.474566182
05/09/2011  	16.2621040  	27.65340    	22.736390   	17.393815160
06/09/2011  	21.5493317  	30.89020    	28.287891   	17.250313560
07/09/2011  	29.2265339  	30.89987    	29.842411   	17.116812388
08/09/2011  	28.7183762  	29.56980    	29.027460   	16.295461317
09/09/2011  	16.9193306  	28.72257    	26.343777   	16.138974349
10/09/2011  	11.3181753  	28.37180    	22.575654   	16.632262627
11/09/2011  	11.3765516  	28.18361    	23.853369   	17.079662522
12/09/2011  	18.8409386  	29.02892    	27.237229   	17.097599586
13/09/2011  	28.5411739  	29.53527    	29.077221   	16.846149087
14/09/2011  	28.8524475  	29.57491    	29.308255   	15.972575068
15/09/2011  	22.1543312  	29.42363    	27.280097   	15.045413951
16/09/2011  	13.3568478  	27.11376    	20.318807   	14.633224269
17/09/2011  	 7.4614167  	27.56292    	20.986295   	15.213074644
18/09/2011  	17.5490494  	27.92669    	23.647146   	15.199098845
19/09/2011  	16.1379528  	27.91026    	22.253837   	14.927605470
20/09/2011  	16.6328468  	28.06374    	23.950146   	15.387640953
21/09/2011  	24.6116467  	28.73306    	27.396134   	15.780731142
22/09/2011  	26.9911537  	29.04094    	28.273191   	15.583405713
23/09/2011  	20.2027683  	29.14189    	25.860568   	14.764398873
24/09/2011  	16.0624943  	29.01930    	23.659550   	14.904702743
25/09/2011  	19.3994007  	28.93118    	23.718474   	15.246375640
26/09/2011  	17.3186913  	27.47620    	22.757720   	15.665437937
27/09/2011  	18.0298309  	27.52166    	22.290788   	15.967244645
28/09/2011  	16.5378742  	26.15082    	21.536072   	16.185184220
29/09/2011  	16.7933617  	25.74531    	20.996390   	16.513731877
30/09/2011  	16.1341629  	25.20733    	20.862606   	16.813553731
01/10/2011  	16.6518326  	24.90510    	20.522765   	17.051663796
02/10/2011  	14.7385235  	24.25352    	19.495268   	17.251018206
03/10/2011  	14.0657825  	26.21836    	19.415998   	17.440441449
04/10/2011  	14.9450684  	26.87173    	21.296313   	17.197974761
05/10/2011  	15.5395193  	27.02344    	22.121208   	16.829514464
06/10/2011  	27.4576359  	29.76776    	28.835133   	16.627620260
07/10/2011  	26.1679306  	29.88375    	29.234429   	14.858526985
08/10/2011  	21.7036934  	28.91725    	25.525112   	13.111453255
09/10/2011  	15.1820297  	25.98047    	22.400099   	12.417653223
10/10/2011  	17.4584808  	27.29611    	25.385474   	13.826557239
11/10/2011  	24.3433590  	27.85638    	26.900778   	14.254562974
12/10/2011  	18.2848606  	27.34982    	24.174222   	13.769054472
13/10/2011  	13.7387352  	25.48203    	19.471325   	13.177478214
14/10/2011  	 8.1796970  	22.84968    	16.095116   	12.585861444
15/10/2011  	 4.0899506  	22.33013    	14.959137   	11.951067229
16/10/2011  	 5.6427908  	23.44528    	16.640005   	11.776627719
17/10/2011  	11.1637573  	25.93236    	18.407285   	12.214719474
18/10/2011  	22.2239246  	28.87550    	26.314212   	13.263031224
19/10/2011  	22.9076939  	28.72326    	26.438682   	11.751380245
20/10/2011  	21.1809425  	27.56120    	23.732532   	 9.762589057
21/10/2011  	15.8941774  	26.00206    	21.998245   	 9.423386931
22/10/2011  	 7.2148347  	26.67060    	19.562083   	 9.419725617
23/10/2011  	 6.0041380  	27.31293    	18.948626   	 9.419568400
24/10/2011  	 6.5986505  	26.59834    	17.584675   	 9.276242514
25/10/2011  	10.7920017  	24.02313    	20.854006   	 9.465264102
26/10/2011  	19.0679626  	26.73190    	24.078209   	10.129843891
27/10/2011  	20.6425552  	27.63332    	24.490927   	10.164045433
28/10/2011  	17.8607750  	27.56752    	23.938316   	10.475020329
29/10/2011  	18.8827763  	26.70361    	23.577180   	10.645449698
30/10/2011  	19.4180489  	27.60663    	23.633960   	11.232937316
31/10/2011  	19.0076656  	27.33356    	23.609672   	11.721111139
01/11/2011  	17.9523296  	28.15606    	23.533057   	11.630231877
02/11/2011  	19.4293499  	27.89104    	23.639111   	11.549596449
03/11/2011  	11.4705372  	27.08451    	21.502723   	11.608939966
04/11/2011  	18.4977474  	27.68086    	23.883986   	12.056936006
05/11/2011  	21.1939545  	28.06401    	24.845804   	12.160299420
06/11/2011  	22.5232010  	27.70005    	25.380388   	12.010737459
07/11/2011  	19.1241608  	25.95235    	24.325298   	11.562236210
08/11/2011  	17.9316616  	26.21867    	22.559730   	10.773849249
09/11/2011  	20.5761890  	26.20422    	24.250315   	10.514153163
10/11/2011  	22.7714157  	26.85548    	25.113236   	10.292209347
11/11/2011  	24.1671410  	27.03171    	25.346761   	 9.472977161
12/11/2011  	24.9351177  	27.58303    	25.975947   	 8.979154905
13/11/2011  	25.0237980  	27.92270    	26.057282   	 8.762462427
14/11/2011  	21.9582539  	27.80924    	25.656092   	 7.983139575
15/11/2011  	22.5074291  	27.89500    	25.211218   	 7.313789507
16/11/2011  	18.8452816  	27.82816    	24.722797   	 6.472171575
17/11/2011  	21.2255745  	28.19231    	24.842529   	 6.294087062
18/11/2011  	21.2536182  	28.90543    	24.772583   	 6.822893133
19/11/2011  	21.8616142  	29.18315    	25.620233   	 7.265953193
20/11/2011  	23.3479996  	29.01849    	26.115027   	 7.297658592
21/11/2011  	24.4856052  	29.05388    	26.525502   	 7.257481982
22/11/2011  	25.1467419  	29.19302    	26.773257   	 7.242579559
23/11/2011  	24.4919910  	28.96091    	26.746794   	 7.470832884
24/11/2011  	24.3082829  	29.28027    	26.705778   	 7.825122068
25/11/2011  	20.7299500  	30.76387    	28.153521   	 8.473861039
26/11/2011  	25.5609684  	29.83661    	28.291986   	 8.341525753
27/11/2011  	27.4169559  	31.56464    	30.036841   	 9.227627695
28/11/2011  	25.6334381  	30.40773    	28.658718   	 8.461925189
29/11/2011  	17.1178112  	31.02071    	27.231157   	 8.239563564
30/11/2011  	24.2011814  	30.92033    	29.230410   	 8.460748384
01/12/2011  	25.3406410  	28.13375    	26.697755   	 8.296588818
02/12/2011  	22.6796989  	28.19496    	25.285404   	 7.991646657
03/12/2011  	26.3711491  	28.26514    	27.431815   	 8.424094846
04/12/2011  	26.9527645  	28.55425    	27.881726   	 8.169553200
05/12/2011  	28.1124802  	28.39427    	28.269629   	 7.497340719
06/12/2011  	27.5745506  	28.27817    	28.124625   	 6.721740574
07/12/2011  	27.5096874  	28.38962    	28.121642   	 6.459947079
08/12/2011  	27.6530724  	28.53815    	28.220696   	 6.505660693
09/12/2011  	27.7637768  	28.74799    	28.447777   	 7.013393372
10/12/2011  	28.2959080  	28.72893    	28.557150   	 6.318468322
11/12/2011  	19.7822609  	28.70562    	27.508547   	 5.691614976
12/12/2011  	17.7499428  	28.47704    	25.847368   	 5.861557881
13/12/2011  	24.4469318  	29.20264    	28.284258   	 6.474198192
14/12/2011  	28.0682983  	29.18165    	28.774364   	 6.821133445
15/12/2011  	28.1185722  	29.02779    	28.791334   	 6.569591204
16/12/2011  	16.1826115  	28.79209    	27.207573   	 5.854450097
17/12/2011  	19.5129585  	28.26198    	25.141600   	 5.163326005
18/12/2011  	16.5787582  	27.17303    	23.533723   	 4.639384518
19/12/2011  	 9.7738686  	25.93986    	19.546365   	 4.247312352
20/12/2011  	13.3071690  	26.76424    	21.889800   	 4.640328010
21/12/2011  	 9.6753407  	24.49354    	17.935907   	 4.522612721
22/12/2011  	 7.6415992  	24.15979    	17.238633   	 4.974205464
23/12/2011  	 6.5229969  	25.55196    	18.678128   	 5.405530771
24/12/2011  	16.0218811  	25.96869    	21.854889   	 5.464996835
25/12/2011  	11.7149839  	25.35572    	20.486610   	 5.750852327
26/12/2011  	12.1249485  	26.45596    	21.683141   	 6.412361473
27/12/2011  	12.7725496  	26.74906    	21.460824   	 6.644091864
28/12/2011  	11.0513983  	27.54005    	21.044197   	 6.516430746
29/12/2011  	26.3965454  	28.33972    	27.489590   	 6.205712120
30/12/2011  	21.5083847  	28.13459    	26.113866   	 5.562398762
