date	smin	smax	smean	tmean
01/01/2009   	19.200912    	19.99546     	19.46943     	 1.9158177103
02/01/2009   	18.732677    	19.98227     	19.24583     	 1.9134324243
03/01/2009   	17.729584    	19.29033     	18.82032     	 1.6848420079
04/01/2009   	14.717211    	18.94783     	17.28887     	 1.7669947694
05/01/2009   	16.543344    	19.06635     	17.57324     	 1.5436400274
06/01/2009   	17.045465    	21.61297     	20.30874     	 1.0477486402
07/01/2009   	19.417816    	20.62635     	20.17899     	 0.7618259539
08/01/2009   	19.459209    	20.79824     	20.17622     	 0.7793352629
09/01/2009   	19.211748    	21.49229     	20.15387     	 0.5455054604
10/01/2009   	19.587160    	20.80733     	20.17518     	 0.3430145718
11/01/2009   	19.925055    	22.69239     	20.86306     	 0.1575282478
12/01/2009   	17.890383    	24.20314     	21.11069     	 0.3755216846
13/01/2009   	21.271057    	25.07956     	23.02412     	 1.4439037244
14/01/2009   	22.343096    	25.08954     	23.45512     	 1.7810749238
15/01/2009   	22.675308    	23.68533     	22.99199     	 1.6518480281
16/01/2009   	22.850533    	23.77819     	23.16670     	 1.6589277213
17/01/2009   	21.984159    	24.81394     	23.60724     	 2.1157624945
18/01/2009   	20.300364    	24.40048     	22.58231     	 2.5880181988
19/01/2009   	21.090504    	25.06048     	23.72044     	 2.8343548675
20/01/2009   	22.350985    	27.10229     	25.29719     	 3.0122800370
21/01/2009   	25.290264    	26.62143     	26.11721     	 2.8752456605
22/01/2009   	25.366936    	27.51626     	26.29517     	 2.6037571281
23/01/2009   	26.706171    	28.31760     	27.43623     	 2.6655178169
24/01/2009   	23.448771    	27.49071     	25.84189     	 2.9328839580
25/01/2009   	24.622549    	26.83798     	25.83887     	 2.8283792883
26/01/2009   	25.585234    	27.16806     	26.30350     	 2.6342515151
27/01/2009   	26.406763    	27.02357     	26.62829     	 2.3313071479
28/01/2009   	25.048479    	26.58434     	26.07852     	 2.0564088722
29/01/2009   	25.080933    	26.42336     	25.88331     	 1.8268348376
30/01/2009   	24.519943    	26.10816     	25.67687     	 1.5078571985
31/01/2009   	23.759033    	25.63045     	24.78402     	 1.1275472480
01/02/2009   	23.571199    	24.80966     	24.10556     	 0.7245213191
02/02/2009   	23.399820    	24.30828     	23.82809     	 0.4018491885
03/02/2009   	23.427855    	23.55918     	23.51989     	 0.5340243001
04/02/2009   	23.479649    	23.88722     	23.68142     	 0.6811386372
05/02/2009   	23.492607    	24.13999     	23.88502     	 0.8394128506
06/02/2009   	23.320141    	24.14736     	23.74917     	 1.1425452456
07/02/2009   	22.645988    	23.74084     	23.20165     	 1.2787090118
08/02/2009   	20.963854    	23.70193     	22.33339     	 1.2521902795
09/02/2009   	20.645195    	23.45146     	21.69599     	 1.3372925669
10/02/2009   	21.566473    	22.87038     	22.26110     	 1.4532373076
11/02/2009   	20.485155    	22.33124     	21.84796     	 1.5776992614
12/02/2009   	19.228430    	22.04018     	20.90666     	 1.7004982581
13/02/2009   	18.934505    	21.67459     	19.62070     	 1.8070432817
14/02/2009   	18.900757    	20.56731     	19.68455     	 1.7497491067
15/02/2009   	17.186691    	21.80676     	19.64069     	 1.8768642445
16/02/2009   	15.292180    	20.02594     	18.46213     	 2.2235435893
17/02/2009   	16.070438    	21.27353     	18.31435     	 2.5859175076
18/02/2009   	18.353237    	20.84331     	19.65849     	 2.4570979128
19/02/2009   	17.771624    	20.44576     	19.24127     	 2.4355999231
20/02/2009   	15.869051    	17.47795     	16.58741     	 2.7065587491
21/02/2009   	15.206834    	18.35112     	16.45345     	 2.8921520064
22/02/2009   	12.980783    	16.07722     	14.91428     	 3.2047671278
23/02/2009   	13.667965    	16.71018     	14.84584     	 3.5459367136
24/02/2009   	14.214792    	18.22644     	15.36746     	 3.6453765134
25/02/2009   	13.620844    	17.65484     	15.91646     	 3.8890849004
26/02/2009   	 9.650723    	17.37400     	14.25668     	 4.2177609801
27/02/2009   	12.776050    	15.37567     	13.97707     	 4.5308312078
28/02/2009   	14.031844    	16.57175     	14.71208     	 4.7422131101
01/03/2009   	15.772492    	18.06515     	16.73256     	 4.7664370338
02/03/2009   	16.124649    	17.50403     	16.85589     	 4.8677578171
03/03/2009   	15.758858    	19.82724     	17.61073     	 4.9917602440
04/03/2009   	17.921032    	21.02689     	19.45621     	 4.8712723752
05/03/2009   	19.182524    	21.26794     	20.10875     	 4.8073383272
06/03/2009   	17.271946    	19.91672     	19.34256     	 4.8328743478
07/03/2009   	16.638269    	19.85641     	18.36505     	 4.6744922598
08/03/2009   	15.552072    	19.85664     	17.21526     	 5.0280396442
09/03/2009   	14.416857    	18.23597     	16.36823     	 5.0838184853
10/03/2009   	14.846299    	17.73712     	16.06545     	 5.0896857580
11/03/2009   	16.066420    	17.61825     	17.04148     	 5.1005658805
12/03/2009   	14.204499    	18.81879     	16.69391     	 5.3378508886
13/03/2009   	16.193373    	18.44204     	16.91964     	 5.4383346240
14/03/2009   	14.901607    	17.75992     	16.92362     	 5.5658280253
15/03/2009   	13.153145    	17.36787     	16.07143     	 5.7629204591
16/03/2009   	15.181679    	17.20579     	15.82950     	 5.9338084956
17/03/2009   	15.605969    	18.36434     	16.42390     	 6.1975807349
18/03/2009   	14.925613    	16.49224     	15.66453     	 6.2237715522
19/03/2009   	15.060753    	17.10061     	15.80054     	 6.3950146735
20/03/2009   	15.153246    	16.34232     	15.70234     	 6.3551404277
21/03/2009   	13.711211    	16.72772     	15.33512     	 6.5427491963
22/03/2009   	12.490533    	14.23862     	13.36082     	 6.7073401809
23/03/2009   	 3.867473    	13.38085     	10.05088     	 6.9038950205
24/03/2009   	 8.495390    	15.14380     	10.68876     	 6.8094381193
25/03/2009   	10.488194    	16.23497     	12.64565     	 6.7253659070
26/03/2009   	11.155802    	15.82506     	13.68750     	 6.7189069688
27/03/2009   	 9.668106    	16.85598     	13.57717     	 6.6317644119
28/03/2009   	13.237570    	17.65317     	15.64277     	 6.5563206176
29/03/2009   	15.691562    	17.71131     	16.38174     	 6.4925079743
30/03/2009   	14.662412    	16.54385     	15.60478     	 6.4100163281
31/03/2009   	15.484898    	17.38553     	16.29749     	 6.6024008989
01/04/2009   	15.812890    	16.96365     	16.29171     	 6.8652575910
02/04/2009   	15.561085    	18.39177     	16.49878     	 7.1584226489
03/04/2009   	15.532552    	19.14562     	16.95172     	 7.5980397562
04/04/2009   	15.704185    	17.86145     	16.98958     	 7.8883696795
05/04/2009   	16.075905    	18.68708     	17.40386     	 8.2239220142
06/04/2009   	16.508062    	19.85556     	18.03149     	 8.4218573570
07/04/2009   	17.074863    	19.41305     	18.71195     	 8.7203001380
08/04/2009   	17.960678    	21.19174     	19.20170     	 8.7168108225
09/04/2009   	18.730558    	20.67538     	19.86393     	 8.7492495577
10/04/2009   	19.383854    	20.78829     	20.08871     	 9.1238221526
11/04/2009   	19.829565    	21.18430     	20.51539     	 9.3991194367
12/04/2009   	20.073977    	21.01874     	20.53575     	 9.6941015720
13/04/2009   	20.212906    	20.82272     	20.40678     	 9.8804733753
14/04/2009   	20.078995    	20.51059     	20.29600     	10.0809307496
15/04/2009   	19.925558    	20.40372     	20.25606     	10.4052667220
16/04/2009   	19.909674    	20.44020     	20.24754     	10.8211405277
17/04/2009   	19.976686    	20.79753     	20.46782     	10.9516443412
18/04/2009   	20.176825    	20.84991     	20.47649     	10.9491020838
19/04/2009   	20.283102    	20.86734     	20.52823     	11.1829296152
20/04/2009   	19.983044    	20.74391     	20.39228     	11.6937187314
21/04/2009   	20.310791    	20.82775     	20.64782     	12.1815773249
22/04/2009   	20.723816    	20.85181     	20.79632     	12.4600746433
23/04/2009   	20.277098    	20.87495     	20.73683     	12.5233827233
24/04/2009   	20.106403    	21.38560     	20.64256     	12.7834568222
25/04/2009   	20.092897    	22.11061     	21.23630     	12.6472891967
26/04/2009   	20.954296    	22.28140     	21.79388     	12.7498269876
27/04/2009   	21.444538    	22.64319     	21.82491     	12.8496373494
28/04/2009   	21.650900    	23.20845     	22.43184     	12.6625283162
29/04/2009   	21.768164    	22.98207     	22.28624     	12.6617450317
30/04/2009   	22.211052    	22.51058     	22.38413     	12.8386752208
01/05/2009   	22.251839    	22.49843     	22.38854     	13.2261367639
02/05/2009   	21.486790    	23.43615     	22.22384     	13.4934440454
03/05/2009   	20.667788    	22.14086     	21.50649     	13.4990564585
04/05/2009   	18.496288    	22.08255     	20.46433     	13.0372860034
05/05/2009   	15.327477    	20.72677     	17.90671     	12.8004337549
06/05/2009   	16.274818    	20.42703     	18.01366     	12.8049095472
07/05/2009   	17.659803    	20.31655     	18.76594     	12.8911309441
08/05/2009   	15.781087    	20.98289     	19.33931     	12.9543603261
09/05/2009   	17.696737    	21.91953     	20.00716     	12.9124065240
10/05/2009   	19.696981    	22.08233     	20.85878     	13.0965734522
11/05/2009   	20.441391    	21.26185     	20.91548     	13.1034313838
12/05/2009   	20.713627    	21.36063     	21.05217     	13.0189356605
13/05/2009   	20.751701    	23.73438     	21.90836     	13.0623321533
14/05/2009   	21.740845    	24.60565     	23.12074     	13.0435163180
15/05/2009   	22.692144    	25.01084     	23.95496     	13.0866933664
16/05/2009   	24.077366    	24.77767     	24.43785     	13.1640891631
17/05/2009   	23.974581    	25.14028     	24.52560     	13.3546275099
18/05/2009   	22.787430    	24.80695     	24.28510     	13.3961726626
19/05/2009   	22.903353    	24.58537     	23.84852     	13.4858163993
20/05/2009   	22.002686    	24.73651     	23.08381     	13.7582169573
21/05/2009   	22.646326    	24.03092     	23.52920     	14.1105809410
22/05/2009   	22.708063    	23.62097     	23.17927     	14.5292644501
23/05/2009   	22.790926    	23.70101     	23.20832     	14.9268259605
24/05/2009   	23.337141    	23.82269     	23.59169     	15.4551245372
25/05/2009   	23.620625    	24.03699     	23.78506     	15.9480044444
26/05/2009   	23.755442    	24.38924     	23.95229     	16.2506033182
27/05/2009   	18.102112    	24.00184     	22.42386     	15.8614443938
28/05/2009   	18.407618    	23.44116     	21.32719     	15.6713154515
29/05/2009   	21.323090    	23.28803     	22.16574     	15.9732809862
30/05/2009   	21.918074    	23.25967     	22.82142     	16.1217643221
31/05/2009   	22.498375    	23.21736     	22.94503     	16.4534338713
01/06/2009   	22.228504    	23.05017     	22.65626     	16.9915718635
02/06/2009   	21.426008    	22.69502     	22.19737     	17.0136564970
03/06/2009   	19.618002    	22.10991     	21.46602     	16.4931144317
04/06/2009   	19.396626    	22.05699     	20.61483     	15.6737506986
05/06/2009   	19.496847    	23.72435     	20.70806     	15.0951548219
06/06/2009   	21.335436    	24.68802     	23.07982     	14.6434783538
07/06/2009   	23.045158    	26.47120     	24.58544     	14.4956127008
08/06/2009   	24.379047    	26.33506     	25.35427     	14.8203563293
09/06/2009   	24.968893    	26.32253     	25.80316     	15.1436370015
10/06/2009   	25.681789    	26.36324     	26.04167     	15.3633782665
11/06/2009   	25.727867    	26.30791     	26.04136     	15.4139798482
12/06/2009   	24.976789    	26.09822     	25.67679     	15.4159057736
13/06/2009   	23.950787    	25.56308     	24.58600     	15.6044306358
14/06/2009   	23.577271    	25.57749     	24.33515     	16.1408032179
15/06/2009   	23.498899    	24.80193     	23.96559     	16.7157641649
16/06/2009   	23.689205    	25.15282     	24.16284     	16.6936298609
17/06/2009   	23.591488    	24.30082     	23.90665     	16.9348007838
18/06/2009   	23.689758    	24.48141     	24.10094     	17.1635287205
19/06/2009   	23.666697    	24.46935     	24.09231     	17.2355295420
20/06/2009   	23.493961    	24.19190     	23.83442     	17.0190147956
21/06/2009   	22.588978    	24.14040     	23.61085     	17.0814349651
22/06/2009   	22.439508    	24.13401     	22.93694     	17.2171170314
23/06/2009   	22.553310    	24.91282     	23.55972     	17.2859426339
24/06/2009   	23.162401    	24.14178     	23.48236     	17.5210194985
25/06/2009   	23.275578    	25.86618     	24.13808     	17.7057126760
26/06/2009   	24.157539    	25.88170     	24.78438     	18.1503102382
27/06/2009   	24.480391    	25.92214     	25.20482     	18.5530129671
28/06/2009   	24.801203    	26.24867     	25.58224     	18.9247532686
29/06/2009   	25.117275    	25.86647     	25.53252     	19.5166792472
30/06/2009   	25.407049    	25.71078     	25.59379     	20.1036744515
01/07/2009   	25.087233    	25.77726     	25.51151     	20.4829280376
02/07/2009   	24.869835    	25.79691     	25.43568     	20.9781098763
03/07/2009   	24.826033    	25.80637     	25.48854     	21.6153898239
04/07/2009   	25.176928    	26.23046     	25.86073     	22.0799543460
05/07/2009   	25.267151    	26.57752     	25.97347     	22.3282879194
06/07/2009   	22.839834    	26.52611     	25.06888     	22.0987327099
07/07/2009   	22.906261    	27.20087     	25.12873     	21.2644291719
08/07/2009   	23.021585    	25.18079     	24.38678     	20.7144307295
09/07/2009   	21.044806    	25.23886     	23.57762     	19.4457634687
10/07/2009   	18.061356    	25.03532     	22.09644     	18.0227233171
11/07/2009   	21.125288    	26.60693     	24.09330     	17.8574432929
12/07/2009   	23.087961    	25.90815     	24.24110     	17.8736922741
13/07/2009   	22.689367    	25.28444     	23.67224     	17.9565734466
14/07/2009   	22.604263    	24.03550     	23.15993     	18.5269020398
15/07/2009   	20.599072    	23.68408     	22.90671     	19.0456428130
16/07/2009   	20.628742    	23.94052     	22.24981     	19.2885361910
17/07/2009   	22.332319    	24.12858     	22.84054     	19.3647974730
18/07/2009   	21.228609    	23.75510     	22.76893     	19.4882712364
19/07/2009   	20.492151    	22.89668     	21.52726     	19.1256959438
20/07/2009   	18.850739    	23.05366     	20.94982     	19.1179076036
21/07/2009   	20.361057    	24.49341     	22.12526     	19.2047360341
22/07/2009   	21.431847    	23.66371     	22.74830     	19.4532010555
23/07/2009   	21.465399    	24.03829     	22.80910     	19.4777073065
24/07/2009   	20.340654    	23.39552     	22.34729     	19.2962381840
25/07/2009   	20.631042    	22.93174     	21.76659     	19.0685646534
26/07/2009   	19.364515    	22.90300     	21.88838     	19.1257976294
27/07/2009   	20.355783    	22.88420     	21.71110     	19.4256174564
28/07/2009   	20.373449    	21.89293     	21.03126     	19.5128367742
29/07/2009   	20.270559    	22.16496     	21.24083     	19.6593432824
30/07/2009   	17.065807    	21.90672     	20.18893     	19.5967072646
31/07/2009   	16.664337    	21.04569     	19.08223     	18.9895697435
01/08/2009   	19.831059    	21.48395     	20.88214     	19.2363425096
02/08/2009   	20.942886    	22.16739     	21.54494     	19.4375108878
03/08/2009   	20.800856    	21.89585     	21.34048     	19.5422753096
04/08/2009   	20.749605    	22.01856     	21.49673     	19.8328294754
05/08/2009   	21.379496    	22.54610     	21.85479     	20.1683645248
06/08/2009   	21.611460    	23.24924     	22.35123     	20.4526942571
07/08/2009   	21.941593    	23.20143     	22.72719     	20.5714774529
08/08/2009   	22.380104    	23.30125     	22.76483     	20.5339109898
09/08/2009   	22.591703    	23.00378     	22.77731     	20.4220353365
10/08/2009   	22.316216    	22.99363     	22.77973     	20.5334036748
11/08/2009   	21.711740    	23.05735     	22.54335     	20.6884572506
12/08/2009   	21.003386    	22.98694     	22.20405     	20.4670520624
13/08/2009   	20.431025    	22.80228     	22.08876     	20.4113140106
14/08/2009   	21.906517    	23.11424     	22.54039     	20.4823994239
15/08/2009   	19.235268    	24.64182     	22.53077     	20.3912857771
16/08/2009   	21.132486    	24.00190     	22.31054     	20.4795600573
17/08/2009   	20.853535    	23.09869     	21.96534     	20.5202114185
18/08/2009   	21.317820    	22.77820     	22.12373     	20.4479750395
19/08/2009   	21.988945    	23.39865     	22.68811     	20.5856037140
20/08/2009   	22.760132    	24.70893     	23.43835     	20.6821611722
21/08/2009   	23.066319    	23.94145     	23.60493     	20.5256981055
22/08/2009   	23.354742    	24.02510     	23.77506     	20.2058084806
23/08/2009   	23.677095    	24.41119     	23.95718     	20.2185829878
24/08/2009   	23.954138    	25.46022     	24.47735     	20.3137540817
25/08/2009   	23.914627    	25.52947     	24.80925     	20.4970554511
26/08/2009   	23.634718    	24.59732     	24.12513     	19.9434398015
27/08/2009   	22.369516    	24.08826     	23.29830     	19.7136605978
28/08/2009   	19.689066    	25.26009     	22.36211     	19.3327542941
29/08/2009   	18.126844    	22.02222     	20.15328     	18.1747662624
30/08/2009   	18.325331    	21.92633     	20.23696     	17.7858469486
31/08/2009   	19.276897    	24.22772     	22.50182     	17.6643729607
01/09/2009   	22.287983    	25.91862     	23.88387     	17.7849082152
02/09/2009   	21.845058    	25.85363     	23.46593     	17.5846021970
03/09/2009   	15.749950    	29.60420     	23.54880     	17.1959480047
04/09/2009   	19.954256    	29.94900     	26.58665     	15.9132191539
05/09/2009   	22.637840    	29.38647     	26.99190     	15.5264113943
06/09/2009   	22.802261    	27.80149     	24.58008     	15.8166257938
07/09/2009   	23.571024    	25.35942     	24.65612     	16.0112482905
08/09/2009   	24.794146    	25.80022     	25.16225     	16.3730225166
09/09/2009   	23.935678    	26.03736     	25.24834     	16.6445826689
10/09/2009   	25.383305    	26.17331     	25.92240     	16.5741113027
11/09/2009   	25.067526    	26.18320     	25.70546     	16.3919399977
12/09/2009   	24.520559    	25.92906     	25.09251     	16.4031446377
13/09/2009   	24.491112    	25.40065     	24.77119     	16.2841552496
14/09/2009   	24.497137    	25.54468     	24.72701     	16.1617731253
15/09/2009   	25.335554    	26.01357     	25.72730     	15.9997386138
16/09/2009   	25.981222    	26.89714     	26.36404     	16.1133504311
17/09/2009   	26.428656    	27.24885     	26.93049     	15.9240499735
18/09/2009   	26.713196    	27.37331     	27.07198     	15.9111266534
19/09/2009   	26.752697    	27.88801     	27.34173     	16.0197442174
20/09/2009   	27.118227    	27.86774     	27.55792     	16.2079914411
21/09/2009   	26.863440    	27.78184     	27.49852     	16.0429097017
22/09/2009   	25.711676    	27.69782     	27.05077     	16.0936807593
23/09/2009   	25.349983    	27.58261     	26.75901     	16.1019731164
24/09/2009   	25.896530    	27.65862     	27.04296     	15.9070278406
25/09/2009   	26.296017    	27.78985     	27.25523     	15.8086982171
26/09/2009   	26.306240    	27.65360     	27.06932     	15.8623481393
27/09/2009   	26.674013    	27.72793     	27.35890     	16.0352404316
28/09/2009   	25.756927    	27.48122     	26.67193     	16.2480486234
29/09/2009   	23.469263    	26.78165     	25.13537     	16.2915363709
30/09/2009   	23.836632    	27.73751     	25.98525     	16.3364123503
01/10/2009   	22.037235    	26.53338     	24.88424     	16.0496587753
02/10/2009   	23.308838    	26.14607     	25.04034     	15.1459879677
03/10/2009   	11.073524    	25.46504     	21.18180     	14.5514914195
04/10/2009   	14.561707    	27.78364     	19.80874     	13.7828783790
05/10/2009   	19.638126    	25.57433     	23.66250     	13.6037211617
06/10/2009   	23.682251    	25.44494     	24.42778     	13.5510858695
07/10/2009   	21.666214    	25.61147     	23.60182     	13.9091232419
08/10/2009   	23.577188    	24.73379     	24.02967     	13.7284541527
09/10/2009   	24.044052    	25.12160     	24.60729     	13.3027812839
10/10/2009   	22.378286    	25.39407     	24.47553     	12.8195756475
11/10/2009   	19.855358    	25.32048     	23.27597     	12.9072945515
12/10/2009   	20.645182    	24.07191     	22.32313     	12.4958548148
13/10/2009   	20.547728    	23.76289     	22.49937     	11.9808454514
14/10/2009   	21.311220    	26.69131     	24.49500     	11.5857871970
15/10/2009   	22.820353    	24.12617     	23.56663     	11.0935023626
16/10/2009   	20.121283    	24.19656     	22.62017     	11.0484220982
17/10/2009   	18.398113    	26.19931     	21.18845     	10.4748512109
18/10/2009   	22.702204    	28.31126     	25.60121     	10.4820695917
19/10/2009   	24.728722    	27.47203     	26.23810     	10.3875762026
20/10/2009   	26.256182    	28.43387     	26.89934     	 9.9312698841
21/10/2009   	26.804033    	28.57688     	27.67493     	 9.5752667189
22/10/2009   	27.636942    	28.21833     	27.97606     	 9.3698533773
23/10/2009   	27.882099    	28.15913     	28.04722     	 9.5051395893
24/10/2009   	27.966732    	28.10596     	28.02495     	 9.7586766680
25/10/2009   	23.863878    	27.97305     	26.36459     	10.1752629280
26/10/2009   	25.045671    	27.79762     	26.17781     	10.5909522971
27/10/2009   	25.233774    	26.41575     	25.75765     	10.7651269833
28/10/2009   	25.240025    	26.72441     	26.09303     	10.8839604656
29/10/2009   	25.955519    	27.17431     	26.58431     	11.0615390539
30/10/2009   	26.289854    	26.87386     	26.61227     	11.1266505321
31/10/2009   	26.570992    	27.51645     	26.99935     	10.9985651374
01/11/2009   	26.926365    	27.98586     	27.45026     	11.2843335271
02/11/2009   	25.488417    	27.81050     	26.84368     	11.4753637314
03/11/2009   	24.813074    	27.48144     	26.19676     	10.9998935461
04/11/2009   	24.360712    	27.96595     	26.37637     	10.8566483855
05/11/2009   	25.275686    	27.46112     	26.33873     	10.5950907866
06/11/2009   	24.932201    	27.74348     	26.24091     	10.3896552722
07/11/2009   	24.584949    	28.38433     	26.75302     	10.4023090005
08/11/2009   	25.071611    	27.36950     	26.34732     	10.0703290502
09/11/2009   	25.864128    	26.82976     	26.23450     	 9.7068449457
10/11/2009   	25.803976    	26.33852     	26.05111     	 9.5135461688
11/11/2009   	24.490883    	25.90091     	25.58026     	 9.4259794553
12/11/2009   	23.257910    	26.60430     	25.02994     	 9.2749075691
13/11/2009   	22.788233    	27.23749     	25.33362     	 9.5784615874
14/11/2009   	23.087645    	26.67798     	24.91139     	10.0061780810
15/11/2009   	21.626318    	27.03093     	24.52744     	10.1816460292
16/11/2009   	24.282629    	27.45813     	25.85475     	10.3085027138
17/11/2009   	22.830559    	26.77886     	25.09724     	10.3216990630
18/11/2009   	16.817701    	29.82618     	24.09851     	10.1363299489
19/11/2009   	23.980280    	29.04328     	26.68457     	10.2731276751
20/11/2009   	24.708429    	28.38798     	26.83368     	10.1166411837
21/11/2009   	25.226955    	28.07616     	26.41271     	10.3455172380
22/11/2009   	21.543222    	27.27375     	25.90877     	10.5141674081
23/11/2009   	21.760681    	29.37667     	26.69429     	10.2294016083
24/11/2009   	23.656935    	30.64407     	26.72621     	 9.9679684838
25/11/2009   	27.658363    	30.67625     	29.49161     	10.0884833535
26/11/2009   	28.123949    	30.36482     	29.33415     	 9.7227677306
27/11/2009   	28.873323    	30.01784     	29.48140     	 8.9906705817
28/11/2009   	26.537975    	29.05026     	27.99370     	 8.4737859666
29/11/2009   	26.144463    	28.78085     	27.48709     	 8.4511514107
30/11/2009   	25.133808    	28.60946     	27.06408     	 8.3720233838
01/12/2009   	26.460314    	27.41243     	26.99517     	 7.9747451444
02/12/2009   	26.612471    	27.43433     	27.08457     	 7.5444329778
03/12/2009   	24.835386    	27.25136     	26.28255     	 7.6575028201
04/12/2009   	23.323912    	25.72629     	24.38645     	 7.7159265876
05/12/2009   	22.847708    	25.43393     	23.78966     	 7.4845951498
06/12/2009   	22.127115    	25.55971     	23.98296     	 7.8520137568
07/12/2009   	22.031555    	24.91680     	23.31920     	 7.9117784500
08/12/2009   	23.376621    	26.06689     	24.53801     	 8.0104684631
09/12/2009   	23.025629    	24.56216     	23.63278     	 7.8064575791
10/12/2009   	20.589121    	24.65098     	22.69911     	 8.0365339319
11/12/2009   	20.125662    	22.05389     	21.26683     	 7.9549667140
12/12/2009   	19.919621    	21.72409     	20.73457     	 7.5220216016
13/12/2009   	19.555931    	20.73346     	20.02460     	 6.8416749239
14/12/2009   	19.460295    	20.45717     	19.86594     	 6.2877121170
15/12/2009   	19.285501    	20.65689     	19.92883     	 5.6735432347
16/12/2009   	16.009850    	19.78398     	18.80269     	 5.0631461640
17/12/2009   	17.845772    	20.35881     	18.76254     	 4.7299816211
18/12/2009   	18.625984    	19.70114     	19.19390     	 4.0921313316
19/12/2009   	17.326485    	20.62753     	18.92169     	 3.3187285413
20/12/2009   	14.164186    	21.26207     	18.88243     	 2.8704188466
21/12/2009   	16.059095    	20.78447     	17.97788     	 2.4786469092
22/12/2009   	17.964607    	21.05794     	19.64319     	 2.7771716962
23/12/2009   	18.865061    	21.45379     	19.99773     	 2.8912695696
24/12/2009   	20.870583    	23.49901     	22.43673     	 3.3471912195
25/12/2009   	21.529404    	23.41748     	22.64903     	 3.2845838765
26/12/2009   	21.101473    	23.31101     	21.96996     	 3.4564128220
27/12/2009   	20.134460    	24.98512     	22.80448     	 3.8327138424
28/12/2009   	21.148054    	23.87684     	22.71249     	 3.9000978917
29/12/2009   	22.565046    	25.11553     	23.60131     	 3.7417527984
30/12/2009   	23.148998    	25.34771     	23.97738     	 3.3497812351
31/12/2009   	22.569225    	24.10010     	23.54583     	 2.9351700048
01/01/2010   	21.722828    	23.51900     	22.75648     	 2.5635552953
02/01/2010   	19.921797    	22.52541     	21.42214     	 2.1517977491
03/01/2010   	20.716381    	21.39243     	21.11133     	 1.8850774691
04/01/2010   	18.397646    	21.15518     	19.93213     	 1.5971022174
05/01/2010   	17.504932    	20.46265     	19.13860     	 1.6470975652
06/01/2010   	18.251755    	20.18898     	18.88540     	 1.6379350275
07/01/2010   	18.354559    	19.60540     	18.96346     	 1.5378902331
08/01/2010   	18.468981    	19.75955     	19.07894     	 1.2720835979
09/01/2010   	16.321228    	19.11165     	18.42005     	 0.7635467040
10/01/2010   	14.472231    	18.23662     	15.92936     	 0.4524816001
11/01/2010   	15.078986    	20.75171     	17.99341     	 0.6271511856
12/01/2010   	17.211868    	20.93203     	18.89282     	 0.6451689874
13/01/2010   	18.121613    	22.49707     	20.06292     	 0.1530323166
14/01/2010   	20.955204    	22.96124     	22.06116     	 0.5188763912
15/01/2010   	21.380119    	22.72458     	22.23646     	 0.5820890584
16/01/2010   	21.682547    	22.48937     	22.08131     	 0.6320288032
17/01/2010   	21.233667    	22.62299     	22.13391     	 0.8641970456
18/01/2010   	20.572433    	22.56757     	21.64907     	 1.2131716646
19/01/2010   	20.323185    	22.21616     	21.28350     	 1.3642368739
20/01/2010   	20.995043    	22.16678     	21.75344     	 1.1957962041
21/01/2010   	21.266697    	21.96191     	21.73494     	 1.0855735640
22/01/2010   	20.978615    	21.91669     	21.56501     	 0.8717903296
23/01/2010   	21.236719    	22.19512     	21.79804     	 1.0071736760
24/01/2010   	21.506556    	22.60938     	22.12459     	 1.0690810283
25/01/2010   	21.673763    	22.40466     	22.10380     	 0.7566614108
26/01/2010   	21.661423    	22.21246     	21.89129     	 0.0200834483
27/01/2010   	18.384670    	22.02629     	20.52635     	-0.3648937636
28/01/2010   	17.968111    	20.21869     	19.09377     	 0.1338548747
29/01/2010   	17.101189    	19.45421     	18.26616     	 0.4173363481
30/01/2010   	17.116270    	18.51738     	17.93226     	 0.4583748771
31/01/2010   	15.803535    	19.14518     	17.59864     	 0.5355745374
01/02/2010   	16.582151    	19.98449     	18.16777     	 0.7017954725
02/02/2010   	15.394154    	20.14786     	18.27955     	 0.9047387354
03/02/2010   	16.750629    	19.78229     	17.99773     	 1.0087389437
04/02/2010   	17.654247    	19.38599     	18.62438     	 1.1759889995
05/02/2010   	19.025278    	22.22621     	20.29727     	 1.4013567840
06/02/2010   	19.803324    	20.74915     	20.11608     	 1.5537552908
07/02/2010   	19.486057    	20.13693     	19.80923     	 1.4633652642
08/02/2010   	19.032877    	19.99242     	19.53060     	 1.1041916708
09/02/2010   	18.781166    	20.14961     	19.40546     	 0.6229089883
10/02/2010   	18.131311    	19.18961     	18.82982     	 0.3639595921
11/02/2010   	16.656994    	18.30592     	17.61482     	 0.4441567479
12/02/2010   	16.282606    	17.46032     	16.80046     	 0.1550006587
13/02/2010   	16.205837    	19.71411     	17.02970     	 0.0573687782
14/02/2010   	16.965542    	21.05556     	18.08972     	-0.1081704062
15/02/2010   	18.507002    	20.74191     	19.72740     	-0.3745129885
16/02/2010   	19.193842    	22.26225     	20.14583     	-0.4286255414
17/02/2010   	20.060341    	22.10855     	21.09104     	-0.3054860312
18/02/2010   	19.352690    	21.41151     	20.88435     	-0.1908605320
19/02/2010   	20.171732    	21.84398     	21.12095     	 0.4036515764
20/02/2010   	18.297388    	21.34072     	20.27620     	 0.5375714892
21/02/2010   	19.822241    	21.37432     	20.36234     	 0.6897402219
22/02/2010   	20.676985    	22.96540     	21.75348     	 1.1084945252
23/02/2010   	20.817505    	22.22205     	21.49351     	 1.1480081640
24/02/2010   	21.620882    	23.35978     	22.58143     	 1.3948889499
25/02/2010   	22.744955    	24.53649     	23.65129     	 1.9163969656
26/02/2010   	20.931826    	23.79719     	23.24464     	 2.3739055892
27/02/2010   	14.617334    	24.42202     	20.29367     	 2.6676138639
28/02/2010   	21.567507    	23.26744     	22.55284     	 2.7961664001
01/03/2010   	20.540131    	22.99862     	22.11813     	 2.9716191341
02/03/2010   	19.637806    	22.04102     	21.21966     	 2.9084901363
03/03/2010   	20.022987    	21.76662     	20.97425     	 2.8866971682
04/03/2010   	19.495504    	21.27414     	20.58256     	 2.9314480325
05/03/2010   	14.750005    	20.78652     	18.68768     	 2.8484530101
06/03/2010   	14.605852    	18.24274     	16.36287     	 2.6893594861
07/03/2010   	16.808035    	20.66358     	18.65234     	 2.5529002746
08/03/2010   	16.022060    	18.24798     	17.02252     	 2.3982733885
09/03/2010   	15.159940    	18.94810     	16.71232     	 2.3210630914
10/03/2010   	16.309280    	19.05107     	17.48334     	 2.4266501019
11/03/2010   	15.183781    	19.17150     	16.43227     	 2.3801880280
12/03/2010   	14.119710    	18.66171     	15.63487     	 2.5255970856
13/03/2010   	12.155072    	18.36964     	15.02501     	 2.7850484749
14/03/2010   	 9.081724    	15.28204     	13.15884     	 3.2146789432
15/03/2010   	 9.658781    	15.18966     	13.06816     	 3.4849180679
16/03/2010   	12.584726    	17.88818     	15.11182     	 3.6519397646
17/03/2010   	15.424483    	17.62499     	16.46303     	 3.9176908334
18/03/2010   	15.907221    	18.08895     	17.10064     	 4.2714873850
19/03/2010   	16.698334    	19.30002     	17.76254     	 4.7380359372
20/03/2010   	18.567572    	20.22306     	19.16034     	 5.0999294420
21/03/2010   	18.459410    	19.60346     	19.13909     	 5.5761823754
22/03/2010   	17.955242    	19.60117     	18.73238     	 5.6856202682
23/03/2010   	18.047760    	21.11532     	19.19552     	 5.8581656516
24/03/2010   	18.807787    	21.41967     	19.92865     	 6.0117452045
25/03/2010   	19.452816    	22.08678     	20.77049     	 6.4011145234
26/03/2010   	20.146542    	22.00267     	21.29020     	 6.7460654378
27/03/2010   	20.063913    	21.83364     	21.19707     	 6.9013919731
28/03/2010   	18.069494    	20.83596     	19.98484     	 7.1916589439
29/03/2010   	19.029289    	21.80902     	20.14169     	 7.2856871486
30/03/2010   	19.999763    	21.68885     	20.79386     	 7.4441097279
31/03/2010   	20.495834    	23.72986     	21.85979     	 7.2312248945
01/04/2010   	19.917183    	23.55517     	21.72327     	 6.8506382406
02/04/2010   	20.984032    	23.69466     	22.36659     	 6.7216016849
03/04/2010   	22.525389    	24.48765     	23.57945     	 6.8312978049
04/04/2010   	23.135693    	24.57838     	23.87486     	 7.0171429912
05/04/2010   	21.936853    	24.17255     	23.35237     	 7.1018591623
06/04/2010   	22.052155    	24.31007     	23.31534     	 7.3317617575
07/04/2010   	22.625187    	24.91984     	23.98052     	 7.6085518003
08/04/2010   	21.815380    	24.86381     	23.38935     	 8.0933329860
09/04/2010   	20.893511    	23.50299     	22.32598     	 8.6463399529
10/04/2010   	20.848104    	22.27666     	21.40486     	 9.0022502939
11/04/2010   	20.761169    	21.14895     	20.93949     	 8.9745668173
12/04/2010   	19.542700    	20.73530     	20.12646     	 9.0569999019
13/04/2010   	18.547318    	19.59214     	19.28397     	 9.1926029722
14/04/2010   	18.265434    	20.10221     	18.91334     	 9.1590744654
15/04/2010   	18.533564    	20.39431     	19.26857     	 9.1254547437
16/04/2010   	18.906059    	19.55113     	19.28857     	 9.1334534287
17/04/2010   	18.629671    	21.24910     	19.43735     	 9.3329534332
18/04/2010   	19.718557    	21.89703     	20.83610     	 9.5925260584
19/04/2010   	20.145695    	21.77427     	20.78405     	 9.6293863853
20/04/2010   	20.464176    	21.47185     	20.98187     	 9.6844121218
21/04/2010   	20.281563    	20.95279     	20.75283     	 9.2322534124
22/04/2010   	19.267488    	21.47153     	20.40995     	 9.1890337467
23/04/2010   	21.059340    	24.24363     	22.41616     	 9.4969073335
24/04/2010   	22.186472    	23.59217     	22.84350     	 9.7728111347
25/04/2010   	22.164526    	23.77249     	23.14937     	10.0421231389
26/04/2010   	22.496311    	24.07112     	23.45911     	10.4153112173
27/04/2010   	22.964901    	23.90653     	23.42635     	10.8395825426
28/04/2010   	23.252468    	24.05219     	23.51626     	11.1584983667
29/04/2010   	23.368055    	24.85717     	23.99839     	11.4078986049
30/04/2010   	23.410061    	24.79826     	24.02870     	11.7620808482
01/05/2010   	23.591373    	24.98148     	24.01423     	11.8364857435
02/05/2010   	23.801096    	24.85018     	24.20160     	11.6838054061
03/05/2010   	18.856413    	24.34742     	22.84469     	11.0663749973
04/05/2010   	17.756563    	22.76734     	19.08418     	10.6998008490
05/05/2010   	18.944695    	24.71101     	20.62924     	10.6026966174
06/05/2010   	20.606583    	24.35894     	21.33026     	10.3312594891
07/05/2010   	20.831753    	24.62577     	21.69867     	10.1095536153
08/05/2010   	21.491671    	26.08650     	23.09759     	10.1604677041
09/05/2010   	23.016033    	24.32292     	23.57646     	10.3606879314
10/05/2010   	23.076813    	23.66809     	23.31857     	10.6521445513
11/05/2010   	23.119928    	23.38197     	23.21438     	10.5633606116
12/05/2010   	22.058130    	23.30625     	22.84192     	10.0954712828
13/05/2010   	19.865057    	24.74278     	21.80884     	 9.9344563683
14/05/2010   	21.484818    	24.61860     	23.21523     	 9.9602460265
15/05/2010   	22.294653    	24.45161     	23.40202     	10.2441634734
16/05/2010   	20.741888    	24.31825     	22.51356     	10.4318173528
17/05/2010   	22.204037    	25.35826     	23.68909     	10.6377916137
18/05/2010   	23.053432    	24.54261     	23.57477     	11.0271779497
19/05/2010   	20.830418    	23.52178     	22.70291     	11.4744155804
20/05/2010   	21.496843    	25.44207     	23.09323     	12.1438472470
21/05/2010   	21.082525    	24.06553     	22.98907     	12.9056816498
22/05/2010   	20.745127    	23.77400     	22.05013     	13.5331027508
23/05/2010   	20.844547    	23.85117     	21.98746     	14.2837303281
24/05/2010   	20.643898    	24.72380     	22.21186     	14.9801074862
25/05/2010   	22.466673    	23.50108     	23.04806     	15.1349985202
26/05/2010   	22.141863    	23.86469     	22.84177     	15.0731823444
27/05/2010   	22.287205    	24.89594     	23.68566     	14.9640294909
28/05/2010   	22.948566    	25.04447     	24.33815     	15.1080168088
29/05/2010   	23.521017    	25.79792     	24.45219     	15.0435532928
30/05/2010   	24.047007    	25.65584     	25.06753     	15.0527845820
31/05/2010   	24.545237    	25.38399     	25.00531     	14.9600912134
01/06/2010   	24.297350    	25.28506     	24.74255     	15.1259948413
02/06/2010   	24.396538    	25.05281     	24.72860     	15.3053981860
03/06/2010   	24.077557    	24.92496     	24.59391     	15.5807611744
04/06/2010   	24.112911    	25.12885     	24.52810     	15.9811655680
05/06/2010   	24.130644    	25.12519     	24.62863     	16.3862009247
06/06/2010   	24.357368    	25.53312     	25.06512     	16.8006130854
07/06/2010   	22.846291    	26.25492     	24.80615     	16.9962251186
08/06/2010   	23.862806    	25.53067     	24.82716     	17.2006216844
09/06/2010   	24.462105    	25.20312     	24.87342     	17.4738566081
10/06/2010   	24.471798    	25.17946     	24.83795     	17.7380454143
11/06/2010   	24.535076    	25.15977     	24.82570     	18.1514167388
12/06/2010   	23.669872    	24.84021     	24.36625     	17.9097030560
13/06/2010   	22.718456    	24.71285     	24.03245     	17.7859893640
14/06/2010   	22.551134    	24.36584     	23.46375     	17.9481981595
15/06/2010   	21.716940    	23.42212     	22.70213     	17.5137279431
16/06/2010   	19.879536    	22.52161     	21.40509     	17.2004137437
17/06/2010   	20.625881    	24.57493     	21.90315     	17.0036669572
18/06/2010   	21.866024    	23.21339     	22.28465     	16.6850550969
19/06/2010   	21.992062    	23.42836     	22.66357     	15.8471829891
20/06/2010   	22.088404    	23.96634     	22.61167     	15.1011241277
21/06/2010   	22.681490    	27.38869     	24.69170     	14.7958256205
22/06/2010   	25.612400    	26.93936     	26.17957     	15.1049060027
23/06/2010   	26.520727    	27.95415     	27.05850     	15.7155993183
24/06/2010   	27.026585    	28.07284     	27.50306     	16.3974477649
25/06/2010   	26.565159    	27.84902     	27.43422     	16.9217280944
26/06/2010   	27.276335    	27.91709     	27.61603     	17.4797112942
27/06/2010   	27.643703    	28.27368     	27.87800     	17.8565479120
28/06/2010   	27.908001    	28.40452     	28.15763     	18.6400080522
29/06/2010   	28.070185    	28.59078     	28.29246     	19.0727135738
30/06/2010   	27.459017    	28.41351     	28.20748     	19.3797852993
01/07/2010   	28.291319    	28.46818     	28.37976     	19.7390249570
02/07/2010   	27.832565    	28.53429     	28.31033     	20.2495381832
03/07/2010   	27.764181    	28.48330     	28.08582     	20.6742702325
04/07/2010   	28.069948    	28.53788     	28.26965     	20.9392013947
05/07/2010   	28.164230    	28.49825     	28.35050     	21.0153156122
06/07/2010   	28.316954    	28.48435     	28.40030     	21.1011257569
07/07/2010   	28.264336    	28.61077     	28.44751     	20.6202316284
08/07/2010   	28.307014    	28.95698     	28.63103     	20.4725718101
09/07/2010   	28.273594    	29.16027     	28.76083     	21.1322958469
10/07/2010   	28.388065    	29.26787     	28.81941     	21.9397782087
11/07/2010   	28.420654    	29.05218     	28.67629     	22.4718519052
12/07/2010   	28.504171    	29.06988     	28.75460     	22.4907202323
13/07/2010   	28.558067    	29.24801     	28.84699     	22.2045159737
14/07/2010   	28.507259    	29.18921     	28.82757     	22.3280702432
15/07/2010   	27.847445    	28.79881     	28.37479     	21.6355147759
16/07/2010   	26.964949    	28.70095     	27.91398     	20.6043458780
17/07/2010   	25.652023    	28.64586     	27.38310     	20.1637519598
18/07/2010   	25.494467    	28.33878     	27.33421     	19.9812658230
19/07/2010   	27.060955    	28.23391     	27.79645     	20.2921097279
20/07/2010   	27.684534    	28.17018     	27.98465     	20.7591817379
21/07/2010   	27.885765    	28.08062     	28.00424     	20.9737060865
22/07/2010   	27.978086    	28.07117     	28.02479     	21.0637827317
23/07/2010   	28.024105    	28.16520     	28.06439     	21.2610984246
24/07/2010   	28.035927    	28.17352     	28.10299     	21.1643204292
25/07/2010   	27.593145    	28.17857     	28.02794     	21.1585533222
26/07/2010   	27.218668    	28.16693     	27.79990     	21.0513166984
27/07/2010   	26.500347    	27.99636     	27.30688     	20.9207692146
28/07/2010   	26.205860    	27.57429     	26.97383     	20.9295479059
29/07/2010   	25.607378    	27.42950     	26.53583     	20.6333924532
30/07/2010   	24.280697    	27.00035     	25.66292     	20.3658231497
31/07/2010   	24.180490    	26.78129     	25.52165     	20.2824132045
01/08/2010   	25.218904    	26.94470     	26.15758     	20.4111917019
02/08/2010   	25.734987    	26.95356     	26.11777     	20.5720495383
03/08/2010   	25.582613    	26.47639     	26.01549     	20.6076864004
04/08/2010   	25.101309    	27.40756     	25.98620     	20.4412430127
05/08/2010   	24.437071    	26.35797     	25.76061     	20.0748406251
06/08/2010   	24.387299    	25.81263     	25.22765     	19.9872142474
07/08/2010   	24.184572    	26.90621     	25.65270     	20.1212180456
08/08/2010   	25.588089    	26.18158     	25.92013     	20.0512638489
09/08/2010   	25.023167    	26.17903     	25.72675     	20.2253084183
10/08/2010   	24.394438    	25.92429     	25.17998     	20.1710855563
11/08/2010   	24.568993    	25.49689     	25.05945     	20.0477159818
12/08/2010   	23.986334    	25.13535     	24.55897     	19.9347030322
13/08/2010   	22.730043    	25.70642     	24.52036     	19.7535864512
14/08/2010   	24.513218    	25.71083     	24.86468     	19.8641510804
15/08/2010   	22.992208    	24.83261     	24.20080     	19.5926422675
16/08/2010   	21.188757    	24.16913     	22.77248     	19.4717033307
17/08/2010   	20.828775    	23.31961     	21.98972     	19.4993365208
18/08/2010   	17.813602    	21.84661     	20.26314     	19.1930907170
19/08/2010   	18.089903    	22.70759     	19.97589     	19.0360139211
20/08/2010   	20.234243    	23.18594     	21.92289     	19.1052997112
21/08/2010   	19.389870    	22.19308     	20.85570     	19.1801380714
22/08/2010   	18.922987    	22.49572     	20.02540     	19.3192087809
23/08/2010   	19.002058    	22.28321     	20.40678     	19.3940259218
24/08/2010   	14.602954    	21.24393     	17.99781     	18.8159378370
25/08/2010   	16.858364    	21.40159     	18.64995     	18.1793245474
26/08/2010   	18.892391    	22.75564     	20.73323     	18.0336478949
27/08/2010   	21.071301    	22.13256     	21.71193     	17.6059591770
28/08/2010   	19.368034    	22.12316     	21.30742     	17.1131101052
29/08/2010   	14.998242    	21.05162     	18.41727     	16.6467803319
30/08/2010   	16.676413    	19.56011     	18.54400     	16.1662998199
31/08/2010   	17.501493    	22.15333     	19.52799     	15.8294865688
01/09/2010   	18.754391    	22.00299     	19.83503     	15.8283412457
02/09/2010   	18.076796    	19.61515     	18.87057     	15.8723154267
03/09/2010   	16.951803    	19.02837     	18.23564     	15.9475372036
04/09/2010   	16.666399    	18.21203     	17.32794     	16.1793380777
05/09/2010   	16.844820    	20.00238     	17.79726     	16.3895184199
06/09/2010   	16.758474    	18.68961     	17.70634     	16.1915404002
07/09/2010   	17.281544    	20.93195     	18.94816     	15.5671834946
08/09/2010   	18.998177    	21.19917     	19.93856     	15.4057424664
09/09/2010   	19.688496    	20.99465     	20.47315     	15.8115206559
10/09/2010   	17.964069    	20.64718     	19.66457     	15.9777863423
11/09/2010   	17.774174    	20.85827     	19.50770     	16.2300633391
12/09/2010   	18.074522    	19.87280     	19.37294     	16.4921652476
13/09/2010   	15.641742    	19.89678     	18.88817     	16.3191089233
14/09/2010   	11.943379    	19.04762     	16.09859     	16.3811245759
15/09/2010   	 9.672737    	21.69847     	13.98919     	15.9684261084
16/09/2010   	14.395868    	22.68680     	17.84614     	15.3532270193
17/09/2010   	15.499312    	17.91372     	16.43355     	14.8580616911
18/09/2010   	15.462072    	17.41290     	16.47478     	14.3638536731
19/09/2010   	15.257003    	19.41061     	17.63788     	13.9855402708
20/09/2010   	15.949697    	19.96654     	17.48769     	14.1844116449
21/09/2010   	15.598506    	20.26657     	17.90066     	14.4996758501
22/09/2010   	17.249773    	19.25284     	18.13599     	14.8234414657
23/09/2010   	17.922194    	19.26289     	18.40433     	15.0971445839
24/09/2010   	16.778725    	19.17319     	18.12181     	15.2554513812
25/09/2010   	16.801971    	18.58878     	18.20460     	14.5476086537
26/09/2010   	16.986422    	18.41632     	17.85819     	14.2125767469
27/09/2010   	16.995712    	18.78178     	17.60542     	14.3701799909
28/09/2010   	17.302502    	19.02760     	18.09559     	14.5120984316
29/09/2010   	17.560024    	19.24168     	18.23952     	14.1264722745
30/09/2010   	17.737804    	19.48668     	18.48469     	13.6385421952
01/10/2010   	18.096539    	19.85938     	18.78142     	13.7615442475
02/10/2010   	18.630373    	21.37857     	19.54562     	13.9187265833
03/10/2010   	19.751053    	22.98197     	21.10614     	14.6482953827
04/10/2010   	20.925123    	22.65649     	21.82740     	15.1347298821
05/10/2010   	21.347549    	22.44928     	21.94963     	15.4740798672
06/10/2010   	20.836355    	22.80422     	21.95537     	15.6205697656
07/10/2010   	21.182594    	22.31263     	21.84986     	15.6372416814
08/10/2010   	21.815666    	22.57941     	22.05039     	15.6079912186
09/10/2010   	21.326487    	22.26072     	21.88214     	15.2256547411
10/10/2010   	20.799397    	21.95174     	21.51295     	14.6626592278
11/10/2010   	20.250669    	21.55962     	20.96582     	14.1205416322
12/10/2010   	18.976049    	20.90287     	19.94495     	13.8351887266
13/10/2010   	18.081137    	20.02126     	18.87374     	13.6363775730
14/10/2010   	17.506557    	19.57826     	18.27973     	13.4908791184
15/10/2010   	16.607653    	18.73765     	17.57236     	13.2727833192
16/10/2010   	15.464326    	18.10577     	16.34057     	12.6316412091
17/10/2010   	16.042805    	22.02761     	20.34430     	12.1417028507
18/10/2010   	18.065599    	22.00121     	19.87556     	11.6513531208
19/10/2010   	15.718062    	20.13851     	17.93389     	11.1825012565
20/10/2010   	17.063618    	19.21867     	18.36980     	10.7992250323
21/10/2010   	13.669861    	18.90074     	17.14008     	10.0161835949
22/10/2010   	14.256026    	18.68680     	16.85264     	 9.4741561413
23/10/2010   	14.766317    	20.93981     	17.67603     	 9.4069299897
24/10/2010   	15.975928    	18.32276     	17.64972     	 9.1239949862
25/10/2010   	17.879007    	18.92393     	18.51357     	 8.9172692498
26/10/2010   	14.964415    	21.11386     	18.00283     	 8.6041840712
27/10/2010   	17.081680    	21.49325     	19.43142     	 8.4898868601
28/10/2010   	17.929470    	21.07738     	19.21196     	 8.9053275585
29/10/2010   	18.515772    	20.28933     	19.18135     	 9.2269615730
30/10/2010   	20.133226    	23.02345     	21.54202     	 9.8125109076
31/10/2010   	21.312885    	23.92084     	22.50579     	10.1367647847
01/11/2010   	21.637312    	23.99129     	22.82099     	10.2336844405
02/11/2010   	20.575289    	22.39197     	21.60909     	10.3017107447
03/11/2010   	17.163597    	22.78370     	19.37355     	10.5437858105
04/11/2010   	15.669586    	20.56561     	18.17484     	10.9298850099
05/11/2010   	17.084696    	24.81440     	21.84727     	11.9909676313
06/11/2010   	20.121372    	21.42664     	20.79926     	11.6078486443
07/11/2010   	20.649172    	22.55449     	21.36486     	10.9879909158
08/11/2010   	21.177174    	23.29009     	21.85324     	10.1946402391
09/11/2010   	21.412643    	24.38984     	22.99442     	 9.4475978216
10/11/2010   	21.648642    	23.46541     	22.74476     	 8.8539476991
11/11/2010   	14.288276    	23.21484     	19.92239     	 7.8502293825
12/11/2010   	16.461281    	25.44109     	21.34814     	 8.3973773619
13/11/2010   	16.802727    	23.23863     	18.70400     	 8.1963612835
14/11/2010   	18.179190    	24.72213     	23.09758     	 8.8138631384
15/11/2010   	20.569466    	22.85721     	21.77391     	 8.6552137335
16/11/2010   	20.355335    	24.35097     	22.07287     	 8.5319077969
17/11/2010   	21.126669    	24.56910     	22.31022     	 8.1198222041
18/11/2010   	21.652365    	24.01843     	22.90486     	 7.8198347588
19/11/2010   	21.015097    	22.66540     	21.94329     	 7.7211851378
20/11/2010   	20.187675    	21.29778     	20.72863     	 7.6716355979
21/11/2010   	20.522812    	21.44533     	20.99081     	 7.5428737899
22/11/2010   	19.800745    	21.09639     	20.42660     	 7.1832877795
23/11/2010   	17.502600    	19.84101     	19.04637     	 6.8231177131
24/11/2010   	15.739386    	18.28784     	17.11993     	 6.3787061373
25/11/2010   	17.515120    	20.74681     	18.76737     	 6.1547086835
26/11/2010   	17.861858    	20.02917     	19.09240     	 5.7426681320
27/11/2010   	18.593382    	20.59912     	19.69124     	 5.2703049680
28/11/2010   	19.219570    	21.10922     	20.00808     	 4.6982166171
29/11/2010   	19.069935    	20.50388     	19.81858     	 3.9075753043
30/11/2010   	19.289927    	20.14975     	19.60845     	 3.2715991139
01/12/2010   	19.071926    	20.92505     	19.71940     	 2.2256304522
02/12/2010   	19.105560    	21.11906     	20.40143     	 1.4302932993
03/12/2010   	19.740604    	21.52026     	20.86505     	 1.5413190549
04/12/2010   	20.326866    	23.54621     	21.34241     	 1.3231162603
05/12/2010   	19.922865    	22.46006     	21.62289     	 1.4543965260
06/12/2010   	21.681244    	22.71104     	22.14642     	 1.7573355610
07/12/2010   	22.025009    	23.08398     	22.48711     	 1.7422315702
08/12/2010   	22.232046    	22.99759     	22.59419     	 1.6350524177
09/12/2010   	20.518044    	22.78544     	22.24482     	 1.6906761105
10/12/2010   	19.133257    	22.36000     	20.82739     	 1.7745144467
11/12/2010   	16.757343    	21.77587     	19.13373     	 2.3529107670
12/12/2010   	17.694153    	19.68338     	18.49226     	 2.5121686409
13/12/2010   	18.392834    	25.44973     	23.35634     	 3.1449175527
14/12/2010   	22.427935    	23.45036     	22.74302     	 2.7314177752
15/12/2010   	19.095385    	22.80643     	21.63782     	 2.4503733963
16/12/2010   	17.059790    	22.04773     	19.70737     	 2.3627568483
17/12/2010   	17.883102    	18.72496     	18.22853     	 2.0943704148
18/12/2010   	18.878868    	23.60819     	21.95487     	 2.0028982411
19/12/2010   	21.438501    	23.35356     	22.70634     	 1.3063165322
20/12/2010   	21.650280    	23.37569     	22.70498     	 0.7839985844
21/12/2010   	21.403187    	22.51849     	21.86517     	 0.4313292926
22/12/2010   	21.708908    	22.11376     	21.95636     	 0.0839755622
23/12/2010   	21.117146    	22.04220     	21.80672     	 0.1294094473
24/12/2010   	17.640705    	21.15744     	19.35286     	-0.0734556261
25/12/2010   	17.480768    	21.57504     	18.34507     	-0.4144068634
26/12/2010   	19.005568    	23.54740     	21.23801     	-0.2722056977
27/12/2010   	18.373466    	21.60410     	20.07616     	-0.1527249627
28/12/2010   	19.770641    	22.50334     	21.17107     	-0.0730335165
29/12/2010   	20.771816    	22.00724     	21.39221     	-0.0442854014
30/12/2010   	20.468309    	21.67702     	21.08115     	-0.0004941608
31/12/2010   	18.754704    	20.26586     	19.36505     	 0.1818880374
01/01/2011   	17.569557    	19.12379     	18.25147     	 0.4932839156
02/01/2011   	17.935413    	18.91045     	18.42338     	 0.6964841597
03/01/2011   	17.640102    	21.00012     	18.64582     	 0.7512311079
04/01/2011   	16.365767    	21.73133     	19.58378     	 0.8970844386
05/01/2011   	17.705723    	21.38419     	19.92986     	 0.8364257825
06/01/2011   	18.665680    	20.64824     	19.79895     	 0.8444434181
07/01/2011   	19.199366    	20.75582     	19.90096     	 1.0411489072
08/01/2011   	18.897276    	20.89851     	20.03845     	 1.8847217883
09/01/2011   	16.643463    	21.32141     	19.30354     	 2.2045176029
10/01/2011   	17.957077    	20.50167     	18.95650     	 2.0126414672
11/01/2011   	18.914038    	22.36838     	20.47391     	 2.0453230366
12/01/2011   	18.916330    	21.25476     	19.87850     	 2.1314277103
13/01/2011   	18.964138    	21.12851     	20.10280     	 2.3375353664
14/01/2011   	15.930452    	20.74925     	19.02814     	 2.9151124855
15/01/2011   	15.896843    	21.01132     	18.55941     	 3.4127435734
16/01/2011   	17.309164    	24.29751     	21.20938     	 3.7514964044
17/01/2011   	21.409115    	24.01646     	22.78929     	 4.1189006418
18/01/2011   	19.703655    	23.62802     	21.17707     	 4.2326790988
19/01/2011   	17.179398    	19.84600     	18.77393     	 4.0689864804
20/01/2011   	15.180462    	18.45353     	17.09951     	 3.7594779581
21/01/2011   	14.643404    	17.12746     	15.92681     	 3.5879535725
22/01/2011   	12.482982    	16.66347     	14.50700     	 3.5977761100
23/01/2011   	11.158296    	14.64286     	12.97828     	 3.6204623232
24/01/2011   	 9.102780    	13.14948     	10.98676     	 3.6486111432
25/01/2011   	 7.947634    	14.52097     	10.41448     	 3.6678659618
26/01/2011   	 9.087724    	16.70521     	13.84705     	 3.8142026712
27/01/2011   	12.463042    	15.91516     	13.77746     	 3.3095817268
28/01/2011   	12.602715    	15.90143     	13.82175     	 2.6581713061
29/01/2011   	12.942450    	16.80329     	14.53201     	 2.2400516272
30/01/2011   	13.378842    	14.93738     	14.04829     	 2.0471519803
31/01/2011   	13.300571    	17.68555     	14.72917     	 2.1126675035
01/02/2011   	13.007524    	17.92948     	15.21268     	 1.9071259101
02/02/2011   	12.939805    	17.59808     	15.23076     	 2.0165908535
03/02/2011   	13.556459    	18.23112     	15.47088     	 2.4080167959
04/02/2011   	 4.431423    	25.80033     	15.96676     	 3.4277740320
05/02/2011   	17.685429    	29.44563     	23.47607     	 4.9548375209
06/02/2011   	25.127131    	29.26460     	27.46904     	 6.0087018410
07/02/2011   	20.144691    	28.13947     	25.29819     	 5.8985280295
08/02/2011   	21.546862    	26.67590     	23.31605     	 5.6570061147
09/02/2011   	22.885538    	24.21012     	23.59392     	 5.4480191370
10/02/2011   	23.421524    	25.03197     	24.10085     	 5.2857019206
11/02/2011   	22.568886    	24.05064     	23.45375     	 5.2793869277
12/02/2011   	22.893227    	23.62162     	23.25232     	 4.9818290869
13/02/2011   	23.085463    	24.50815     	23.80566     	 4.7026863694
14/02/2011   	23.395107    	23.85547     	23.63607     	 4.7303632796
15/02/2011   	22.756081    	23.85243     	23.11067     	 4.7735941708
16/02/2011   	22.465258    	23.10364     	22.90365     	 4.8156371514
17/02/2011   	22.702686    	23.06664     	22.95037     	 4.7056577603
18/02/2011   	22.780226    	23.06014     	22.99624     	 4.3098240991
19/02/2011   	21.894011    	23.02688     	22.74285     	 3.8234249800
20/02/2011   	21.549562    	22.94258     	22.33244     	 3.1706018746
21/02/2011   	21.978971    	22.73038     	22.44605     	 2.3574148466
22/02/2011   	22.279308    	22.56266     	22.41893     	 1.6826880450
23/02/2011   	22.219774    	22.38696     	22.34757     	 1.4180556933
24/02/2011   	22.142179    	22.34206     	22.26780     	 1.5197687124
25/02/2011   	21.717073    	22.29683     	22.09659     	 1.9536017254
26/02/2011   	21.724289    	23.94691     	22.45669     	 2.5397494286
27/02/2011   	21.542034    	22.96566     	22.43801     	 2.9543172469
28/02/2011   	22.067200    	22.77802     	22.40262     	 2.9048940639
01/03/2011   	20.824757    	22.28740     	21.80425     	 2.9071064293
02/03/2011   	19.283094    	20.92173     	20.42648     	 2.8671365529
03/03/2011   	18.117590    	19.66486     	18.79710     	 2.7625727703
04/03/2011   	17.628815    	18.50163     	17.99897     	 2.6898463915
05/03/2011   	17.522417    	18.40134     	17.89605     	 2.9511716366
06/03/2011   	17.209978    	17.87147     	17.60091     	 2.9984514664
07/03/2011   	16.988775    	20.25866     	18.24396     	 2.9165697594
08/03/2011   	17.719862    	20.20490     	19.23222     	 2.9074143569
09/03/2011   	15.982221    	19.77531     	18.57861     	 3.1795539955
10/03/2011   	11.520241    	19.13512     	16.72797     	 3.6857274820
11/03/2011   	13.904976    	18.62731     	16.40124     	 4.0417571167
12/03/2011   	17.128937    	21.29090     	19.07662     	 4.0259689589
13/03/2011   	19.488791    	22.24069     	21.03955     	 4.3397848407
14/03/2011   	20.034266    	21.74843     	20.88192     	 4.5677453478
15/03/2011   	20.080564    	23.17592     	21.09861     	 4.8986149430
16/03/2011   	20.731564    	23.16417     	21.97234     	 5.3004325926
17/03/2011   	20.995504    	22.83624     	22.11763     	 5.4911056757
18/03/2011   	21.400621    	22.70353     	21.94949     	 5.6360365947
19/03/2011   	21.406820    	21.98768     	21.57969     	 5.7505574226
20/03/2011   	20.848923    	21.49711     	21.35627     	 5.9391381145
21/03/2011   	20.712429    	21.77834     	21.23006     	 6.0546600819
22/03/2011   	20.739613    	22.29620     	21.44238     	 6.2422448595
23/03/2011   	20.957773    	21.88410     	21.28018     	 6.5350387593
24/03/2011   	20.855246    	21.49520     	21.21835     	 6.7676244477
25/03/2011   	21.128023    	21.83319     	21.41363     	 6.9815973838
26/03/2011   	21.201056    	22.45723     	21.76027     	 7.0616210997
27/03/2011   	21.514219    	23.04317     	22.17880     	 6.9487351676
28/03/2011   	21.881361    	23.18881     	22.60286     	 6.9918167591
29/03/2011   	21.938528    	23.34039     	22.76587     	 7.1824308832
30/03/2011   	22.097427    	23.90208     	23.19439     	 7.5075643162
31/03/2011   	22.612305    	23.57498     	23.28229     	 7.9470674793
01/04/2011   	22.301302    	23.78407     	23.29226     	 8.3535076976
02/04/2011   	23.393744    	24.07312     	23.64539     	 8.6818771362
03/04/2011   	23.715488    	24.49305     	24.09901     	 8.9302018285
04/04/2011   	23.923815    	24.42908     	24.18994     	 9.1323834062
05/04/2011   	23.969454    	24.37087     	24.16901     	 9.1971529325
06/04/2011   	23.940853    	24.31940     	24.17618     	 9.4917864998
07/04/2011   	24.020168    	24.43221     	24.23770     	 9.7814298272
08/04/2011   	23.407780    	24.52130     	24.22664     	 9.7824965318
09/04/2011   	24.255707    	24.59759     	24.41461     	 9.7964959542
10/04/2011   	24.390928    	24.67557     	24.53850     	 9.9096219341
11/04/2011   	23.375908    	24.66876     	24.46865     	10.2713605960
12/04/2011   	22.054369    	24.54173     	23.51580     	10.4085292816
13/04/2011   	21.866528    	24.44647     	23.24144     	10.2675877611
14/04/2011   	23.310585    	25.34516     	24.01854     	10.3656016191
15/04/2011   	24.071074    	25.32755     	24.64494     	10.7924916744
16/04/2011   	23.837118    	26.15706     	24.78195     	11.0484591524
17/04/2011   	24.752659    	25.97549     	25.37149     	11.3331235647
18/04/2011   	25.241524    	25.95357     	25.55437     	11.6278715928
19/04/2011   	25.581055    	26.18130     	25.84673     	11.8380759160
20/04/2011   	25.761045    	26.31918     	26.06878     	12.2341775894
21/04/2011   	25.971233    	26.33439     	26.16443     	12.5472530127
22/04/2011   	26.057772    	26.53036     	26.25514     	12.9233945807
23/04/2011   	26.136431    	26.82559     	26.46508     	13.2715557615
24/04/2011   	26.331289    	26.91379     	26.54216     	13.6292436123
25/04/2011   	26.296461    	26.64296     	26.48556     	13.9763821165
26/04/2011   	26.355404    	26.73797     	26.61532     	14.0166529814
27/04/2011   	25.670216    	26.83863     	26.43820     	13.5361640056
28/04/2011   	25.667992    	26.56047     	26.12145     	13.5314862927
29/04/2011   	25.774004    	27.84454     	26.46610     	13.7953360677
30/04/2011   	26.211378    	29.15403     	27.32749     	13.3592446844
01/05/2011   	27.267733    	28.41501     	28.04251     	12.9489340981
02/05/2011   	28.040073    	28.62786     	28.34964     	12.6138566732
03/05/2011   	28.026480    	28.89029     	28.50563     	12.1296211878
04/05/2011   	28.061016    	28.69165     	28.25228     	12.2868474921
05/05/2011   	28.082668    	28.50611     	28.33715     	12.3223506808
06/05/2011   	28.213148    	28.97742     	28.50063     	12.3914718429
07/05/2011   	28.400749    	29.56191     	28.88720     	12.5331473748
08/05/2011   	28.764721    	30.23711     	29.40255     	12.7260490457
09/05/2011   	29.170185    	30.04428     	29.62964     	13.0922599435
10/05/2011   	29.331287    	29.98956     	29.65078     	13.4039623737
11/05/2011   	29.501986    	29.97149     	29.72127     	13.9219134450
12/05/2011   	29.662426    	29.99162     	29.77857     	14.4675268730
13/05/2011   	29.694464    	30.11855     	29.80292     	14.6739834348
14/05/2011   	29.736860    	30.06635     	29.84563     	14.8758553068
15/05/2011   	29.730762    	29.97835     	29.84254     	14.7830598156
16/05/2011   	29.702061    	30.01955     	29.82800     	14.5996457338
17/05/2011   	28.783142    	29.87966     	29.58027     	14.6172518134
18/05/2011   	29.397911    	30.03132     	29.76373     	14.8286153674
19/05/2011   	29.638477    	30.26903     	29.90336     	15.1376907031
20/05/2011   	29.893162    	30.47770     	30.13511     	15.3658066789
21/05/2011   	29.987453    	30.57684     	30.26763     	15.7737454971
22/05/2011   	30.119331    	30.63682     	30.34346     	16.0922621290
23/05/2011   	30.130913    	30.62510     	30.28921     	16.0313733816
24/05/2011   	29.063797    	30.50053     	29.84333     	15.3675329288
25/05/2011   	29.005709    	30.55237     	29.84158     	15.3888060252
26/05/2011   	28.222700    	30.52523     	29.48473     	15.3234151403
27/05/2011   	26.390913    	30.37584     	28.34804     	14.9677023689
28/05/2011   	27.877636    	30.12582     	28.81383     	14.5968477925
29/05/2011   	28.502123    	30.41936     	29.42866     	14.3786788384
30/05/2011   	28.562290    	30.16722     	29.32470     	14.8034199675
31/05/2011   	29.074457    	29.46387     	29.26736     	15.4181474447
01/06/2011   	29.110113    	29.61275     	29.31490     	15.7081679900
02/06/2011   	29.181099    	29.88175     	29.52794     	16.3365393082
03/06/2011   	29.612257    	30.32363     	29.95097     	16.7516187032
04/06/2011   	29.964102    	30.53416     	30.27839     	17.1252836784
05/06/2011   	30.344414    	30.71958     	30.47240     	16.9748981396
06/06/2011   	30.365763    	30.74286     	30.53475     	16.9956679742
07/06/2011   	30.451851    	30.84227     	30.62865     	17.3231897751
08/06/2011   	30.483232    	30.83393     	30.64472     	17.5345957279
09/06/2011   	30.130604    	30.82429     	30.60649     	17.1536686818
10/06/2011   	29.072836    	30.79778     	30.29336     	17.1479103565
11/06/2011   	29.375246    	30.70447     	30.13067     	16.9431060155
12/06/2011   	28.781782    	30.66148     	29.83141     	16.9345628421
13/06/2011   	28.928125    	30.60659     	29.82565     	16.9499756495
14/06/2011   	29.323975    	30.41276     	29.90687     	17.4158252875
15/06/2011   	29.770479    	30.36147     	30.13814     	17.9179145495
16/06/2011   	29.877579    	30.30660     	30.07110     	18.0508628686
17/06/2011   	29.879709    	30.16745     	30.05386     	17.8774868647
18/06/2011   	27.796444    	30.12372     	29.74877     	17.2497067054
19/06/2011   	25.963240    	30.01416     	27.97987     	16.3011808395
20/06/2011   	27.006075    	29.70882     	28.91635     	16.6697811484
21/06/2011   	28.280373    	29.50580     	28.98698     	17.1914938688
22/06/2011   	25.743698    	29.44865     	28.12700     	16.9691292048
23/06/2011   	25.162516    	28.10180     	26.27531     	16.8136727810
24/06/2011   	24.248810    	27.23425     	25.85640     	16.8731051683
25/06/2011   	24.600441    	28.28055     	26.45671     	16.9374316136
26/06/2011   	25.920502    	27.18063     	26.62812     	17.5784507990
27/06/2011   	26.597275    	27.93499     	27.11941     	18.3994508187
28/06/2011   	27.133085    	28.23845     	27.77926     	18.9625382821
29/06/2011   	27.378807    	28.04633     	27.73305     	19.4716610511
30/06/2011   	25.495087    	27.89909     	26.86967     	19.2472683986
01/07/2011   	23.738043    	25.67377     	24.98196     	18.9510575930
02/07/2011   	22.523544    	25.31532     	23.43398     	18.5676614841
03/07/2011   	21.056776    	23.07744     	22.15589     	18.0062198639
04/07/2011   	21.045721    	25.96447     	23.18412     	17.7285388708
05/07/2011   	23.041355    	25.77041     	24.20056     	17.7794491053
06/07/2011   	24.302242    	26.60182     	25.34832     	17.9928737879
07/07/2011   	25.270311    	26.73574     	26.01530     	18.0104202827
08/07/2011   	25.645782    	26.91064     	26.29423     	18.2535094420
09/07/2011   	26.021612    	26.56339     	26.33819     	18.3970985015
10/07/2011   	25.326433    	26.41554     	26.14790     	18.4207976262
11/07/2011   	25.510822    	26.44603     	26.11887     	19.0964933634
12/07/2011   	26.254978    	26.66747     	26.46602     	19.2993575732
13/07/2011   	21.846645    	26.58994     	25.63758     	18.3081472715
14/07/2011   	20.491381    	26.10645     	23.90828     	17.9066974322
15/07/2011   	21.626478    	24.58473     	23.12016     	17.8070145845
16/07/2011   	21.940742    	26.01219     	23.88022     	17.8036114375
17/07/2011   	21.072330    	25.79765     	23.80871     	17.6444629828
18/07/2011   	17.584038    	24.59729     	21.72757     	17.3239561717
19/07/2011   	18.617214    	24.67680     	22.19110     	17.2432820797
20/07/2011   	21.495785    	23.38892     	22.23257     	17.5714339415
21/07/2011   	21.852766    	23.38339     	22.65540     	17.9200171630
22/07/2011   	21.982986    	23.28378     	22.62048     	17.6453979015
23/07/2011   	20.926804    	25.28605     	22.40232     	16.6409204205
24/07/2011   	19.270599    	25.76027     	21.83235     	15.5096448660
25/07/2011   	19.529911    	22.15352     	21.04624     	15.7133656542
26/07/2011   	20.724775    	22.02919     	21.43148     	15.9388391972
27/07/2011   	20.878723    	21.56654     	21.23298     	16.5571375688
28/07/2011   	20.761507    	21.70578     	21.28122     	17.2386899392
29/07/2011   	20.988544    	21.88401     	21.42084     	17.3367637793
30/07/2011   	19.668623    	21.61433     	21.16667     	16.9625725349
31/07/2011   	18.907215    	21.52385     	20.18064     	16.8883692821
01/08/2011   	19.781218    	23.05245     	21.46944     	17.1964133183
02/08/2011   	21.378796    	22.71494     	22.18401     	17.4867260853
03/08/2011   	21.731577    	22.86297     	22.31301     	17.8546355168
04/08/2011   	21.823095    	22.90370     	22.31394     	18.2493164937
05/08/2011   	21.143318    	22.32034     	21.91190     	18.7455122073
06/08/2011   	21.160633    	22.90911     	22.24712     	19.0376870235
07/08/2011   	21.616224    	22.83810     	22.35602     	19.0066206853
08/08/2011   	18.411030    	23.91456     	21.46064     	18.7548160156
09/08/2011   	14.135137    	22.05756     	18.67063     	17.9402722518
10/08/2011   	17.465244    	22.42270     	20.06097     	17.2534632285
11/08/2011   	14.368470    	21.38759     	18.57995     	16.8225290775
12/08/2011   	18.367748    	23.13068     	20.58348     	17.2023122708
13/08/2011   	20.364132    	21.24798     	20.64651     	17.6299313307
14/08/2011   	20.421885    	22.14769     	21.21650     	17.7783445517
15/08/2011   	20.840038    	21.71545     	21.30338     	17.9990076224
16/08/2011   	19.765270    	21.87190     	20.72950     	18.0798486471
17/08/2011   	19.891905    	21.92759     	21.14724     	18.1922467947
18/08/2011   	20.224976    	21.85812     	20.96092     	18.1277801991
19/08/2011   	19.647049    	21.05985     	20.48479     	18.0171710650
20/08/2011   	19.267527    	20.83820     	19.96440     	17.9246265888
21/08/2011   	20.635107    	22.04091     	21.35845     	18.3234339555
22/08/2011   	20.434343    	21.26494     	20.91788     	18.5247219801
23/08/2011   	20.425060    	21.52920     	20.89555     	18.5670473973
24/08/2011   	21.399273    	22.54019     	22.02418     	18.8083012104
25/08/2011   	21.279470    	22.79670     	22.15275     	18.8956372738
26/08/2011   	21.004744    	22.22529     	21.56279     	19.2011056344
27/08/2011   	20.589624    	22.34059     	21.19798     	18.8914035161
28/08/2011   	16.468130    	20.96873     	19.60520     	18.2567006350
29/08/2011   	15.281132    	20.16459     	18.26936     	17.3765024741
30/08/2011   	17.006342    	20.62869     	19.25711     	16.9004747073
31/08/2011   	18.155737    	20.41523     	19.74716     	16.7312192122
01/09/2011   	19.270880    	21.39989     	20.01076     	16.3781793912
02/09/2011   	19.535103    	22.61047     	20.95465     	16.1535413265
03/09/2011   	20.764795    	22.83954     	21.73266     	16.3321935534
04/09/2011   	21.300758    	23.19422     	22.12149     	16.7149165869
05/09/2011   	16.741272    	22.47358     	20.90079     	16.9247360229
06/09/2011   	12.117630    	23.42464     	18.16867     	16.5274647872
07/09/2011   	20.255747    	30.58016     	25.66013     	16.2874629100
08/09/2011   	20.014910    	28.84963     	25.70199     	15.7057465514
09/09/2011   	22.723944    	26.41628     	24.20785     	15.9722177188
10/09/2011   	22.425360    	24.82260     	23.48028     	16.5073032777
11/09/2011   	21.146862    	24.87856     	23.06968     	16.7527269522
12/09/2011   	13.955723    	23.89380     	20.36153     	16.7571226756
13/09/2011   	14.323038    	22.40452     	19.16216     	16.3529274861
14/09/2011   	17.450035    	22.58986     	19.28532     	15.5069769621
15/09/2011   	18.122253    	21.64954     	19.97336     	15.5202658574
16/09/2011   	20.306946    	24.03624     	21.34957     	15.3463752866
17/09/2011   	19.618620    	24.16457     	22.54738     	15.2209967772
18/09/2011   	20.990505    	24.30499     	22.51866     	15.0033475161
19/09/2011   	20.109943    	22.03123     	20.97861     	14.8345275323
20/09/2011   	18.513594    	21.92051     	20.25426     	15.0430942575
21/09/2011   	17.479446    	23.52713     	20.88444     	15.3447393576
22/09/2011   	15.770764    	19.84623     	18.51779     	15.1665127079
23/09/2011   	18.255093    	19.91917     	18.99267     	14.9970788558
24/09/2011   	18.990614    	22.98806     	21.36551     	15.1757428050
25/09/2011   	20.403244    	22.69650     	21.88357     	15.3277713855
26/09/2011   	21.096376    	22.44829     	21.82781     	15.6482716401
27/09/2011   	21.523367    	23.06852     	22.34589     	15.6978137890
28/09/2011   	21.934164    	22.77096     	22.32919     	15.8641855717
29/09/2011   	21.799633    	22.92789     	22.31468     	16.0798345804
30/09/2011   	21.755306    	22.71539     	22.22495     	16.2906526327
01/10/2011   	21.499735    	22.36849     	21.93568     	16.4649405082
02/10/2011   	20.167202    	22.01113     	21.33636     	16.6681242387
03/10/2011   	16.973520    	20.95929     	20.03330     	16.9133594036
04/10/2011   	19.035883    	22.40319     	21.08291     	16.9914073149
05/10/2011   	18.003176    	20.85565     	19.34166     	16.6294891834
06/10/2011   	12.135832    	25.95335     	19.44176     	16.2354208430
07/10/2011   	17.014639    	24.43774     	21.37703     	15.0407493313
08/10/2011   	16.952291    	20.27705     	18.92072     	14.2736205657
09/10/2011   	19.357803    	24.23584     	21.39560     	13.2892764211
10/10/2011   	14.157203    	22.54277     	19.49379     	13.4053661029
11/10/2011   	15.141248    	19.47631     	17.23514     	13.7702546914
12/10/2011   	18.011875    	21.07098     	19.58866     	13.6329121391
13/10/2011   	19.482153    	22.08609     	20.59737     	13.3636609117
14/10/2011   	20.342110    	22.48153     	21.49173     	13.0460224549
15/10/2011   	21.024008    	23.07589     	21.85459     	12.3833526373
16/10/2011   	21.296484    	22.97362     	22.24257     	11.9968772531
17/10/2011   	16.545374    	22.02776     	20.63481     	12.0295659304
18/10/2011   	13.036104    	21.64988     	17.52546     	12.0914173722
19/10/2011   	13.910550    	19.40824     	16.39021     	11.3386091789
20/10/2011   	14.992238    	20.06821     	18.02122     	10.7245712479
21/10/2011   	15.633307    	19.65170     	18.20189     	10.3058841825
22/10/2011   	18.447933    	22.10023     	21.12367     	10.2292748690
23/10/2011   	20.730867    	22.64875     	21.53924     	10.0395584702
24/10/2011   	20.668076    	23.11125     	21.78228     	 9.7962109049
25/10/2011   	21.908627    	24.65492     	23.33641     	10.0486234426
26/10/2011   	23.782379    	24.47424     	24.20645     	10.2359653910
27/10/2011   	23.916929    	24.60437     	24.29861     	10.2181645632
28/10/2011   	23.950565    	24.63937     	24.34871     	10.2962252299
29/10/2011   	24.029470    	24.56978     	24.31028     	10.4366883039
30/10/2011   	22.225954    	25.19629     	24.14406     	10.8423820933
31/10/2011   	24.159437    	25.31318     	24.37189     	11.2194659313
01/11/2011   	24.147062    	24.55818     	24.37109     	11.2569963733
02/11/2011   	24.164286    	24.69533     	24.41796     	11.2862285177
03/11/2011   	24.378489    	24.97202     	24.59356     	11.3714587490
04/11/2011   	24.912991    	25.86997     	25.25948     	11.7906188965
05/11/2011   	25.178444    	25.65019     	25.42230     	11.9267973502
06/11/2011   	25.173031    	25.65775     	25.42452     	11.9172666073
07/11/2011   	24.924648    	25.60568     	25.34852     	11.7163571517
08/11/2011   	24.675255    	25.61904     	25.21984     	11.2559898297
09/11/2011   	24.602688    	25.43911     	25.13234     	10.9463768601
10/11/2011   	24.673540    	25.67126     	25.16453     	10.7204209765
11/11/2011   	24.813726    	25.70763     	25.20869     	10.1130168239
12/11/2011   	25.018761    	25.68474     	25.31648     	 9.4344686667
13/11/2011   	25.139223    	25.90640     	25.47253     	 9.3488046328
14/11/2011   	25.203199    	25.74567     	25.44162     	 8.7229840954
15/11/2011   	25.131664    	25.67708     	25.47400     	 8.1612108847
16/11/2011   	24.937794    	25.66402     	25.36268     	 7.3851398726
17/11/2011   	25.017748    	25.71924     	25.42613     	 6.9033220311
18/11/2011   	24.999041    	25.68898     	25.40023     	 7.0020398498
19/11/2011   	25.237669    	25.99938     	25.51507     	 7.2178503374
20/11/2011   	25.347246    	26.08671     	25.73353     	 7.2740552425
21/11/2011   	25.547314    	26.33647     	25.95614     	 7.3250011106
22/11/2011   	25.763491    	26.45366     	26.08353     	 7.2875982424
23/11/2011   	25.815250    	26.34473     	26.04295     	 7.4050264955
24/11/2011   	25.780563    	26.17486     	25.97179     	 7.6830997070
25/11/2011   	21.469313    	26.02427     	24.93243     	 7.8545002441
26/11/2011   	21.272379    	25.81430     	23.90382     	 7.8489715258
27/11/2011   	19.053520    	28.46423     	22.42117     	 8.3767333031
28/11/2011   	22.053598    	25.74635     	23.74917     	 8.1502584318
29/11/2011   	21.711330    	25.99282     	24.19690     	 7.8906602859
30/11/2011   	20.088318    	25.99767     	23.45298     	 7.8326500853
01/12/2011   	20.195011    	24.22427     	22.16443     	 7.9407533507
02/12/2011   	23.187473    	25.64676     	24.51644     	 7.9027263125
03/12/2011   	17.975632    	23.78641     	20.27893     	 7.3636818031
04/12/2011   	18.397526    	25.67713     	21.26799     	 7.2253547013
05/12/2011   	20.320641    	27.23878     	24.54789     	 6.8497660557
06/12/2011   	22.034954    	27.49487     	24.61043     	 6.2414823870
07/12/2011   	22.615208    	27.99973     	26.32611     	 5.8069253961
08/12/2011   	22.795620    	28.16749     	26.35033     	 5.8299968640
09/12/2011   	15.700887    	28.63595     	26.36705     	 6.3000217378
10/12/2011   	23.928469    	27.55414     	25.41834     	 5.9611335993
11/12/2011   	22.828110    	25.08966     	24.13088     	 5.5885874232
12/12/2011   	21.020554    	24.90947     	23.22303     	 5.5489964982
13/12/2011   	18.753626    	27.32997     	22.58567     	 5.6114628613
14/12/2011   	20.891825    	25.70103     	22.85979     	 5.5854953627
15/12/2011   	22.203148    	26.42607     	24.70031     	 5.6911069850
16/12/2011   	24.632223    	26.81028     	25.18699     	 5.6057603459
17/12/2011   	20.962673    	25.62732     	24.10707     	 5.3524306118
18/12/2011   	18.845592    	24.69626     	21.67419     	 4.9877492686
19/12/2011   	16.796642    	22.64982     	19.90543     	 4.6519995928
20/12/2011   	11.937075    	22.92300     	18.28266     	 4.5788089434
21/12/2011   	16.533995    	19.16585     	17.87926     	 4.6247848670
22/12/2011   	15.695129    	20.35239     	18.12745     	 4.8229739865
23/12/2011   	14.014929    	21.24485     	18.00498     	 5.1352235178
24/12/2011   	13.375846    	19.50187     	16.26176     	 5.3011781176
25/12/2011   	11.040002    	17.36951     	15.01871     	 5.5177426537
26/12/2011   	10.483667    	17.58201     	14.27672     	 5.9721700450
27/12/2011   	12.888644    	19.41231     	14.83710     	 6.2690007885
28/12/2011   	14.146681    	19.28631     	16.85806     	 6.1268513699
29/12/2011   	 6.880748    	21.54902     	13.88177     	 5.8276290894
30/12/2011   	10.785007    	20.64729     	14.97339     	 5.5900171200
