date	smin	smax	smean	tmean
01/01/2009 	22.272663  	27.77485   	26.21564   	-0.29372391
02/01/2009 	22.402420  	28.95122   	26.82010   	 0.96685455
03/01/2009 	22.518673  	29.47396   	27.44313   	 0.92475748
04/01/2009 	21.042114  	28.99756   	26.69407   	 1.58575162
05/01/2009 	20.781372  	31.24223   	28.65019   	 1.63732042
06/01/2009 	25.167595  	31.21717   	28.88749   	-0.16995887
07/01/2009 	22.736441  	31.14443   	27.92476   	-0.03424779
08/01/2009 	23.999765  	31.08768   	28.81015   	-0.32752296
09/01/2009 	23.376831  	30.88564   	27.15955   	-0.35296542
10/01/2009 	22.301294  	30.62584   	26.55843   	-0.88190314
11/01/2009 	22.706795  	30.38064   	24.31403   	-0.16928019
12/01/2009 	23.140388  	26.71590   	24.26154   	 1.33250715
13/01/2009 	25.294622  	27.50743   	26.38181   	 2.54240786
14/01/2009 	25.059502  	27.21377   	25.83071   	 2.88145038
15/01/2009 	23.737951  	26.20979   	24.62174   	 2.39707846
16/01/2009 	23.564709  	24.16115   	23.83712   	 2.04385011
17/01/2009 	21.855667  	24.46522   	23.26112   	 2.22669327
18/01/2009 	23.832010  	25.99774   	24.44029   	 3.01998673
19/01/2009 	23.520805  	27.93321   	25.52428   	 2.94834657
20/01/2009 	25.104998  	29.22888   	27.53358   	 3.02228741
21/01/2009 	27.656940  	29.54723   	28.68982   	 2.66489572
22/01/2009 	27.086840  	29.27747   	28.23832   	 2.54894710
23/01/2009 	26.556057  	29.64103   	28.14869   	 2.77805525
24/01/2009 	26.826162  	29.63729   	28.70571   	 3.09824741
25/01/2009 	27.396004  	29.63706   	28.72007   	 2.89069862
26/01/2009 	26.654188  	27.62795   	27.09390   	 2.48922306
27/01/2009 	26.363848  	27.64944   	27.34490   	 1.79361412
28/01/2009 	24.496807  	27.65052   	26.72430   	 1.43749584
29/01/2009 	25.567659  	27.63223   	26.47667   	 1.06518132
30/01/2009 	21.096159  	26.44419   	23.75347   	 0.27766636
31/01/2009 	16.986759  	22.65480   	19.96352   	-0.31680858
01/02/2009 	15.989345  	26.44623   	21.16744   	-0.75380119
02/02/2009 	19.517418  	27.25724   	23.66846   	-0.59783440
03/02/2009 	19.645510  	24.15586   	21.57245   	-0.20953053
04/02/2009 	19.705503  	23.86755   	21.68101   	 0.20512848
05/02/2009 	19.655863  	23.80793   	21.47614   	 0.37083383
06/02/2009 	20.350628  	24.22045   	22.14692   	 1.12036987
07/02/2009 	20.061481  	24.49761   	21.21830   	 1.23818514
08/02/2009 	19.758917  	24.55517   	21.70675   	 1.53625409
09/02/2009 	20.080357  	24.75026   	21.64138   	 1.53455869
10/02/2009 	20.161106  	27.95601   	24.27913   	 1.55876244
11/02/2009 	24.597471  	29.75240   	27.50917   	 2.03897145
12/02/2009 	25.199858  	30.27658   	28.65001   	 2.22622019
13/02/2009 	24.853359  	29.90769   	28.68622   	 2.38881360
14/02/2009 	23.732672  	29.88797   	28.94581   	 1.69187822
15/02/2009 	23.249187  	29.86711   	27.49121   	 1.72059617
16/02/2009 	23.311764  	29.94801   	28.91287   	 3.15228672
17/02/2009 	23.685953  	29.75493   	28.83592   	 4.15858306
18/02/2009 	21.584652  	29.51393   	27.36675   	 3.01282792
19/02/2009 	19.505146  	28.96770   	23.25979   	 2.60361590
20/02/2009 	19.988802  	29.24380   	23.90406   	 3.39086019
21/02/2009 	20.795073  	29.19284   	24.63027   	 3.82078044
22/02/2009 	20.796953  	28.78109   	23.63148   	 4.19039934
23/02/2009 	21.032438  	28.83683   	25.96891   	 4.63720747
24/02/2009 	20.100636  	29.23672   	26.05364   	 4.76460520
25/02/2009 	19.697227  	28.76096   	24.41956   	 4.80645106
26/02/2009 	20.111567  	29.84140   	24.56812   	 4.88876266
27/02/2009 	18.535217  	30.28364   	25.79639   	 5.45771194
28/02/2009 	18.826067  	30.22158   	26.28171   	 5.93934741
01/03/2009 	20.119917  	29.48802   	26.48398   	 5.67448099
02/03/2009 	21.825626  	28.78695   	26.07020   	 5.54961230
03/03/2009 	21.210081  	27.57180   	24.58251   	 5.43453002
04/03/2009 	18.599640  	21.66920   	20.13700   	 4.91075694
05/03/2009 	19.938290  	21.01375   	20.55311   	 4.90069582
06/03/2009 	18.888376  	23.00053   	20.23644   	 4.67128622
07/03/2009 	19.389904  	22.41428   	20.53801   	 4.45154311
08/03/2009 	19.363104  	22.22081   	20.93486   	 5.14802620
09/03/2009 	21.203054  	24.02135   	22.92563   	 4.79719139
10/03/2009 	20.125565  	24.14782   	23.08089   	 4.81045127
11/03/2009 	21.869236  	26.22124   	23.64455   	 4.70969270
12/03/2009 	19.782406  	28.22745   	23.37895   	 5.31799056
13/03/2009 	20.713301  	28.28349   	25.15933   	 5.97790619
14/03/2009 	19.752083  	26.02918   	22.91123   	 6.27349997
15/03/2009 	21.206379  	29.23801   	25.65018   	 6.19931442
16/03/2009 	19.620365  	28.11821   	24.87223   	 6.47846385
17/03/2009 	20.825819  	26.68006   	25.24147   	 6.81904066
18/03/2009 	19.376873  	26.81258   	25.13555   	 6.60330316
19/03/2009 	18.847719  	26.71830   	24.07076   	 6.66066621
20/03/2009 	20.149546  	26.26011   	23.78175   	 6.29908644
21/03/2009 	18.172689  	24.72749   	21.19913   	 6.33747942
22/03/2009 	18.781641  	25.94390   	23.00272   	 6.18945211
23/03/2009 	19.138609  	26.87251   	21.48992   	 6.59266839
24/03/2009 	21.272369  	28.31503   	26.13525   	 5.87040405
25/03/2009 	17.697285  	28.30101   	23.21913   	 6.24764920
26/03/2009 	18.383886  	28.00211   	23.76277   	 6.35187683
27/03/2009 	18.442749  	26.31308   	20.32995   	 6.33247339
28/03/2009 	17.265797  	20.17539   	19.31421   	 6.29431010
29/03/2009 	19.433405  	22.09945   	20.42330   	 5.92831689
30/03/2009 	19.032421  	24.92512   	21.31065   	 5.64724206
31/03/2009 	18.723948  	23.70034   	21.15908   	 6.16635251
01/04/2009 	19.237633  	25.05797   	23.12850   	 7.02464797
02/04/2009 	21.867516  	25.17884   	23.99516   	 7.68701363
03/04/2009 	19.289238  	24.51406   	22.92122   	 8.34601710
04/04/2009 	19.213226  	24.10133   	22.18515   	 8.57163382
05/04/2009 	18.171890  	24.20503   	21.00103   	 8.76938053
06/04/2009 	17.340216  	23.84542   	19.98909   	 9.04038107
07/04/2009 	15.471591  	21.95483   	18.45439   	 9.47494578
08/04/2009 	15.416256  	21.48749   	19.39558   	 9.00448354
09/04/2009 	17.891314  	21.44390   	19.89451   	 8.95963860
10/04/2009 	14.888447  	21.25247   	17.40076   	 9.80736067
11/04/2009 	14.934946  	22.59496   	18.99936   	10.48949345
12/04/2009 	15.966941  	23.37227   	21.33706   	10.98292683
13/04/2009 	21.395702  	24.88681   	23.28924   	10.78717466
14/04/2009 	22.351248  	24.96262   	24.30761   	10.61418110
15/04/2009 	23.403070  	26.12919   	25.00215   	10.92407485
16/04/2009 	24.179882  	25.59915   	25.22325   	11.50122950
17/04/2009 	22.814182  	26.32398   	25.10777   	11.23301435
18/04/2009 	19.334162  	26.99850   	22.75356   	10.64144373
19/04/2009 	19.376648  	26.67027   	23.01513   	10.83799223
20/04/2009 	19.777121  	24.37855   	21.93404   	11.68089072
21/04/2009 	19.843752  	27.45362   	22.93009   	12.23164084
22/04/2009 	19.870083  	27.68472   	24.16145   	11.72512319
23/04/2009 	23.516335  	28.33657   	27.05848   	11.10614485
24/04/2009 	24.449844  	29.06154   	27.69724   	11.88742729
25/04/2009 	24.816790  	28.91802   	27.95986   	12.11514999
26/04/2009 	24.990942  	29.02896   	28.44463   	12.45970480
27/04/2009 	25.582092  	29.00277   	28.27081   	12.52474759
28/04/2009 	24.599926  	29.37194   	28.31398   	12.33821253
29/04/2009 	25.657913  	29.45904   	28.88589   	12.30383060
30/04/2009 	24.952538  	29.48645   	28.85397   	12.60650194
01/05/2009 	25.556721  	29.51963   	28.71985   	13.46059052
02/05/2009 	25.215302  	29.39008   	28.43469   	13.87777450
03/05/2009 	24.667507  	29.28968   	28.30775   	13.31584462
04/05/2009 	24.757374  	30.15322   	28.50351   	11.86274584
05/05/2009 	24.365377  	29.88151   	25.20793   	12.33271833
06/05/2009 	23.890623  	25.06094   	24.61220   	12.60099850
07/05/2009 	23.417244  	25.00874   	24.34211   	12.77193234
08/05/2009 	22.997213  	24.70660   	23.94833   	12.82722118
09/05/2009 	22.683365  	24.87073   	24.09418   	12.52911099
10/05/2009 	23.465805  	24.41931   	24.00579   	13.03104275
11/05/2009 	23.594439  	29.28762   	26.79227   	12.42240711
12/05/2009 	25.962025  	30.10947   	29.15765   	11.95332295
13/05/2009 	27.118582  	30.22947   	29.57125   	12.68169757
14/05/2009 	27.563416  	30.15866   	29.57427   	12.62965127
15/05/2009 	26.282917  	30.08060   	28.80790   	12.78007549
16/05/2009 	25.933029  	28.19525   	26.90353   	12.98299686
17/05/2009 	25.073915  	27.00539   	25.88986   	13.49454689
18/05/2009 	24.746084  	26.29868   	25.80345   	13.38623343
19/05/2009 	26.200338  	26.53849   	26.33465   	13.24145579
20/05/2009 	26.307236  	26.84737   	26.45097   	13.71238208
21/05/2009 	26.361347  	26.99918   	26.51315   	14.42104697
22/05/2009 	26.058758  	26.87734   	26.47933   	14.75334867
23/05/2009 	25.482841  	26.67825   	26.23379   	15.30134076
24/05/2009 	25.540987  	27.32101   	26.37968   	15.92513327
25/05/2009 	25.754667  	27.78751   	27.14666   	16.55858429
26/05/2009 	25.994820  	28.68208   	27.28427   	16.94085753
27/05/2009 	26.065706  	28.22493   	26.80605   	15.28386452
28/05/2009 	24.702814  	28.31667   	26.36911   	15.03009983
29/05/2009 	24.999290  	28.98366   	27.60181   	14.89625776
30/05/2009 	26.016428  	28.99582   	28.21071   	15.16998126
31/05/2009 	26.393843  	29.82243   	28.60882   	16.01174386
01/06/2009 	26.046431  	30.48721   	29.15467   	16.58031025
02/06/2009 	26.136877  	30.61815   	29.75106   	15.34997376
03/06/2009 	27.172529  	31.17920   	30.45137   	13.86646877
04/06/2009 	26.593567  	31.93432   	30.79971   	12.19015990
05/06/2009 	27.051958  	32.15017   	31.02609   	11.77693309
06/06/2009 	28.113741  	32.17817   	31.61380   	12.59482986
07/06/2009 	28.116493  	31.84087   	31.21206   	14.04477030
08/06/2009 	28.046806  	31.55654   	30.89765   	15.08929461
09/06/2009 	27.847748  	31.51860   	30.35045   	15.78421795
10/06/2009 	27.101515  	31.50091   	30.08054   	15.63042214
11/06/2009 	28.738623  	31.47398   	31.00272   	15.35765942
12/06/2009 	28.747000  	31.49146   	30.51130   	14.57761635
13/06/2009 	28.511789  	31.33353   	30.50375   	14.68473953
14/06/2009 	26.684309  	31.06478   	29.89650   	15.70312889
15/06/2009 	27.898853  	31.30204   	30.42636   	16.55005809
16/06/2009 	27.718933  	31.24573   	30.30778   	16.69458471
17/06/2009 	27.557890  	31.21967   	30.19026   	17.09323607
18/06/2009 	27.127230  	31.26815   	29.51821   	16.66429993
19/06/2009 	27.024006  	31.26684   	28.97117   	16.73495477
20/06/2009 	27.096155  	31.26998   	28.72374   	15.89686433
21/06/2009 	27.956860  	31.46722   	30.68002   	15.15270716
22/06/2009 	29.218779  	31.37041   	30.70126   	15.69290809
23/06/2009 	28.915854  	31.53828   	30.48052   	16.39452797
24/06/2009 	29.555079  	32.34505   	31.45294   	17.44202892
25/06/2009 	28.569977  	32.37191   	31.80724   	17.67114246
26/06/2009 	28.379379  	32.30791   	31.59433   	18.52039464
27/06/2009 	28.789577  	32.20280   	31.62321   	19.24834120
28/06/2009 	28.936308  	32.11948   	31.37169   	19.82482990
29/06/2009 	28.998657  	31.88768   	31.11067   	20.93254244
30/06/2009 	28.988520  	31.63753   	31.16276   	21.25349335
01/07/2009 	29.033833  	32.02737   	31.28710   	20.92980679
02/07/2009 	30.692780  	32.31750   	31.67153   	20.65981929
03/07/2009 	29.370230  	32.29514   	31.61055   	21.43770556
04/07/2009 	29.174541  	32.52076   	31.48490   	21.76936654
05/07/2009 	30.238142  	32.53554   	32.00353   	22.20997771
06/07/2009 	29.217094  	32.58105   	30.81411   	21.83892135
07/07/2009 	28.290775  	30.28466   	29.08289   	20.46788792
08/07/2009 	28.387712  	30.70854   	29.09388   	19.19634561
09/07/2009 	28.382620  	32.54151   	31.04930   	16.94120053
10/07/2009 	27.772690  	31.43466   	29.87552   	16.50628316
11/07/2009 	27.816189  	31.18706   	30.54090   	16.16749156
12/07/2009 	25.536961  	31.16516   	28.70495   	16.94280225
13/07/2009 	25.552843  	30.96697   	27.55913   	18.43806597
14/07/2009 	22.558157  	31.02628   	27.29108   	19.58536700
15/07/2009 	23.635977  	31.05646   	26.48682   	19.69629276
16/07/2009 	25.225800  	26.52674   	25.73537   	19.39310904
17/07/2009 	23.579788  	26.12561   	24.75178   	19.47751892
18/07/2009 	24.500237  	26.30980   	25.53660   	19.11788662
19/07/2009 	25.702618  	26.62632   	26.20354   	18.79805501
20/07/2009 	26.057909  	27.68072   	26.78724   	18.83241232
21/07/2009 	23.671606  	27.34936   	26.55161   	18.88034868
22/07/2009 	23.909266  	27.29474   	26.22183   	19.23134561
23/07/2009 	25.066483  	27.47097   	26.75405   	18.81366189
24/07/2009 	25.681938  	28.14909   	26.90577   	18.52353815
25/07/2009 	26.084244  	29.37758   	27.54589   	17.82845640
26/07/2009 	25.091661  	28.21271   	26.57031   	17.77165095
27/07/2009 	24.039433  	27.71615   	26.29564   	18.39701772
28/07/2009 	24.542126  	27.97453   	26.84718   	18.67135970
29/07/2009 	22.860859  	27.73453   	26.51837   	18.86494545
30/07/2009 	23.975964  	27.96034   	25.38749   	19.39613044
31/07/2009 	24.782150  	26.54585   	25.08813   	18.42024243
01/08/2009 	24.310204  	26.07815   	25.11618   	18.64304682
02/08/2009 	22.482370  	25.31776   	24.48955   	18.97897132
03/08/2009 	23.422407  	25.24913   	24.94155   	18.94789449
04/08/2009 	24.059357  	26.05819   	24.92593   	19.64812493
05/08/2009 	23.787468  	27.89030   	25.26992   	20.36402889
06/08/2009 	24.067490  	28.43527   	26.42534   	21.06861885
07/08/2009 	23.974802  	28.23689   	26.89896   	21.27466329
08/08/2009 	26.040379  	28.52972   	27.84960   	20.09806263
09/08/2009 	25.750481  	29.93092   	28.19550   	19.56104453
10/08/2009 	26.044743  	30.15596   	28.71855   	20.06741758
11/08/2009 	26.513718  	30.40907   	29.16161   	20.16064322
12/08/2009 	26.845020  	30.18820   	29.38289   	19.41851600
13/08/2009 	27.035032  	30.71528   	29.96237   	18.78008934
14/08/2009 	27.066444  	30.86069   	30.31371   	18.69539646
15/08/2009 	26.263189  	30.89961   	28.47481   	19.57668606
16/08/2009 	25.336279  	26.95551   	26.17800   	20.34711949
17/08/2009 	25.507835  	27.89694   	26.30806   	20.03638526
18/08/2009 	25.966284  	28.64638   	26.83881   	19.24976822
19/08/2009 	24.958782  	27.51795   	26.39408   	19.87398616
20/08/2009 	24.432592  	30.19439   	26.72754   	20.24644017
21/08/2009 	24.596889  	30.24400   	26.28076   	19.80766269
22/08/2009 	25.223307  	30.48484   	28.55200   	18.48252889
23/08/2009 	26.326330  	29.67500   	28.45043   	18.32883404
24/08/2009 	25.589058  	29.76729   	28.58017   	19.36806651
25/08/2009 	26.714014  	29.77980   	28.84300   	19.78263644
26/08/2009 	27.113480  	29.79915   	28.85343   	18.84975902
27/08/2009 	26.008883  	29.83346   	27.81951   	19.19911770
28/08/2009 	25.919914  	27.84187   	26.27912   	19.11289938
29/08/2009 	26.564913  	28.53843   	27.46269   	18.12094212
30/08/2009 	26.110617  	28.40902   	27.61197   	17.52344898
31/08/2009 	25.791973  	26.55423   	26.08345   	18.14724402
01/09/2009 	24.698013  	27.21583   	26.07494   	18.27122331
02/09/2009 	26.510010  	28.38534   	27.91408   	17.86502028
03/09/2009 	27.296562  	29.82464   	28.86202   	17.86453895
04/09/2009 	29.209373  	29.83801   	29.56732   	17.49748878
05/09/2009 	28.393837  	29.47888   	28.90436   	16.12937796
06/09/2009 	28.216177  	29.39232   	28.68256   	15.59579643
07/09/2009 	28.031961  	29.38482   	28.66218   	15.67762333
08/09/2009 	26.499264  	28.92935   	28.48994   	16.45644877
09/09/2009 	27.547899  	29.23479   	28.75599   	17.02993552
10/09/2009 	28.648121  	29.38995   	29.11285   	15.94968903
11/09/2009 	28.782480  	29.40777   	29.11814   	15.10578563
12/09/2009 	28.811293  	29.54963   	29.25491   	15.88534687
13/09/2009 	29.067045  	30.32997   	29.71297   	15.11860834
14/09/2009 	29.730623  	30.70324   	30.38751   	15.84119356
15/09/2009 	29.713146  	30.59648   	30.40946   	16.16959721
16/09/2009 	29.722929  	30.58478   	30.14868   	16.29562231
17/09/2009 	29.899849  	30.80888   	30.48962   	15.13982809
18/09/2009 	29.878450  	31.06360   	30.77319   	15.56068373
19/09/2009 	30.279352  	31.14267   	30.91035   	15.82892748
20/09/2009 	30.396837  	31.23416   	31.05087   	16.52672315
21/09/2009 	30.507278  	31.73567   	31.23423   	15.91712540
22/09/2009 	29.929348  	31.96624   	31.07954   	15.95804272
23/09/2009 	31.034122  	32.75877   	32.02444   	16.09604883
24/09/2009 	30.908121  	32.50729   	31.90210   	15.32335915
25/09/2009 	31.159531  	32.40226   	32.02901   	15.07029988
26/09/2009 	31.418135  	32.40034   	32.17462   	15.11418388
27/09/2009 	31.648319  	32.40751   	32.23882   	15.44680297
28/09/2009 	30.893402  	32.47244   	32.09003   	16.03636976
29/09/2009 	29.747765  	32.22371   	30.89524   	16.23227714
30/09/2009 	25.478933  	32.21735   	30.67962   	15.84972411
01/10/2009 	25.971933  	32.60754   	31.07693   	14.65164276
02/10/2009 	29.110807  	32.63615   	32.01554   	12.85290569
03/10/2009 	27.982374  	32.55191   	29.60865   	14.31467783
04/10/2009 	28.232031  	30.36449   	29.39513   	13.80989238
05/10/2009 	25.416943  	32.12094   	28.92973   	12.52224402
06/10/2009 	25.234886  	32.00023   	27.75157   	12.81858621
07/10/2009 	25.043812  	27.08998   	25.76273   	14.26791330
08/10/2009 	25.131613  	31.94626   	28.36605   	13.24430396
09/10/2009 	27.943464  	32.25274   	31.34843   	11.77531399
10/10/2009 	27.337830  	32.35129   	30.99898   	12.05521588
11/10/2009 	27.361126  	32.35258   	30.95066   	11.51493301
12/10/2009 	27.362394  	32.65990   	31.49033   	11.13520640
13/10/2009 	31.724340  	33.14484   	32.72468   	 9.85026828
14/10/2009 	27.592484  	33.14077   	32.34224   	 9.84821012
15/10/2009 	28.793318  	33.20074   	32.58257   	 9.56449586
16/10/2009 	28.023708  	33.38699   	32.79707   	10.83704287
17/10/2009 	32.272011  	33.59715   	33.30863   	10.58685088
18/10/2009 	28.437408  	33.77354   	32.37961   	10.30363693
19/10/2009 	29.239380  	33.77309   	32.10453   	 9.97856623
20/10/2009 	28.629156  	33.77266   	31.94435   	 9.79490356
21/10/2009 	28.982372  	33.27146   	30.73995   	 8.42634001
22/10/2009 	26.508862  	28.87185   	27.84226   	 8.18213622
23/10/2009 	26.168804  	28.72206   	27.46028   	 8.75557115
24/10/2009 	26.362261  	28.61918   	27.60300   	 9.36122803
25/10/2009 	27.977018  	28.82663   	28.22385   	10.48490888
26/10/2009 	28.746275  	30.26842   	29.18337   	11.19643990
27/10/2009 	29.077793  	30.26383   	29.59016   	11.51392152
28/10/2009 	29.137115  	30.42378   	29.73613   	11.54841876
29/10/2009 	28.907259  	30.31161   	29.60518   	11.75369374
30/10/2009 	28.724140  	30.23713   	29.17074   	11.65005666
31/10/2009 	28.559086  	29.21697   	28.74539   	11.22057543
01/11/2009 	27.928055  	29.01444   	28.42582   	11.49127165
02/11/2009 	27.940903  	28.83142   	28.29713   	11.40389951
03/11/2009 	28.013758  	29.15730   	28.47211   	10.68173250
04/11/2009 	27.794701  	28.70988   	28.43772   	10.47526425
05/11/2009 	27.727392  	28.71587   	28.45100   	10.11643237
06/11/2009 	27.997950  	29.23257   	28.56011   	 9.75827332
07/11/2009 	28.672806  	29.48081   	29.10591   	10.32009800
08/11/2009 	27.881796  	29.36809   	28.71903   	 9.24060975
09/11/2009 	27.561972  	29.22820   	27.86344   	 8.43214388
10/11/2009 	27.443331  	27.99020   	27.65550   	 8.43293722
11/11/2009 	27.364605  	28.13173   	27.52195   	 8.27120133
12/11/2009 	27.358053  	28.30061   	27.62377   	 8.09410256
13/11/2009 	26.061516  	28.10898   	27.53253   	 9.49162644
14/11/2009 	25.613329  	28.58598   	27.49829   	10.23771604
15/11/2009 	28.632946  	30.17654   	29.68739   	10.39659272
16/11/2009 	27.385771  	30.03325   	28.84992   	10.30591242
17/11/2009 	27.353559  	29.97524   	28.68428   	10.31421874
18/11/2009 	29.392818  	30.38364   	29.91397   	10.65759464
19/11/2009 	29.981384  	30.31085   	30.21156   	10.73058343
20/11/2009 	29.348459  	30.24832   	29.99666   	10.19724272
21/11/2009 	27.686041  	30.18386   	29.61941   	10.57921994
22/11/2009 	27.265516  	30.12971   	28.69052   	10.67330094
23/11/2009 	29.625561  	30.02497   	29.87783   	10.47024387
24/11/2009 	29.985510  	30.68662   	30.35598   	10.48851522
25/11/2009 	29.974873  	30.64686   	30.38364   	10.41702267
26/11/2009 	29.828550  	30.59821   	30.27416   	10.12269332
27/11/2009 	29.263870  	29.81988   	29.53721   	 9.46584823
28/11/2009 	29.475760  	29.75824   	29.54701   	 9.23014965
29/11/2009 	29.470528  	29.63612   	29.57879   	 9.25500057
30/11/2009 	29.434092  	29.61977   	29.52978   	 8.94607365
01/12/2009 	28.961325  	29.63944   	29.57099   	 7.84943985
02/12/2009 	26.761730  	29.65095   	28.51751   	 7.03042264
03/12/2009 	24.898851  	28.94769   	26.40709   	 7.55769145
04/12/2009 	24.299389  	26.67797   	25.29943   	 7.59812188
05/12/2009 	22.892746  	25.83834   	24.32628   	 7.29901729
06/12/2009 	23.103279  	25.99644   	24.17177   	 7.92982039
07/12/2009 	23.195080  	26.13101   	24.81559   	 7.91311021
08/12/2009 	22.246586  	26.16773   	24.12641   	 7.79549896
09/12/2009 	22.318083  	25.83356   	23.55367   	 7.59028441
10/12/2009 	22.323133  	25.92969   	24.25269   	 8.07911331
11/12/2009 	23.882135  	25.80496   	24.82627   	 7.89018781
12/12/2009 	24.039850  	26.73564   	25.16649   	 6.93153191
13/12/2009 	23.713806  	26.71424   	25.39981   	 5.68080561
14/12/2009 	19.455626  	26.46043   	24.18917   	 4.67490501
15/12/2009 	20.460169  	26.22999   	24.37921   	 3.69542670
16/12/2009 	20.857418  	26.20214   	23.23013   	 3.35588844
17/12/2009 	18.669245  	25.65599   	21.98642   	 2.87324456
18/12/2009 	12.605675  	19.43983   	16.37096   	 1.55617558
19/12/2009 	14.364029  	24.28291   	19.58863   	 1.74645296
20/12/2009 	20.039871  	23.50216   	21.59139   	 2.90436675
21/12/2009 	21.377827  	23.45394   	22.78913   	 2.56402487
22/12/2009 	21.273184  	22.95414   	22.21482   	 2.57007813
23/12/2009 	21.899664  	23.20437   	22.45167   	 2.81280751
24/12/2009 	20.515480  	23.52692   	21.76059   	 2.72219833
25/12/2009 	20.293165  	24.07749   	21.57010   	 2.44984461
26/12/2009 	22.712103  	25.85543   	24.35838   	 3.82201040
27/12/2009 	24.934748  	27.45186   	26.02329   	 4.35709134
28/12/2009 	26.778885  	28.42179   	27.64362   	 4.47514156
29/12/2009 	23.451242  	27.74444   	25.84969   	 3.59204656
30/12/2009 	19.918968  	24.73192   	22.88740   	 2.40074348
31/12/2009 	16.740679  	24.82889   	20.73323   	 1.79849361
01/01/2010 	20.601671  	25.63849   	23.38929   	 1.84202975
02/01/2010 	21.006775  	25.84959   	23.66842   	 1.58455793
03/01/2010 	23.516836  	26.52635   	25.49683   	 1.68073058
04/01/2010 	23.135763  	26.30783   	24.70202   	 1.00953632
05/01/2010 	22.242287  	26.34638   	24.65699   	 1.18371497
06/01/2010 	22.126127  	25.69993   	24.18789   	 1.28657430
07/01/2010 	20.693336  	25.57070   	24.53391   	 1.11375938
08/01/2010 	20.539093  	26.28150   	24.52045   	 0.69052326
09/01/2010 	21.824333  	27.62217   	25.12606   	 0.33061583
10/01/2010 	17.164549  	27.76158   	24.36346   	 0.73264695
11/01/2010 	18.713652  	28.02813   	23.79424   	 0.69237376
12/01/2010 	18.802010  	26.67636   	21.87699   	 0.16737628
13/01/2010 	14.691887  	23.09357   	17.66235   	-0.94079179
14/01/2010 	15.055211  	21.61320   	17.94688   	-0.68996090
15/01/2010 	14.069315  	22.31828   	16.19722   	-0.61389770
16/01/2010 	13.961734  	20.22778   	16.11280   	-0.22783339
17/01/2010 	14.636674  	22.91503   	18.98388   	 0.59955801
18/01/2010 	14.570965  	22.23219   	17.71261   	 0.88135020
19/01/2010 	14.162406  	22.06584   	16.57490   	 1.49663839
20/01/2010 	15.731224  	27.01322   	22.56215   	 1.22010410
21/01/2010 	20.703119  	25.76143   	23.76386   	 0.95104436
22/01/2010 	16.590933  	22.64512   	19.43212   	 0.46907043
23/01/2010 	15.601563  	21.00533   	18.65633   	 0.60161144
24/01/2010 	16.048145  	21.12320   	19.11386   	 0.48124890
25/01/2010 	16.320484  	21.47003   	18.74287   	-0.13468991
26/01/2010 	13.303068  	20.09731   	15.91046   	-0.85612231
27/01/2010 	13.346057  	22.83716   	17.10989   	-0.33354325
28/01/2010 	16.658054  	27.97651   	21.53025   	 1.07146225
29/01/2010 	19.799562  	26.00198   	22.35390   	 1.45697291
30/01/2010 	21.117868  	29.19563   	26.04848   	 0.89449717
31/01/2010 	24.369680  	29.31291   	27.53718   	 0.83037763
01/02/2010 	23.965662  	30.67467   	28.39754   	 1.32344057
02/02/2010 	22.918295  	30.48343   	26.71269   	 1.46339629
03/02/2010 	22.896961  	30.35888   	28.20695   	 1.73423753
04/02/2010 	22.787649  	29.91865   	27.94626   	 1.70400846
05/02/2010 	21.290756  	28.10348   	25.45163   	 1.87917790
06/02/2010 	20.743496  	28.01566   	25.25681   	 2.10319632
07/02/2010 	21.202425  	27.98933   	24.87602   	 1.86184865
08/02/2010 	17.322769  	26.26785   	21.33577   	 0.83106122
09/02/2010 	15.195704  	21.65586   	17.83998   	-0.36453323
10/02/2010 	13.866788  	27.89922   	21.27687   	-0.58021937
11/02/2010 	17.612545  	29.18868   	25.89198   	-0.18105404
12/02/2010 	25.250471  	29.17382   	28.23878   	-0.26047561
13/02/2010 	22.513796  	29.81549   	28.80943   	-0.00424870
14/02/2010 	22.483845  	29.97305   	28.62320   	-0.41668769
15/02/2010 	22.421896  	30.26754   	28.47557   	-0.77362576
16/02/2010 	20.425444  	30.24551   	24.35584   	-0.73687158
17/02/2010 	20.716871  	23.38596   	21.55259   	-0.51193884
18/02/2010 	20.502455  	22.04717   	21.33450   	-0.22870832
19/02/2010 	19.928976  	23.67802   	21.40337   	 0.56722913
20/02/2010 	21.208731  	24.44047   	22.75636   	 1.08765878
21/02/2010 	21.213514  	24.09662   	22.42833   	 1.00402417
22/02/2010 	20.856207  	22.94372   	22.06851   	 1.40655562
23/02/2010 	20.857023  	26.30140   	22.62804   	 1.37663875
24/02/2010 	21.362572  	25.36835   	22.84053   	 1.36111704
25/02/2010 	20.987364  	23.16169   	21.70927   	 2.18661278
26/02/2010 	20.814594  	26.11634   	22.88658   	 2.66369273
27/02/2010 	24.684399  	28.83889   	26.04274   	 2.71201147
28/02/2010 	24.389133  	28.71336   	26.32557   	 3.30153619
01/03/2010 	22.146198  	27.13785   	24.56475   	 3.45815970
02/03/2010 	21.863798  	25.42264   	23.24578   	 2.98573561
03/03/2010 	21.922932  	24.72603   	23.56342   	 2.44056606
04/03/2010 	24.107212  	27.04101   	25.61368   	 2.69391014
05/03/2010 	24.690405  	28.06154   	26.44831   	 2.61102295
06/03/2010 	26.666845  	30.89881   	29.09677   	 2.37432353
07/03/2010 	26.034811  	30.18351   	28.44170   	 1.60263956
08/03/2010 	26.905508  	29.80123   	28.79257   	 1.62232225
09/03/2010 	22.706198  	29.64137   	27.91032   	 1.77519277
10/03/2010 	24.003153  	29.19803   	27.60930   	 2.19723291
11/03/2010 	20.724503  	29.22564   	26.84192   	 2.26821201
12/03/2010 	20.468573  	28.69061   	26.46552   	 2.61827642
13/03/2010 	20.032122  	28.75150   	27.00083   	 3.05723776
14/03/2010 	19.772087  	29.28012   	26.70805   	 3.82531649
15/03/2010 	20.074488  	30.05223   	27.41876   	 4.45531183
16/03/2010 	20.153633  	30.78835   	27.98361   	 4.75579935
17/03/2010 	19.258070  	29.86795   	25.16900   	 4.85181926
18/03/2010 	19.802488  	30.12045   	24.52924   	 5.22072553
19/03/2010 	18.605526  	23.83511   	20.44201   	 5.53459193
20/03/2010 	18.556549  	21.14799   	20.43957   	 6.04066418
21/03/2010 	20.449467  	21.56746   	20.79256   	 6.99238249
22/03/2010 	19.778502  	20.96361   	20.25896   	 6.96406283
23/03/2010 	19.805717  	21.89315   	20.47714   	 6.89101020
24/03/2010 	19.536482  	24.70231   	21.67073   	 7.34587076
25/03/2010 	19.515270  	25.77791   	22.68404   	 7.90887601
26/03/2010 	19.641058  	25.59966   	22.80096   	 8.36937274
27/03/2010 	19.726929  	25.62623   	22.08214   	 7.88640485
28/03/2010 	19.730911  	24.03588   	22.35810   	 7.81054596
29/03/2010 	20.393576  	23.02448   	21.83690   	 8.13666251
30/03/2010 	20.426239  	22.79002   	21.81988   	 8.15647584
31/03/2010 	21.366175  	24.76413   	23.30414   	 7.20495242
01/04/2010 	24.476950  	25.55564   	25.03870   	 6.41162379
02/04/2010 	25.049849  	25.44063   	25.22913   	 6.43034376
03/04/2010 	24.571215  	25.32023   	24.86228   	 6.84779866
04/04/2010 	23.952791  	25.02469   	24.58533   	 7.31215322
05/04/2010 	23.081480  	25.36870   	24.50079   	 7.33001270
06/04/2010 	23.890949  	25.70601   	24.67825   	 7.75636073
07/04/2010 	22.936474  	25.49976   	24.03725   	 8.09276475
08/04/2010 	22.899820  	24.97531   	23.68003   	 8.87069297
09/04/2010 	21.689850  	24.79869   	23.32393   	 9.57902668
10/04/2010 	21.113403  	24.43408   	22.73009   	 9.66338563
11/04/2010 	22.189913  	26.01424   	24.01007   	 8.62162778
12/04/2010 	23.300735  	26.85256   	25.28435   	 8.13917427
13/04/2010 	23.526249  	27.35294   	26.53629   	 8.15119935
14/04/2010 	25.445244  	27.97599   	26.99782   	 8.22995544
15/04/2010 	24.830664  	28.40269   	27.62806   	 8.44456468
16/04/2010 	25.787760  	28.71101   	28.08308   	 7.91673612
17/04/2010 	23.815401  	29.18910   	27.70839   	 8.30005362
18/04/2010 	23.689066  	29.35318   	28.25874   	 9.17662956
19/04/2010 	26.178885  	30.27617   	29.45766   	 9.25741438
20/04/2010 	25.622240  	30.36993   	29.07706   	 9.07456350
21/04/2010 	25.748413  	31.60784   	30.24508   	 7.82402078
22/04/2010 	25.809235  	31.59895   	30.28187   	 7.36172452
23/04/2010 	26.452272  	31.29998   	30.16124   	 7.74348719
24/04/2010 	26.356279  	31.58731   	30.45808   	 8.91675781
25/04/2010 	25.630590  	31.57904   	30.33741   	 9.56628973
26/04/2010 	26.799789  	31.57889   	30.50354   	10.45714456
27/04/2010 	27.064516  	31.61200   	30.50934   	11.57716693
28/04/2010 	27.343035  	31.37700   	29.83086   	12.16901308
29/04/2010 	27.509689  	30.43211   	29.67586   	12.51517725
30/04/2010 	27.730103  	30.13455   	29.21379   	12.72100828
01/05/2010 	27.708801  	30.60968   	29.51124   	12.50981021
02/05/2010 	28.021545  	30.87490   	29.90888   	11.06245482
03/05/2010 	26.209146  	32.11572   	30.71586   	 8.65293214
04/05/2010 	27.664049  	32.27934   	31.85280   	 7.78703407
05/05/2010 	26.211243  	32.21820   	31.39527   	 8.92963732
06/05/2010 	29.730793  	32.20471   	31.92840   	 9.43560443
07/05/2010 	30.324839  	31.93478   	31.69152   	 9.41652274
08/05/2010 	27.461378  	31.77748   	31.25462   	 9.87968028
09/05/2010 	27.886889  	31.90470   	31.19381   	 9.91670946
10/05/2010 	28.064064  	31.90092   	31.37333   	 9.90419106
11/05/2010 	30.210785  	32.12055   	31.74545   	 9.27904951
12/05/2010 	31.423119  	32.21733   	31.88595   	 8.43844724
13/05/2010 	27.052191  	32.48294   	31.59052   	 8.58716229
14/05/2010 	26.401840  	32.57134   	31.42012   	 9.44937808
15/05/2010 	27.390793  	32.64767   	31.61127   	10.59605412
16/05/2010 	28.038816  	32.56136   	31.63695   	10.51769805
17/05/2010 	28.020185  	32.65832   	31.96699   	10.86884940
18/05/2010 	28.204596  	32.79008   	32.19977   	11.31085147
19/05/2010 	28.432821  	32.82027   	32.14318   	11.44114474
20/05/2010 	27.372646  	32.69171   	31.82705   	12.69020567
21/05/2010 	27.580896  	32.86345   	32.01368   	14.12208623
22/05/2010 	27.593506  	32.88372   	32.25947   	13.99386005
23/05/2010 	26.277660  	32.92194   	31.66886   	14.60087921
24/05/2010 	27.027115  	33.12943   	31.65968   	16.05652362
25/05/2010 	27.328581  	33.24471   	32.35308   	15.12026046
26/05/2010 	28.445961  	33.15630   	32.54575   	13.67650233
27/05/2010 	27.161892  	32.95925   	32.01705   	13.58744983
28/05/2010 	27.553713  	32.95684   	31.84954   	13.63417612
29/05/2010 	28.574442  	32.98991   	32.11635   	13.39933558
30/05/2010 	28.649908  	32.86517   	31.68289   	13.86252187
31/05/2010 	31.883442  	32.71272   	32.47782   	13.22501415
01/06/2010 	28.675547  	32.60836   	31.93016   	14.47803386
02/06/2010 	29.238422  	32.53859   	31.17612   	14.85493924
03/06/2010 	28.865910  	32.22327   	30.77501   	15.51515472
04/06/2010 	28.372276  	32.13860   	31.09113   	16.07015957
05/06/2010 	28.770344  	32.37737   	31.40750   	16.71301023
06/06/2010 	28.096500  	32.15101   	31.25377   	17.35028080
07/06/2010 	27.927828  	32.03613   	30.53276   	17.39684689
08/06/2010 	27.101227  	32.15207   	30.46626   	17.57168456
09/06/2010 	27.629814  	32.19181   	30.26284   	18.03874707
10/06/2010 	27.126053  	31.87648   	29.45786   	18.09473932
11/06/2010 	27.616972  	30.23077   	28.95779   	18.31236649
12/06/2010 	27.931786  	30.46167   	28.95289   	17.30290147
13/06/2010 	27.749805  	31.41381   	29.70552   	15.82680406
14/06/2010 	26.726702  	32.08235   	30.71008   	16.53446990
15/06/2010 	29.245794  	32.64053   	31.36968   	14.86964152
16/06/2010 	27.567032  	32.81433   	32.22673   	14.86892527
17/06/2010 	27.034229  	32.83737   	32.24772   	15.55199941
18/06/2010 	27.593586  	32.92418   	32.30514   	14.52352240
19/06/2010 	29.197601  	33.13186   	32.65716   	12.96914589
20/06/2010 	30.037331  	33.15174   	32.86888   	12.54872481
21/06/2010 	29.607092  	33.21649   	32.74240   	13.16410859
22/06/2010 	29.913116  	33.22375   	32.72887   	15.05292896
23/06/2010 	29.689796  	33.19885   	32.53725   	17.08636028
24/06/2010 	30.632799  	33.20611   	32.69958   	18.57250186
25/06/2010 	30.739889  	33.20156   	32.77346   	18.80107145
26/06/2010 	30.811016  	33.08444   	32.82009   	19.09994010
27/06/2010 	31.116629  	33.12475   	32.83506   	18.67442771
28/06/2010 	31.163988  	33.14614   	32.78738   	20.00840398
29/06/2010 	31.339989  	33.14324   	32.90046   	20.46515230
30/06/2010 	31.363468  	33.16846   	32.95329   	20.17606183
01/07/2010 	31.353052  	33.26603   	32.95294   	19.62909218
02/07/2010 	31.373407  	33.27352   	32.89525   	20.53383950
03/07/2010 	30.415834  	33.28008   	32.68084   	21.26458820
04/07/2010 	30.939919  	33.31308   	32.90261   	21.39825682
05/07/2010 	30.491743  	33.36296   	32.83551   	21.25656410
06/07/2010 	31.587088  	33.37022   	33.11523   	19.69341103
07/07/2010 	31.008984  	33.42924   	33.03151   	18.69287050
08/07/2010 	30.700516  	33.49592   	32.58454   	19.32964567
09/07/2010 	31.086441  	33.51921   	33.02403   	20.26902453
10/07/2010 	32.058796  	33.52065   	33.02632   	21.53210338
11/07/2010 	30.403322  	33.23369   	32.01630   	23.07985687
12/07/2010 	30.627131  	32.37743   	31.39055   	22.44045540
13/07/2010 	30.328623  	32.18531   	31.02876   	20.65375539
14/07/2010 	30.032579  	31.99074   	31.11536   	20.79925950
15/07/2010 	30.416672  	31.69761   	30.81999   	21.11085471
16/07/2010 	28.700974  	30.66235   	30.02970   	19.95157846
17/07/2010 	28.550951  	30.65239   	29.53193   	19.69980748
18/07/2010 	29.059927  	31.18225   	30.09544   	18.66007775
19/07/2010 	29.206606  	31.20218   	30.51980   	18.25012497
20/07/2010 	29.133804  	31.24660   	30.42175   	19.01115847
21/07/2010 	28.844702  	31.25386   	30.12858   	20.14708336
22/07/2010 	29.003147  	31.25669   	30.34412   	19.92845241
23/07/2010 	29.351320  	31.24399   	30.58051   	19.95093222
24/07/2010 	30.377237  	31.13918   	30.68002   	18.97655499
25/07/2010 	29.944197  	30.81260   	30.45030   	18.84687444
26/07/2010 	30.036032  	30.76034   	30.41515   	19.20446555
27/07/2010 	29.894716  	31.79781   	30.69456   	19.13125904
28/07/2010 	30.024168  	31.68185   	31.04829   	19.69731466
29/07/2010 	30.162569  	31.59991   	31.11192   	18.78722552
30/07/2010 	29.794836  	32.29885   	31.51854   	18.25458137
31/07/2010 	29.565649  	32.32944   	31.19335   	18.59356614
01/08/2010 	29.552946  	32.14740   	31.42053   	19.04944507
02/08/2010 	29.541718  	32.17019   	31.70902   	19.52469015
03/08/2010 	29.604504  	32.20049   	31.70411   	19.77334197
04/08/2010 	29.215347  	32.20629   	31.26712   	19.60828944
05/08/2010 	29.064587  	32.26532   	30.98654   	18.86222275
06/08/2010 	29.593590  	32.32505   	31.49947   	18.44574058
07/08/2010 	27.749390  	32.31505   	30.43268   	18.93877033
08/08/2010 	28.054525  	32.20527   	30.65321   	18.84974360
09/08/2010 	28.245481  	32.24562   	30.16391   	19.09890517
10/08/2010 	27.801119  	31.24399   	28.84720   	19.34370724
11/08/2010 	27.909937  	31.26657   	29.32594   	19.00959317
12/08/2010 	27.538801  	29.67051   	28.52868   	18.70168837
13/08/2010 	27.350723  	28.86983   	28.06489   	18.00303292
14/08/2010 	27.107513  	28.61463   	28.07220   	18.74527351
15/08/2010 	26.026617  	30.25384   	28.49050   	18.63909797
16/08/2010 	25.174706  	30.97160   	29.25100   	18.13312081
17/08/2010 	24.791252  	30.89301   	28.67082   	18.65376111
18/08/2010 	25.695719  	29.68071   	27.65629   	18.51539747
19/08/2010 	25.684052  	29.26446   	26.37728   	18.08986060
20/08/2010 	23.924339  	26.11403   	25.60874   	18.39317346
21/08/2010 	21.216421  	25.81773   	23.13630   	18.87071359
22/08/2010 	22.690742  	24.56156   	24.05923   	19.25740167
23/08/2010 	21.377459  	25.25437   	23.38618   	19.29710710
24/08/2010 	24.293007  	27.58522   	26.08744   	18.50080820
25/08/2010 	25.998365  	28.36542   	27.10706   	17.26520137
26/08/2010 	22.973969  	27.74734   	26.09446   	15.94996357
27/08/2010 	24.310228  	26.66389   	25.35324   	15.91056939
28/08/2010 	24.549744  	27.52128   	26.32375   	15.45580711
29/08/2010 	24.847925  	28.31337   	26.44493   	15.22409532
30/08/2010 	27.293915  	29.63079   	28.32611   	15.07251722
31/08/2010 	25.094046  	30.02073   	28.79938   	15.22218102
01/09/2010 	22.983440  	29.86895   	28.31048   	15.32295541
02/09/2010 	24.166180  	29.61456   	28.58706   	15.74307756
03/09/2010 	25.123783  	29.15622   	28.41684   	16.12324409
04/09/2010 	27.285591  	28.98487   	28.28916   	16.50790358
05/09/2010 	24.095085  	28.43085   	27.18726   	16.14067239
06/09/2010 	13.956927  	27.56329   	20.79536   	15.61771462
07/09/2010 	 9.878933  	21.38035   	14.35522   	14.16857765
08/09/2010 	10.277478  	20.11271   	14.39959   	14.43566153
09/09/2010 	 9.844997  	21.72147   	14.24870   	14.94417177
10/09/2010 	10.299368  	21.12857   	15.99260   	15.48762141
11/09/2010 	11.087158  	21.62231   	17.69196   	16.24289811
12/09/2010 	13.894293  	21.69278   	18.31875   	17.07207847
13/09/2010 	12.009169  	21.93329   	16.02401   	16.28706169
14/09/2010 	20.920317  	24.45924   	22.42761   	16.77617391
15/09/2010 	23.038929  	26.91341   	24.20451   	16.20698327
16/09/2010 	22.896589  	27.91820   	25.07006   	15.31555092
17/09/2010 	22.398960  	28.68702   	26.30147   	13.86260039
18/09/2010 	24.500706  	29.56365   	28.05472   	12.87563958
19/09/2010 	21.016119  	29.21288   	23.53837   	13.68672280
20/09/2010 	21.043533  	23.20832   	22.31567   	14.72311628
21/09/2010 	21.758856  	23.34077   	22.45672   	15.26084000
22/09/2010 	19.027601  	22.48346   	21.40510   	15.31066271
23/09/2010 	19.197205  	22.16484   	21.14124   	15.54699196
24/09/2010 	19.252050  	23.77669   	20.47507   	15.79140333
25/09/2010 	21.124607  	26.09078   	23.71425   	13.36432109
26/09/2010 	21.388926  	26.57693   	25.11535   	12.13679649
27/09/2010 	21.546125  	27.42299   	25.48974   	13.31439976
28/09/2010 	22.652277  	26.88611   	24.11590   	14.21206925
29/09/2010 	21.938320  	24.79473   	23.45728   	13.40162375
30/09/2010 	16.350973  	23.14138   	19.31020   	12.65012225
01/10/2010 	15.569523  	19.80781   	18.05813   	12.98483334
02/10/2010 	17.318716  	19.76772   	18.13878   	13.71217362
03/10/2010 	19.659746  	20.99100   	20.15715   	14.76607347
04/10/2010 	19.910019  	21.88240   	20.88996   	15.37824943
05/10/2010 	19.935942  	21.87689   	20.83000   	15.81962705
06/10/2010 	19.917402  	22.92006   	21.56163   	15.74318192
07/10/2010 	19.329407  	22.78228   	20.54023   	15.72523145
08/10/2010 	19.323746  	23.04349   	21.33993   	15.56791840
09/10/2010 	21.354771  	24.10226   	22.50356   	14.80524600
10/10/2010 	21.624229  	24.89127   	23.06282   	13.82498689
11/10/2010 	21.551304  	26.40572   	24.04819   	12.92993265
12/10/2010 	22.231047  	27.21680   	25.29623   	12.82572228
13/10/2010 	21.307253  	27.60698   	26.07368   	12.79702534
14/10/2010 	22.516630  	28.10297   	27.00370   	12.59132034
15/10/2010 	25.827383  	28.47960   	27.69880   	12.04492257
16/10/2010 	24.583401  	29.56558   	28.54960   	11.72581915
17/10/2010 	25.680431  	29.50200   	28.01688   	10.24758619
18/10/2010 	20.639418  	27.51789   	22.46790   	10.43546975
19/10/2010 	21.567913  	29.49887   	23.15361   	10.53990181
20/10/2010 	22.138380  	29.89337   	28.14112   	 8.78060649
21/10/2010 	22.494892  	30.41329   	26.59237   	 8.98741867
22/10/2010 	22.031967  	24.01731   	23.14977   	 9.63947078
23/10/2010 	21.414480  	24.58440   	22.85135   	 9.65701224
24/10/2010 	22.324738  	29.59325   	25.48059   	 8.92580297
25/10/2010 	23.886986  	31.24782   	28.58552   	 7.64975960
26/10/2010 	22.935907  	31.14682   	27.48584   	 7.67145427
27/10/2010 	22.848293  	23.80058   	23.09512   	 8.82938725
28/10/2010 	23.128796  	23.90046   	23.55470   	 9.70242443
29/10/2010 	21.553087  	23.83363   	23.20844   	 9.72050073
30/10/2010 	21.089897  	24.20468   	22.22027   	 9.85727561
31/10/2010 	20.254576  	24.21812   	21.93107   	 9.89889896
01/11/2010 	19.851412  	22.99673   	21.06721   	10.00800711
02/11/2010 	20.099703  	24.18575   	22.88348   	10.36412716
03/11/2010 	24.227524  	26.79100   	25.96410   	11.01821321
04/11/2010 	25.216969  	27.20364   	25.99120   	11.38473129
05/11/2010 	26.053959  	27.70996   	26.92998   	11.94105655
06/11/2010 	26.561363  	28.23994   	27.64108   	11.50243262
07/11/2010 	25.562111  	27.69383   	26.22851   	10.31118236
08/11/2010 	23.350765  	26.00955   	25.63126   	 9.10354416
09/11/2010 	17.441603  	25.60143   	21.50326   	 7.10008107
10/11/2010 	16.637465  	27.34171   	24.29805   	 7.27037605
11/11/2010 	22.143217  	27.33025   	24.42447   	 7.31841299
12/11/2010 	24.116903  	31.00054   	27.97084   	 9.59051855
13/11/2010 	22.979206  	31.13371   	29.16716   	 9.48710986
14/11/2010 	22.263006  	31.06716   	26.91582   	 9.12836313
15/11/2010 	21.696867  	26.55192   	24.74753   	 8.47166081
16/11/2010 	21.994902  	25.82905   	24.01108   	 7.80567341
17/11/2010 	21.447239  	30.41850   	27.07929   	 7.29591686
18/11/2010 	24.327642  	29.78146   	26.17664   	 6.57470482
19/11/2010 	20.811207  	26.55197   	24.51376   	 6.35062141
20/11/2010 	17.928988  	25.05791   	21.49165   	 6.18621125
21/11/2010 	17.950663  	24.20373   	20.87668   	 6.16352144
22/11/2010 	21.128311  	26.91321   	23.93577   	 6.31349146
23/11/2010 	22.528193  	28.57536   	26.50193   	 6.01293085
24/11/2010 	21.214540  	29.20169   	27.27157   	 5.45563875
25/11/2010 	23.382118  	29.24608   	28.48775   	 5.23065872
26/11/2010 	23.123604  	29.07238   	28.22051   	 4.69156922
27/11/2010 	22.480227  	28.55387   	27.31036   	 3.96738114
28/11/2010 	19.220695  	25.94954   	22.55093   	 2.69326853
29/11/2010 	13.882888  	25.39648   	18.55011   	 1.64177646
30/11/2010 	13.690684  	27.43464   	18.66237   	 0.81840824
01/12/2010 	14.064526  	28.91544   	22.92870   	-0.26398188
02/12/2010 	17.271681  	27.71404   	20.38815   	-1.01486115
03/12/2010 	17.305885  	27.57012   	21.77141   	-0.73486044
04/12/2010 	17.423645  	24.46074   	23.10469   	 1.60467976
05/12/2010 	23.675909  	24.80911   	24.28765   	 2.35286601
06/12/2010 	23.327330  	24.82726   	24.05742   	 2.35879943
07/12/2010 	23.140850  	25.77995   	24.41882   	 1.10154715
08/12/2010 	24.888445  	26.96428   	26.09175   	 0.29292323
09/12/2010 	25.171421  	28.34596   	27.08982   	 1.29658481
10/12/2010 	24.958780  	29.63337   	27.96185   	 2.37078524
11/12/2010 	25.107094  	31.01744   	29.07696   	 4.23710724
12/12/2010 	27.196869  	31.25941   	30.52063   	 4.79359227
13/12/2010 	27.648891  	31.13788   	30.75083   	 2.99793282
14/12/2010 	29.336802  	31.10816   	30.41382   	 2.42783668
15/12/2010 	29.320614  	30.71865   	30.42218   	 2.12872251
16/12/2010 	25.487968  	30.57614   	28.69503   	 2.37588579
17/12/2010 	29.405054  	30.48535   	30.26816   	 2.22660262
18/12/2010 	21.318956  	30.36757   	25.88666   	 1.55829419
19/12/2010 	20.835762  	29.77750   	25.71551   	 0.24897830
20/12/2010 	24.218340  	27.46986   	25.31271   	-0.83396281
21/12/2010 	21.546843  	27.49201   	24.39695   	-1.24020394
22/12/2010 	21.119799  	28.97753   	24.78360   	-1.07654670
23/12/2010 	24.368925  	30.29022   	27.88448   	 0.19619351
24/12/2010 	28.409283  	30.89473   	30.42631   	 0.27388897
25/12/2010 	24.321125  	30.95569   	29.73553   	-0.64414073
26/12/2010 	24.250698  	30.92592   	29.63096   	-0.55131224
27/12/2010 	24.120047  	30.89350   	29.03334   	 0.19042663
28/12/2010 	21.846390  	30.78144   	26.61514   	 0.07752515
29/12/2010 	21.109943  	30.99041   	26.45368   	 0.34909428
30/12/2010 	19.993168  	30.99013   	26.15909   	 0.44819156
31/12/2010 	20.830999  	30.93439   	26.90115   	 0.90677343
01/01/2011 	21.533388  	30.88698   	27.07773   	 1.83449606
02/01/2011 	23.587111  	31.01855   	28.36494   	 1.71359735
03/01/2011 	22.508631  	31.17459   	28.61494   	 1.55510940
04/01/2011 	22.027884  	31.19063   	25.60939   	 1.37523930
05/01/2011 	19.144083  	23.08059   	21.48501   	 0.87966435
06/01/2011 	19.334101  	21.86482   	20.92665   	 0.97447483
07/01/2011 	18.710335  	21.83357   	20.05477   	 1.19820725
08/01/2011 	19.519054  	24.11400   	21.24221   	 2.27821287
09/01/2011 	22.507429  	24.52542   	23.31480   	 2.51156708
10/01/2011 	20.902035  	24.67509   	23.37401   	 2.14930726
11/01/2011 	19.783762  	23.14690   	20.71927   	 1.92450951
12/01/2011 	19.829844  	23.13919   	21.13494   	 2.26140158
13/01/2011 	20.535328  	22.88776   	21.88239   	 2.89691620
14/01/2011 	22.328114  	24.41235   	23.43958   	 3.64484323
15/01/2011 	24.312418  	25.59188   	24.74733   	 3.71961957
16/01/2011 	25.580275  	27.45011   	26.48680   	 4.05278486
17/01/2011 	21.580950  	27.83355   	26.26516   	 4.43896826
18/01/2011 	21.832056  	27.36707   	25.92450   	 4.55144127
19/01/2011 	23.294363  	27.49349   	25.76970   	 4.30223049
20/01/2011 	22.878012  	24.48052   	23.50733   	 3.49611640
21/01/2011 	20.499800  	24.54924   	23.37614   	 3.42056645
22/01/2011 	19.035408  	25.54123   	23.96289   	 3.91714463
23/01/2011 	19.149092  	26.32127   	25.03826   	 4.37145798
24/01/2011 	18.237221  	26.92003   	25.40817   	 4.63843753
25/01/2011 	17.835688  	27.54219   	24.56168   	 4.46184991
26/01/2011 	18.305698  	28.28199   	25.91384   	 3.79077581
27/01/2011 	20.275297  	28.19953   	26.34574   	 2.30463682
28/01/2011 	19.918646  	26.49124   	24.24647   	 0.89409371
29/01/2011 	16.465143  	26.80308   	21.50906   	 0.16218313
30/01/2011 	17.455074  	26.71008   	22.62321   	 0.21222390
31/01/2011 	16.768148  	27.74044   	22.49304   	 0.57185734
01/02/2011 	15.349433  	25.25756   	19.47320   	 0.65870278
02/02/2011 	15.144531  	23.66457   	17.59564   	 1.55825079
03/02/2011 	18.302738  	21.31073   	19.94241   	 2.89562975
04/02/2011 	20.467344  	29.75925   	24.20266   	 3.74993198
05/02/2011 	28.175613  	29.81495   	29.11257   	 4.42635140
06/02/2011 	28.725557  	29.29189   	29.15640   	 4.69477331
07/02/2011 	28.655317  	29.28341   	29.08474   	 4.74787177
08/02/2011 	25.250771  	28.79633   	28.21722   	 4.54317237
09/02/2011 	24.283783  	28.90861   	27.95337   	 4.09566444
10/02/2011 	23.961540  	28.90633   	25.70733   	 4.72089653
11/02/2011 	23.393469  	28.74183   	25.45053   	 4.93627494
12/02/2011 	23.926153  	28.93408   	27.16329   	 4.09341800
13/02/2011 	23.154457  	27.10651   	25.42450   	 4.43577186
14/02/2011 	21.318350  	24.54607   	22.74012   	 4.73238390
15/02/2011 	21.337130  	23.11123   	22.39094   	 4.80595641
16/02/2011 	20.827564  	23.06741   	21.98208   	 4.83298907
17/02/2011 	20.679537  	22.91505   	21.59904   	 4.54803464
18/02/2011 	20.260824  	22.94758   	21.44501   	 3.44478082
19/02/2011 	17.203976  	23.67805   	20.95703   	 2.63524613
20/02/2011 	13.947125  	20.81883   	16.57290   	 1.32078779
21/02/2011 	12.766393  	21.70963   	16.77706   	 0.12708561
22/02/2011 	12.216989  	20.69881   	15.29448   	-0.46650120
23/02/2011 	12.337750  	21.21795   	16.87188   	 0.18368144
24/02/2011 	16.520998  	21.88371   	20.29558   	 1.38315667
25/02/2011 	17.732065  	21.85861   	20.23284   	 2.15616347
26/02/2011 	21.180765  	22.89680   	21.91180   	 3.15496333
27/02/2011 	18.378275  	22.87613   	20.69775   	 4.14486228
28/02/2011 	18.347874  	24.04006   	22.18529   	 3.19265705
01/03/2011 	20.342104  	24.45997   	22.77688   	 2.81331569
02/03/2011 	22.399227  	26.24013   	24.27228   	 2.36390526
03/03/2011 	22.879541  	26.30829   	24.98961   	 2.05413554
04/03/2011 	21.132128  	26.56709   	25.24357   	 1.79437862
05/03/2011 	22.199173  	27.16575   	26.02708   	 2.69208913
06/03/2011 	21.874205  	28.69873   	27.23508   	 3.20829265
07/03/2011 	22.790337  	29.24652   	27.53301   	 2.74814708
08/03/2011 	22.853910  	28.96241   	26.96456   	 2.93727458
09/03/2011 	22.382259  	29.08274   	23.97203   	 3.39908645
10/03/2011 	22.471443  	24.52078   	22.91683   	 4.00234494
11/03/2011 	20.737238  	25.48830   	23.90797   	 4.32812087
12/03/2011 	19.365082  	25.36202   	22.97617   	 4.36294951
13/03/2011 	19.304049  	24.81118   	21.84448   	 4.88691707
14/03/2011 	19.306829  	24.56168   	22.12954   	 5.51504239
15/03/2011 	20.197868  	23.57629   	22.16056   	 5.85034861
16/03/2011 	16.716774  	22.14234   	19.67872   	 6.23173530
17/03/2011 	14.655582  	24.36531   	18.42097   	 6.03962939
18/03/2011 	14.821951  	23.58234   	19.92583   	 6.07884553
19/03/2011 	18.433767  	26.57693   	22.79005   	 5.67632006
20/03/2011 	21.427618  	27.58789   	25.27244   	 5.66571146
21/03/2011 	23.354406  	27.54296   	26.37834   	 5.96130161
22/03/2011 	24.397295  	28.52413   	27.15536   	 6.20267534
23/03/2011 	24.604464  	29.47403   	28.20635   	 6.90685212
24/03/2011 	25.349243  	29.85304   	28.57271   	 7.37851967
25/03/2011 	25.282455  	29.69717   	28.52857   	 7.49003900
26/03/2011 	26.369387  	30.51234   	29.38993   	 7.09770502
27/03/2011 	26.117979  	30.70881   	29.88984   	 6.09527882
28/03/2011 	26.936935  	30.73079   	30.04495   	 6.06287629
29/03/2011 	26.388760  	30.70760   	29.91767   	 6.26044008
30/03/2011 	26.109968  	30.67800   	29.60854   	 6.83745593
31/03/2011 	25.391245  	30.63803   	27.51914   	 7.59825071
01/04/2011 	25.141060  	25.82075   	25.48032   	 8.05897377
02/04/2011 	25.129110  	25.60497   	25.38044   	 8.70265573
03/04/2011 	25.359774  	25.70700   	25.54385   	 9.87594056
04/04/2011 	25.419413  	27.52627   	25.73150   	10.34101830
05/04/2011 	25.540131  	26.41073   	25.92451   	 9.21319590
06/04/2011 	25.880507  	26.57916   	26.20050   	 9.32220066
07/04/2011 	25.876751  	26.82476   	26.25648   	10.24422065
08/04/2011 	25.899700  	28.43156   	26.90357   	10.13189940
09/04/2011 	27.452272  	28.77878   	28.13122   	 9.58347672
10/04/2011 	26.982552  	29.29547   	28.43774   	 9.68171774
11/04/2011 	27.124069  	29.29961   	28.70303   	10.59729864
12/04/2011 	28.333181  	29.48074   	29.16307   	10.20085704
13/04/2011 	26.695049  	29.88805   	29.18767   	 9.17276096
14/04/2011 	26.644556  	30.05543   	28.98261   	 9.27719199
15/04/2011 	27.606686  	30.40550   	29.63418   	 9.10953788
16/04/2011 	28.120249  	30.41465   	29.78754   	10.14502021
17/04/2011 	28.244495  	30.42453   	30.07825   	11.10721262
18/04/2011 	28.807945  	30.53144   	30.30060   	11.61300532
19/04/2011 	29.088892  	30.79815   	30.45148   	11.56802613
20/04/2011 	28.577770  	30.81892   	30.43876   	12.44427810
21/04/2011 	29.311852  	31.07134   	30.70489   	12.76044899
22/04/2011 	29.603722  	31.28471   	30.93478   	13.10689455
23/04/2011 	29.225788  	31.20911   	30.95061   	13.54735386
24/04/2011 	29.283342  	31.26810   	30.97238   	14.02807393
25/04/2011 	29.155968  	31.28616   	30.94013   	14.43853728
26/04/2011 	31.093008  	31.34711   	31.22201   	13.25422881
27/04/2011 	31.123886  	31.48439   	31.35184   	10.50274143
28/04/2011 	29.848392  	31.50296   	31.23674   	11.43853007
29/04/2011 	31.171822  	31.38021   	31.27247   	12.32431765
30/04/2011 	31.141375  	31.33557   	31.28863   	11.97737590
01/05/2011 	31.250956  	31.36165   	31.31148   	11.45438800
02/05/2011 	31.267021  	31.71906   	31.41315   	10.87960986
03/05/2011 	31.076319  	31.81251   	31.64059   	 9.63388335
04/05/2011 	31.645168  	32.07178   	31.92100   	 9.55512539
05/05/2011 	31.686762  	32.15526   	31.99827   	10.72260233
06/05/2011 	31.857592  	32.15963   	32.07743   	11.69753017
07/05/2011 	31.984953  	32.20165   	32.09806   	13.03186876
08/05/2011 	31.864838  	32.12637   	32.06008   	13.67668811
09/05/2011 	31.705633  	32.16062   	32.06542   	14.37890601
10/05/2011 	31.849991  	32.17429   	32.11168   	15.02751015
11/05/2011 	31.894831  	32.24025   	32.12696   	15.59903693
12/05/2011 	32.111042  	32.27449   	32.20638   	15.71294876
13/05/2011 	32.216160  	32.40408   	32.29720   	14.62664487
14/05/2011 	31.927141  	32.47249   	32.33729   	14.20274381
15/05/2011 	31.930458  	32.66409   	32.33429   	13.54318853
16/05/2011 	31.682438  	32.50511   	32.05237   	13.40120157
17/05/2011 	31.571547  	32.30985   	31.89490   	13.45666047
18/05/2011 	31.458542  	32.22424   	31.84146   	14.09974494
19/05/2011 	31.502941  	32.38182   	31.86686   	14.92522105
20/05/2011 	31.824133  	32.69544   	32.32720   	15.20681886
21/05/2011 	31.972828  	32.69921   	32.38659   	15.92498706
22/05/2011 	31.623346  	32.46518   	32.27661   	16.38397469
23/05/2011 	31.150141  	32.40730   	31.66253   	15.71544969
24/05/2011 	30.778723  	31.42291   	31.11260   	15.15706017
25/05/2011 	30.872292  	31.78067   	31.24921   	14.96632536
26/05/2011 	30.572166  	31.65210   	31.03399   	15.43736170
27/05/2011 	30.384560  	30.97493   	30.58622   	14.19593596
28/05/2011 	30.375273  	30.82199   	30.58419   	14.10620193
29/05/2011 	30.200241  	30.63773   	30.51716   	14.84710312
30/05/2011 	30.272472  	30.56905   	30.50096   	15.63017440
31/05/2011 	30.128246  	30.62462   	30.32782   	16.09622890
01/06/2011 	30.221729  	30.98350   	30.60898   	15.01605719
02/06/2011 	30.409674  	31.09360   	30.87627   	16.16292254
03/06/2011 	31.040558  	31.30140   	31.18821   	16.66049870
04/06/2011 	31.184568  	31.29209   	31.25377   	16.66860906
05/06/2011 	31.087622  	31.32456   	31.18365   	15.11773703
06/06/2011 	31.122942  	31.25708   	31.18405   	15.42556808
07/06/2011 	31.174294  	31.40223   	31.27916   	16.12344106
08/06/2011 	31.176168  	31.42801   	31.31358   	16.56533494
09/06/2011 	31.104549  	31.32036   	31.23217   	16.34259399
10/06/2011 	31.201248  	31.35687   	31.27022   	16.28428831
11/06/2011 	31.120829  	31.69176   	31.35477   	16.11092361
12/06/2011 	31.173426  	31.72719   	31.44752   	16.11752743
13/06/2011 	30.826088  	31.67753   	31.25303   	16.22353019
14/06/2011 	30.950518  	31.68707   	31.38108   	17.08141319
15/06/2011 	30.835762  	31.83218   	31.49170   	17.93258637
16/06/2011 	30.531425  	31.80908   	31.17268   	18.06315863
17/06/2011 	30.636395  	31.46424   	31.13375   	16.92584387
18/06/2011 	29.743467  	31.45282   	30.54408   	16.73265471
19/06/2011 	29.773952  	30.68561   	30.30914   	15.87430469
20/06/2011 	30.079786  	30.83821   	30.57205   	15.77211658
21/06/2011 	30.023512  	30.84774   	30.56470   	16.96737434
22/06/2011 	29.786745  	30.66788   	30.07592   	16.82997251
23/06/2011 	29.798792  	29.84523   	29.81798   	17.03244074
24/06/2011 	29.746645  	29.95019   	29.81003   	16.75392534
25/06/2011 	29.753857  	30.11382   	29.91369   	16.78145210
26/06/2011 	29.738680  	30.13685   	29.92577   	18.20314995
27/06/2011 	29.741894  	30.15559   	29.94503   	19.38661595
28/06/2011 	29.787594  	30.17218   	29.95276   	20.42857524
29/06/2011 	29.767992  	30.35396   	30.02205   	20.46111035
30/06/2011 	30.068590  	30.56860   	30.33836   	17.75179414
01/07/2011 	30.199659  	30.79827   	30.50941   	16.41378834
02/07/2011 	30.102251  	30.89689   	30.72593   	15.90632578
03/07/2011 	29.716290  	31.16875   	30.93339   	15.14570993
04/07/2011 	28.250988  	31.19558   	30.82144   	16.06617437
05/07/2011 	28.735683  	31.16585   	30.81007   	17.15989655
06/07/2011 	28.969900  	31.11388   	30.30122   	18.09095339
07/07/2011 	28.977215  	31.17460   	30.13719   	17.76346608
08/07/2011 	28.378649  	31.12047   	29.84415   	17.98394012
09/07/2011 	27.889498  	30.91575   	28.80964   	18.24493210
10/07/2011 	27.846386  	29.32762   	28.56764   	18.38505042
11/07/2011 	27.983610  	30.60254   	28.63831   	19.29891729
12/07/2011 	28.008598  	30.71633   	29.63903   	19.22656695
13/07/2011 	29.557123  	30.84438   	30.46542   	15.92633319
14/07/2011 	28.007521  	30.97368   	30.48901   	17.07871230
15/07/2011 	28.498592  	31.12421   	30.66656   	16.50718325
16/07/2011 	22.979527  	31.17805   	27.96846   	17.34482114
17/07/2011 	22.982653  	26.92695   	24.98379   	17.54924587
18/07/2011 	25.633146  	27.26120   	26.32161   	17.34293711
19/07/2011 	24.527937  	27.20618   	26.73483   	17.21291657
20/07/2011 	23.737360  	27.39734   	26.29086   	17.87705771
21/07/2011 	25.395226  	27.03837   	26.14017   	18.47286884
22/07/2011 	25.425837  	28.23524   	26.67999   	16.56868162
23/07/2011 	25.275505  	30.35138   	27.42742   	15.91686537
24/07/2011 	25.116640  	30.87840   	28.48065   	16.18075156
25/07/2011 	24.672916  	31.05989   	29.52832   	15.64963176
26/07/2011 	24.531311  	31.03069   	28.63717   	16.43528708
27/07/2011 	22.497919  	31.04243   	27.99709   	17.50783360
28/07/2011 	23.498466  	31.05490   	28.68245   	18.45437582
29/07/2011 	24.896469  	31.04784   	29.39044   	17.35318502
30/07/2011 	25.766535  	30.30703   	29.26846   	15.72736681
31/07/2011 	25.562109  	30.66691   	29.53153   	15.83000453
01/08/2011 	25.100103  	30.67497   	29.48935   	16.59056548
02/08/2011 	25.730324  	30.66161   	29.67430   	17.90847719
03/08/2011 	26.285313  	30.64816   	29.68442   	18.92522327
04/08/2011 	26.369270  	30.66505   	29.50334   	19.56194965
05/08/2011 	26.064383  	30.72362   	29.54451   	20.06919909
06/08/2011 	25.176598  	30.71233   	29.62278   	20.09965372
07/08/2011 	25.578732  	30.40860   	27.28386   	18.99204930
08/08/2011 	25.218075  	26.36607   	25.69076   	18.35675438
09/08/2011 	25.392393  	30.81696   	28.31308   	16.70026215
10/08/2011 	24.600439  	31.00915   	28.66556   	15.77983717
11/08/2011 	24.341846  	25.46042   	24.81469   	17.16077650
12/08/2011 	24.698484  	25.70352   	25.05933   	18.03118217
13/08/2011 	22.751099  	25.00630   	24.51769   	18.57679001
14/08/2011 	22.921139  	25.72758   	24.46492   	18.75715919
15/08/2011 	24.009098  	27.56274   	25.71833   	18.63706529
16/08/2011 	24.398127  	27.82786   	26.73883   	18.04442934
17/08/2011 	24.836504  	27.88065   	27.11892   	17.58610590
18/08/2011 	24.484819  	28.53015   	27.67481   	17.16898358
19/08/2011 	25.134733  	29.40263   	27.89378   	17.17222106
20/08/2011 	24.781540  	28.88093   	27.81891   	17.04009765
21/08/2011 	23.503126  	28.71068   	27.36808   	17.32716425
22/08/2011 	25.817646  	29.54125   	28.04784   	18.07353528
23/08/2011 	27.434227  	29.70348   	28.42236   	18.64917092
24/08/2011 	24.975609  	29.55060   	27.62353   	19.12615085
25/08/2011 	24.556665  	29.52049   	26.82179   	18.92586438
26/08/2011 	20.971138  	28.54432   	24.98741   	19.00687174
27/08/2011 	23.848370  	29.29122   	25.69141   	18.36396631
28/08/2011 	24.428398  	29.25930   	26.06522   	17.29178071
29/08/2011 	24.541731  	29.37182   	25.04715   	15.97802571
30/08/2011 	23.897690  	30.46586   	28.69980   	14.97899145
31/08/2011 	24.107420  	30.35440   	28.44176   	14.50943293
01/09/2011 	24.934803  	29.79375   	28.04612   	14.48554476
02/09/2011 	24.394682  	29.58381   	27.64168   	15.52230636
03/09/2011 	25.130060  	29.52394   	28.20898   	16.48429592
04/09/2011 	24.930054  	29.28200   	27.87306   	17.64922772
05/09/2011 	24.266983  	29.09081   	26.05932   	16.99045070
06/09/2011 	24.173470  	29.89192   	25.89261   	16.85482264
07/09/2011 	29.133989  	30.82367   	29.84498   	16.92173795
08/09/2011 	29.547916  	30.26890   	30.09358   	16.21191599
09/09/2011 	27.836168  	30.39231   	29.79653   	16.40137718
10/09/2011 	25.349220  	30.46192   	28.66730   	17.09863655
11/09/2011 	24.054245  	30.10160   	25.95311   	17.22139959
12/09/2011 	24.366583  	28.45806   	26.85428   	16.94153976
13/09/2011 	27.646839  	28.90093   	28.28053   	16.52638817
14/09/2011 	28.000505  	29.37441   	28.79632   	15.69745034
15/09/2011 	26.028589  	29.42556   	28.69447   	14.15267668
16/09/2011 	25.721098  	29.24570   	28.47757   	13.79436618
17/09/2011 	25.068209  	29.08892   	27.13042   	14.47171549
18/09/2011 	24.933012  	25.60484   	25.26310   	14.75611508
19/09/2011 	24.983988  	27.34229   	25.48237   	14.27159290
20/09/2011 	24.915857  	25.52074   	25.14728   	15.09427160
21/09/2011 	25.326992  	26.64703   	25.72840   	15.66457591
22/09/2011 	26.330164  	28.09391   	27.21857   	15.09761077
23/09/2011 	26.679394  	29.06530   	28.18700   	14.31848846
24/09/2011 	23.752981  	28.44295   	27.06010   	14.66906027
25/09/2011 	25.284040  	28.19444   	27.54743   	14.82907293
26/09/2011 	25.207806  	28.64654   	27.45699   	15.45490644
27/09/2011 	25.686321  	28.29343   	26.83075   	16.04580363
28/09/2011 	24.165207  	26.89421   	26.22012   	16.09567046
29/09/2011 	25.085791  	26.90057   	26.20372   	16.62970781
30/09/2011 	24.238039  	27.30535   	26.27403   	16.98299328
01/10/2011 	24.727547  	27.47606   	26.62341   	17.22429367
02/10/2011 	24.049898  	27.79198   	26.61465   	17.47771180
03/10/2011 	24.445295  	27.47880   	26.31090   	17.41965763
04/10/2011 	24.061142  	28.30272   	25.88679   	17.22921272
05/10/2011 	24.088114  	29.42334   	25.55929   	16.64196682
06/10/2011 	24.155943  	28.37597   	26.42233   	16.31284557
07/10/2011 	26.220585  	30.73472   	29.02531   	13.62198589
08/10/2011 	29.211536  	30.98327   	30.54895   	11.79018746
09/10/2011 	24.711834  	30.70230   	29.03368   	11.15575554
10/10/2011 	24.436886  	30.86435   	26.50457   	13.54132857
11/10/2011 	25.776161  	27.61555   	26.38982   	14.22136982
12/10/2011 	25.796734  	30.77314   	29.32992   	13.67307913
13/10/2011 	25.720671  	30.82869   	28.95426   	12.54530084
14/10/2011 	24.121099  	28.35259   	27.37841   	12.08697027
15/10/2011 	23.045502  	28.25006   	27.14695   	11.38041157
16/10/2011 	22.051939  	28.02365   	25.27893   	10.84104786
17/10/2011 	22.088194  	28.10609   	24.73632   	11.26891333
18/10/2011 	21.899137  	26.29445   	23.12459   	12.28758695
19/10/2011 	23.746937  	28.35489   	26.40854   	11.10738115
20/10/2011 	23.356916  	29.46961   	28.62951   	 9.38072260
21/10/2011 	22.643919  	29.43871   	26.54931   	 9.22389897
22/10/2011 	21.499004  	23.10178   	22.35810   	 9.90545261
23/10/2011 	20.068335  	22.41900   	20.83724   	 9.39350086
24/10/2011 	19.847050  	22.00800   	20.66430   	 8.70571985
25/10/2011 	18.320429  	23.44372   	20.65224   	 8.83538187
26/10/2011 	18.286144  	23.62781   	22.70443   	 9.73036180
27/10/2011 	21.598455  	24.04324   	23.39502   	 9.89934856
28/10/2011 	18.889893  	24.01018   	22.32088   	10.05075196
29/10/2011 	18.931170  	24.17083   	21.79289   	10.26713965
30/10/2011 	18.929779  	24.81582   	21.91571   	11.09470129
31/10/2011 	18.941866  	24.17616   	21.20752   	11.73933194
01/11/2011 	21.769815  	25.13616   	23.02184   	11.44047457
02/11/2011 	22.112326  	25.04474   	23.66169   	11.45553203
03/11/2011 	22.780571  	24.82288   	24.01851   	11.71845903
04/11/2011 	24.561501  	25.54086   	25.11475   	11.97487781
05/11/2011 	24.671343  	25.62968   	25.17955   	12.05554769
06/11/2011 	24.118502  	26.46803   	24.95812   	11.95785290
07/11/2011 	23.824316  	27.13646   	25.37445   	11.50990144
08/11/2011 	21.585655  	27.14180   	24.87302   	10.61456937
09/11/2011 	21.026119  	26.81703   	24.26046   	10.01538366
10/11/2011 	20.902143  	25.64154   	23.89329   	 9.48338048
11/11/2011 	19.963264  	25.84691   	23.01736   	 8.65286443
12/11/2011 	19.712986  	24.68817   	21.36620   	 7.64314566
13/11/2011 	19.392977  	25.07730   	20.89525   	 7.30449743
14/11/2011 	19.490248  	27.16051   	24.25092   	 6.93554640
15/11/2011 	20.405664  	27.02943   	25.12848   	 6.15425026
16/11/2011 	22.814503  	27.58690   	25.72676   	 5.16158579
17/11/2011 	21.781977  	25.79181   	23.75657   	 4.72622879
18/11/2011 	21.533480  	26.26553   	24.03750   	 5.74160912
19/11/2011 	22.022125  	26.42430   	24.75803   	 6.60696840
20/11/2011 	20.255207  	26.29588   	23.38826   	 5.60520115
21/11/2011 	20.251089  	26.57287   	22.67530   	 5.31248175
22/11/2011 	20.252165  	27.19856   	23.74285   	 5.90410853
23/11/2011 	20.718313  	27.28791   	25.34424   	 6.58712248
24/11/2011 	22.814556  	26.96092   	25.64651   	 7.28949272
25/11/2011 	24.074646  	27.60210   	26.49007   	 7.96798153
26/11/2011 	26.139660  	31.07805   	28.03029   	 8.30828419
27/11/2011 	27.153418  	30.44573   	28.33390   	 8.68527855
28/11/2011 	26.528057  	31.78879   	29.92378   	 8.41107771
29/11/2011 	25.234848  	31.25171   	27.21134   	 7.98656443
30/11/2011 	26.538149  	28.68929   	27.93278   	 7.89375032
01/12/2011 	25.986219  	26.92816   	26.69379   	 8.24442406
02/12/2011 	25.840508  	26.70792   	26.53330   	 7.92198932
03/12/2011 	25.876621  	28.40699   	27.19643   	 8.40796271
04/12/2011 	26.858671  	28.79022   	27.90107   	 8.10844810
05/12/2011 	24.796606  	28.53315   	26.98405   	 7.15189510
06/12/2011 	25.253601  	28.63226   	26.71568   	 6.74356192
07/12/2011 	25.549009  	27.93894   	26.20384   	 6.63357292
08/12/2011 	25.811974  	29.28189   	27.52920   	 6.81049610
09/12/2011 	26.034229  	28.67855   	27.06614   	 6.54201457
10/12/2011 	26.824886  	28.75364   	28.13857   	 6.12011247
11/12/2011 	26.122707  	28.74254   	27.53892   	 5.62587848
12/12/2011 	26.071106  	27.04976   	26.53873   	 5.64835282
13/12/2011 	26.290577  	28.47955   	27.57901   	 6.45693859
14/12/2011 	28.154766  	29.03410   	28.61547   	 6.60354021
15/12/2011 	28.053770  	28.69848   	28.29652   	 6.18943325
16/12/2011 	26.932430  	28.62634   	28.09659   	 5.57837511
17/12/2011 	26.440006  	28.79065   	27.69673   	 4.81830875
18/12/2011 	26.357643  	28.76117   	28.00575   	 4.16086175
19/12/2011 	25.851887  	29.15340   	28.31688   	 3.98379109
20/12/2011 	25.375963  	29.37871   	27.58557   	 4.65737602
21/12/2011 	27.526403  	30.01738   	29.06587   	 5.14046732
22/12/2011 	20.448439  	29.86284   	27.26715   	 5.63806629
23/12/2011 	20.351301  	30.02627   	25.17101   	 6.19689965
24/12/2011 	21.554777  	29.75331   	24.67502   	 5.82400502
25/12/2011 	20.364523  	28.73630   	22.78647   	 5.98446929
26/12/2011 	19.301878  	22.34703   	21.33275   	 6.50982159
27/12/2011 	19.194918  	22.83864   	21.08967   	 6.74141004
28/12/2011 	17.544853  	22.78107   	19.64208   	 6.33716891
29/12/2011 	21.650547  	27.76094   	23.96258   	 6.04426620
30/12/2011 	21.854317  	29.92225   	27.96343   	 5.43601093
