date	smin	smax	smean	tmean
01/01/2009   	17.519154    	19.71075     	18.950971    	 1.8607818658
02/01/2009   	17.420944    	19.62391     	18.680657    	 1.8187724302
03/01/2009   	14.833508    	19.49603     	18.308433    	 1.5825193127
04/01/2009   	15.007016    	19.26686     	17.052768    	 1.6287409514
05/01/2009   	16.049826    	18.34906     	17.242899    	 1.4528808817
06/01/2009   	17.215992    	20.23360     	18.381839    	 0.9996649089
07/01/2009   	17.756311    	21.14144     	19.391123    	 0.9123467915
08/01/2009   	17.953922    	20.07602     	19.379597    	 0.8503378257
09/01/2009   	18.300573    	20.67084     	19.670275    	 0.6454752100
10/01/2009   	18.572287    	20.90499     	19.878936    	 0.4414921142
11/01/2009   	19.088736    	21.82006     	20.621059    	 0.2536289565
12/01/2009   	20.446064    	21.90029     	21.352525    	 0.4546086869
13/01/2009   	20.752394    	23.79434     	22.429739    	 1.1403325765
14/01/2009   	20.862253    	23.61659     	22.713557    	 1.4695084319
15/01/2009   	18.309864    	23.55673     	22.350713    	 1.4778308272
16/01/2009   	18.672516    	23.91079     	22.209041    	 1.5023911620
17/01/2009   	21.546043    	24.15363     	23.439335    	 1.9316093822
18/01/2009   	20.951195    	23.50781     	22.802652    	 2.4968698670
19/01/2009   	20.787710    	23.49360     	22.645767    	 2.7375077754
20/01/2009   	23.016262    	25.17840     	24.388781    	 2.9867766201
21/01/2009   	24.701506    	25.83596     	25.217162    	 2.9277753482
22/01/2009   	25.144657    	26.81354     	26.068810    	 2.7151735624
23/01/2009   	25.203751    	28.28175     	26.947535    	 2.6703576545
24/01/2009   	26.192980    	27.67187     	26.800266    	 2.8266092837
25/01/2009   	26.011192    	27.00825     	26.425099    	 2.8092244069
26/01/2009   	25.372980    	26.84413     	26.338443    	 2.6482907583
27/01/2009   	21.958340    	27.04815     	25.910235    	 2.3752582967
28/01/2009   	21.612509    	26.53363     	25.181014    	 2.0996941974
29/01/2009   	20.068251    	26.49412     	24.392122    	 1.8644771576
30/01/2009   	20.694284    	25.40307     	23.459133    	 1.5671527510
31/01/2009   	21.624779    	25.11745     	23.564140    	 1.1811618085
01/02/2009   	21.386200    	24.69063     	23.320507    	 0.7813258587
02/02/2009   	21.961374    	24.39160     	23.212300    	 0.4139138836
03/02/2009   	23.004307    	23.63096     	23.419506    	 0.5110728089
04/02/2009   	23.121162    	23.82051     	23.589321    	 0.6419557941
05/02/2009   	23.227421    	23.92736     	23.647500    	 0.7358702843
06/02/2009   	23.480314    	24.15575     	23.852878    	 1.0023032551
07/02/2009   	22.058178    	23.94535     	23.395455    	 1.1398742137
08/02/2009   	20.827875    	23.72031     	22.335063    	 1.1788972194
09/02/2009   	20.773476    	22.41881     	21.599559    	 1.2788364664
10/02/2009   	19.977079    	22.61263     	21.834641    	 1.3876162718
11/02/2009   	17.766647    	22.28308     	20.160239    	 1.5103067632
12/02/2009   	17.573610    	20.46711     	19.071072    	 1.6586772129
13/02/2009   	16.052670    	20.20910     	18.578323    	 1.8167591393
14/02/2009   	15.898129    	20.02552     	18.770195    	 1.8261953567
15/02/2009   	16.816689    	20.90642     	19.376228    	 1.9041781425
16/02/2009   	16.054522    	20.08123     	18.346073    	 2.1821818699
17/02/2009   	16.513596    	18.72478     	17.746606    	 2.5589526743
18/02/2009   	17.484882    	19.65816     	18.852824    	 2.5184461027
19/02/2009   	17.532736    	19.94212     	18.846691    	 2.4799278378
20/02/2009   	15.478784    	19.05914     	17.866725    	 2.6781129688
21/02/2009   	14.587528    	17.53793     	16.124588    	 2.8603441914
22/02/2009   	14.563948    	16.76843     	15.683281    	 3.1408538719
23/02/2009   	12.501513    	16.09576     	14.408512    	 3.4322956751
24/02/2009   	12.687903    	16.39679     	14.612485    	 3.6584283710
25/02/2009   	13.104851    	16.47017     	15.319339    	 3.8572063794
26/02/2009   	13.441927    	16.65923     	15.291126    	 4.1534960022
27/02/2009   	13.952018    	16.10091     	14.745758    	 4.4744050900
28/02/2009   	13.672360    	15.40594     	14.817621    	 4.7025216420
01/03/2009   	13.821645    	16.99690     	15.658028    	 4.7549275060
02/03/2009   	14.512085    	17.49954     	16.205467    	 4.9251153171
03/03/2009   	15.580591    	18.25630     	16.924806    	 4.9946022828
04/03/2009   	16.747581    	19.46198     	18.304838    	 4.9578866760
05/03/2009   	17.941246    	20.14046     	19.487013    	 4.8728773991
06/03/2009   	15.200921    	20.15342     	17.990425    	 4.9430582921
07/03/2009   	15.418429    	17.72903     	16.709247    	 4.8646443685
08/03/2009   	16.069765    	18.14437     	17.324540    	 5.0531826317
09/03/2009   	15.532533    	18.14109     	16.921989    	 5.0779964228
10/03/2009   	16.504103    	18.10792     	17.250567    	 5.0779617826
11/03/2009   	16.053005    	18.34415     	17.356729    	 5.0635646979
12/03/2009   	14.663651    	17.72856     	16.925335    	 5.2350532512
13/03/2009   	14.426986    	18.25148     	16.624047    	 5.3945587973
14/03/2009   	13.925891    	17.82091     	16.512470    	 5.5177530348
15/03/2009   	13.172915    	17.80950     	16.008588    	 5.7085714142
16/03/2009   	12.826061    	16.94563     	15.152648    	 5.9790532688
17/03/2009   	13.293223    	16.23412     	15.173503    	 6.2140491903
18/03/2009   	11.998256    	15.71881     	14.442144    	 6.3465074599
19/03/2009   	12.786960    	15.78796     	14.591779    	 6.4736895363
20/03/2009   	13.349596    	15.38965     	14.466219    	 6.5964599848
21/03/2009   	13.240848    	15.10968     	14.404262    	 6.6696530382
22/03/2009   	10.600544    	14.79503     	13.056952    	 6.8229836623
23/03/2009   	 9.271749    	13.79790     	11.629587    	 6.9418086112
24/03/2009   	 9.576675    	13.83306     	11.125379    	 6.8093041976
25/03/2009   	11.916750    	14.80980     	13.078248    	 6.6781611542
26/03/2009   	13.077325    	14.89876     	14.188234    	 6.6817774773
27/03/2009   	12.682499    	15.03886     	14.076971    	 6.6562422017
28/03/2009   	14.247453    	16.29244     	14.910593    	 6.6220248342
29/03/2009   	13.212109    	16.54073     	15.416106    	 6.5798428754
30/03/2009   	13.630595    	16.20018     	15.183646    	 6.5237822831
31/03/2009   	13.079158    	16.83254     	15.413990    	 6.6613558531
01/04/2009   	12.238331    	16.27843     	15.154307    	 6.9144286811
02/04/2009   	12.167198    	15.93767     	14.609738    	 7.2889285187
03/04/2009   	13.516126    	16.39747     	15.196690    	 7.7114497523
04/04/2009   	14.116713    	16.67384     	15.621698    	 7.9687374334
05/04/2009   	14.656125    	17.25566     	16.161857    	 8.2152451376
06/04/2009   	14.492526    	17.94998     	16.763891    	 8.4323154291
07/04/2009   	16.234594    	19.01233     	17.801101    	 8.6769456665
08/04/2009   	17.128323    	19.93258     	18.732350    	 8.6999568741
09/04/2009   	18.379187    	20.27087     	19.397235    	 8.7671459516
10/04/2009   	18.445940    	20.42730     	19.679480    	 9.0799159408
11/04/2009   	18.821404    	20.75832     	19.995740    	 9.4160593748
12/04/2009   	18.555725    	20.77642     	19.987146    	 9.7242681185
13/04/2009   	18.488113    	20.69839     	19.861977    	 9.9677292307
14/04/2009   	18.513737    	20.54681     	19.792551    	10.2026449045
15/04/2009   	18.547079    	20.44150     	19.717936    	10.5761846304
16/04/2009   	19.038548    	20.41657     	19.970291    	10.9753095110
17/04/2009   	19.767735    	21.35873     	20.407605    	11.1062400738
18/04/2009   	19.888689    	21.19230     	20.585851    	11.0679440300
19/04/2009   	19.901628    	21.11721     	20.653974    	11.2414348722
20/04/2009   	19.867634    	21.10196     	20.655989    	11.6885887186
21/04/2009   	19.737139    	21.08830     	20.597054    	12.1016745965
22/04/2009   	19.245831    	20.97536     	20.413114    	12.2914061944
23/04/2009   	19.068516    	20.77041     	20.020391    	12.3468658725
24/04/2009   	19.151815    	21.00443     	20.098274    	12.5900195638
25/04/2009   	19.263544    	22.02721     	20.906262    	12.6125053763
26/04/2009   	20.478256    	22.19743     	21.432605    	12.7370636463
27/04/2009   	20.517395    	22.22385     	21.606772    	12.8359791040
28/04/2009   	21.080431    	23.01138     	22.123512    	12.7558032473
29/04/2009   	21.528906    	22.87355     	22.241820    	12.7820838491
30/04/2009   	21.515930    	22.80508     	22.253287    	12.9688715339
01/05/2009   	21.541201    	22.79825     	22.261514    	13.3251834313
02/05/2009   	21.371313    	22.78311     	22.175641    	13.5429698229
03/05/2009   	21.373312    	22.88405     	22.140760    	13.5881112417
04/05/2009   	20.720997    	22.59659     	21.898835    	13.2798913320
05/05/2009   	17.950041    	22.19606     	20.495210    	12.9806634585
06/05/2009   	17.547127    	21.85135     	20.016398    	12.9440140525
07/05/2009   	18.669247    	21.83111     	20.187398    	12.9787998796
08/05/2009   	19.138287    	21.44022     	20.435350    	12.9925050735
09/05/2009   	19.670868    	20.96238     	20.374664    	12.9496860504
10/05/2009   	20.270626    	21.26236     	20.792710    	13.2055364450
11/05/2009   	20.686258    	21.72481     	21.134860    	13.1884027719
12/05/2009   	20.136688    	21.57028     	20.874360    	13.0884794593
13/05/2009   	20.447382    	22.75280     	21.594572    	13.0065248211
14/05/2009   	21.502554    	23.68643     	22.620018    	12.9753574133
15/05/2009   	22.604376    	24.36023     	23.552939    	13.0488749345
16/05/2009   	23.326429    	24.69818     	24.236146    	13.1504624287
17/05/2009   	24.041952    	24.79891     	24.505179    	13.3569562833
18/05/2009   	24.274881    	25.00783     	24.722012    	13.3980576396
19/05/2009   	22.863720    	24.76071     	23.982018    	13.5097406109
20/05/2009   	22.639812    	24.18184     	23.369562    	13.7034327984
21/05/2009   	22.967497    	24.18809     	23.632896    	14.0266011357
22/05/2009   	23.078241    	24.15536     	23.626113    	14.3677270611
23/05/2009   	23.382204    	24.08652     	23.727322    	14.8179861903
24/05/2009   	23.428610    	24.08466     	23.793393    	15.3198582729
25/05/2009   	23.435635    	24.15375     	23.909304    	15.7578794161
26/05/2009   	23.460951    	24.55001     	24.059677    	16.1600806713
27/05/2009   	20.985477    	24.44594     	23.578080    	15.9025181532
28/05/2009   	21.629019    	24.14563     	23.121966    	15.8453158140
29/05/2009   	20.968565    	23.66806     	22.737463    	16.1409913898
30/05/2009   	19.329693    	23.34140     	21.924458    	16.3225696087
31/05/2009   	20.135515    	23.01579     	21.916621    	16.5771654050
01/06/2009   	19.710491    	22.74507     	21.568037    	17.0140165091
02/06/2009   	19.011026    	22.27318     	20.943605    	17.1373211940
03/06/2009   	18.545921    	21.46315     	19.925859    	16.6799500783
04/06/2009   	19.310509    	21.78573     	20.130915    	15.5817979972
05/06/2009   	19.685049    	23.78185     	21.757477    	14.6815993190
06/06/2009   	22.399673    	24.49107     	23.641942    	14.2436793049
07/06/2009   	23.598173    	25.39294     	24.405359    	14.3164673845
08/06/2009   	24.637373    	26.19000     	25.301373    	14.6732574900
09/06/2009   	24.922897    	26.42871     	25.755008    	15.0365320444
10/06/2009   	25.337145    	26.77742     	26.105656    	15.2566618323
11/06/2009   	23.762508    	26.67586     	25.741557    	15.4179562330
12/06/2009   	21.929142    	26.50271     	24.596810    	15.5602899988
13/06/2009   	21.612617    	25.51602     	23.483199    	15.8115027150
14/06/2009   	21.219749    	24.88471     	23.593132    	16.2315396468
15/06/2009   	21.438856    	24.41295     	23.410796    	16.6425561508
16/06/2009   	20.826332    	24.18469     	23.016446    	16.7990936041
17/06/2009   	21.096018    	24.03058     	23.035836    	17.0361352364
18/06/2009   	22.155319    	24.85630     	23.661388    	17.1861823002
19/06/2009   	21.892645    	24.77281     	23.554052    	17.2460207144
20/06/2009   	21.419151    	24.43175     	23.014149    	17.1151389678
21/06/2009   	21.040310    	23.94419     	22.453199    	17.0314097007
22/06/2009   	20.673531    	23.34248     	22.344144    	16.9950826168
23/06/2009   	21.225967    	23.90945     	22.792905    	17.1651456753
24/06/2009   	21.128447    	24.13930     	22.886284    	17.4434336424
25/06/2009   	21.557327    	24.93270     	23.376085    	17.6920586030
26/06/2009   	22.195158    	25.19710     	24.164065    	18.1315751473
27/06/2009   	23.004890    	25.79351     	24.774582    	18.5261372328
28/06/2009   	23.719482    	26.20006     	25.243019    	18.9135261377
29/06/2009   	24.039835    	26.12304     	25.249125    	19.5502815247
30/06/2009   	23.671320    	26.28661     	25.171521    	20.1862626076
01/07/2009   	23.471226    	25.74741     	24.829591    	20.6407227914
02/07/2009   	23.550766    	25.56446     	24.778849    	21.1132403612
03/07/2009   	24.053694    	25.78216     	25.041672    	21.6189613342
04/07/2009   	24.558586    	26.31109     	25.393602    	21.9707939227
05/07/2009   	24.525909    	26.05151     	25.452121    	22.2830128272
06/07/2009   	24.179920    	26.19425     	25.369497    	22.1370904843
07/07/2009   	24.949093    	26.06182     	25.453329    	21.3824648460
08/07/2009   	24.967770    	26.07857     	25.546535    	20.9444537958
09/07/2009   	24.588310    	26.11732     	25.282187    	19.9602190653
10/07/2009   	23.415026    	25.58732     	24.746817    	18.6106835604
11/07/2009   	23.555202    	26.11047     	25.218093    	17.5411824385
12/07/2009   	23.985264    	26.45534     	25.473431    	17.5399256547
13/07/2009   	22.320295    	25.68114     	24.175025    	17.9623067776
14/07/2009   	22.882410    	24.78179     	23.805493    	18.4602820873
15/07/2009   	22.302553    	24.07864     	23.629130    	18.9346925815
16/07/2009   	21.249969    	23.98403     	22.856816    	19.1392513116
17/07/2009   	22.340538    	23.81663     	23.130576    	19.3166657289
18/07/2009   	22.347511    	23.68051     	22.991696    	19.2677083810
19/07/2009   	21.129572    	23.23913     	22.536700    	19.1247083346
20/07/2009   	21.214195    	22.97857     	22.073306    	19.1065919399
21/07/2009   	21.202211    	22.86373     	22.229285    	19.2033054034
22/07/2009   	22.127623    	23.25546     	22.722300    	19.4181756973
23/07/2009   	22.514511    	23.49920     	22.880714    	19.4548664888
24/07/2009   	22.590265    	23.43917     	23.062493    	19.3330196540
25/07/2009   	21.727114    	23.43805     	22.842678    	19.1866068840
26/07/2009   	21.937355    	23.29800     	22.829924    	19.2823102077
27/07/2009   	21.718996    	23.06192     	22.495197    	19.4948261579
28/07/2009   	21.095697    	22.92161     	22.038835    	19.5025544564
29/07/2009   	21.231180    	22.51664     	21.994642    	19.5729105473
30/07/2009   	20.026045    	22.47961     	21.685752    	19.5444258451
31/07/2009   	19.819632    	22.39326     	21.496441    	19.1576397419
01/08/2009   	20.591421    	22.20474     	21.478528    	19.2402359645
02/08/2009   	20.922058    	22.09867     	21.655749    	19.3582687378
03/08/2009   	21.221716    	22.02822     	21.644377    	19.4389064312
04/08/2009   	21.320648    	22.28149     	21.696333    	19.7066940069
05/08/2009   	21.400995    	22.37403     	21.860793    	20.0199237665
06/08/2009   	21.548443    	23.00896     	22.231560    	20.3228046099
07/08/2009   	21.629993    	23.28773     	22.530521    	20.4799836477
08/08/2009   	21.782717    	23.60968     	22.695347    	20.5655786991
09/08/2009   	21.507858    	23.46599     	22.498776    	20.5910012722
10/08/2009   	21.401165    	23.38874     	22.506090    	20.7704264720
11/08/2009   	21.626940    	23.32694     	22.654168    	20.8786561886
12/08/2009   	21.261297    	23.37285     	22.513420    	20.7640022039
13/08/2009   	21.696968    	23.24139     	22.573536    	20.6432550351
14/08/2009   	21.844446    	23.27087     	22.728298    	20.6332185666
15/08/2009   	22.454573    	23.27420     	22.877806    	20.4201527437
16/08/2009   	21.846987    	23.37031     	22.780043    	20.4532148441
17/08/2009   	22.174711    	23.35327     	22.755991    	20.5214994748
18/08/2009   	22.314537    	23.26190     	22.811627    	20.4579786062
19/08/2009   	22.507872    	23.35794     	22.944438    	20.5328254700
20/08/2009   	22.409662    	24.16317     	23.338795    	20.5941066345
21/08/2009   	22.898039    	24.47918     	23.731310    	20.4709347486
22/08/2009   	22.816687    	24.47510     	23.789800    	20.2533280849
23/08/2009   	22.701191    	24.89887     	23.962562    	20.3119811614
24/08/2009   	22.886293    	25.50346     	24.403618    	20.3126443624
25/08/2009   	23.827387    	25.60303     	24.835205    	20.4377598763
26/08/2009   	24.234531    	25.43324     	24.814909    	20.0554811954
27/08/2009   	22.236856    	25.21481     	24.519804    	19.8232926528
28/08/2009   	22.157938    	24.95653     	23.667314    	19.4445360104
29/08/2009   	20.600388    	24.86023     	22.994142    	18.6808089018
30/08/2009   	21.924517    	25.05191     	23.494584    	18.1273640792
31/08/2009   	20.755756    	24.50612     	22.773525    	17.8568257491
01/09/2009   	22.316717    	24.60331     	23.636523    	17.8776865005
02/09/2009   	23.256180    	24.39212     	23.876866    	17.6739904881
03/09/2009   	20.005203    	25.01481     	23.444502    	17.3882686297
04/09/2009   	19.331284    	26.55552     	23.976292    	16.4963303208
05/09/2009   	22.554609    	25.60748     	24.216279    	16.2582814495
06/09/2009   	23.553087    	26.74624     	25.575419    	16.2153308789
07/09/2009   	24.799442    	27.01917     	26.020341    	16.1849628687
08/09/2009   	25.012911    	26.71985     	25.973130    	16.4055522680
09/09/2009   	25.239754    	26.42042     	25.945188    	16.6312603156
10/09/2009   	24.060244    	26.31908     	25.531297    	16.6784601609
11/09/2009   	23.656416    	26.23743     	24.911606    	16.5702792406
12/09/2009   	24.366467    	25.55816     	24.811538    	16.4859507879
13/09/2009   	24.490356    	25.92583     	25.047875    	16.2301824490
14/09/2009   	24.492445    	26.21607     	25.677321    	16.0229318937
15/09/2009   	25.869740    	26.79254     	26.300797    	15.8757873376
16/09/2009   	26.237957    	27.66244     	26.851352    	15.9784108202
17/09/2009   	26.506861    	27.59557     	26.997593    	15.8529277841
18/09/2009   	26.588129    	27.73300     	27.122384    	15.8517067432
19/09/2009   	26.727049    	28.15049     	27.361045    	15.9258614182
20/09/2009   	26.842497    	28.31997     	27.633135    	16.0839103262
21/09/2009   	27.056110    	28.36974     	27.683354    	16.0108748674
22/09/2009   	27.240940    	28.09778     	27.673327    	16.0678342779
23/09/2009   	27.359154    	28.25997     	27.739842    	16.1014158726
24/09/2009   	27.608286    	28.30834     	27.943410    	16.0487965345
25/09/2009   	27.800423    	28.43144     	28.113087    	15.9831437667
26/09/2009   	27.789560    	28.51070     	28.126158    	15.9883418481
27/09/2009   	27.792631    	28.45049     	28.153096    	16.0956216653
28/09/2009   	27.303463    	28.37178     	28.004114    	16.2564076583
29/09/2009   	26.952072    	28.29366     	27.637066    	16.2899914185
30/09/2009   	26.142082    	28.44926     	27.333316    	16.2576604287
01/10/2009   	25.050116    	27.99777     	26.553783    	15.9641072551
02/10/2009   	25.019640    	26.89858     	25.964164    	15.1582900484
03/10/2009   	17.389338    	27.06466     	23.889736    	14.6957578063
04/10/2009   	17.459053    	27.42857     	23.254132    	13.9888007442
05/10/2009   	23.680145    	27.89745     	26.144547    	13.4981354276
06/10/2009   	24.149508    	27.69340     	25.866881    	13.5029933453
07/10/2009   	21.526880    	26.39483     	24.553652    	13.8647591670
08/10/2009   	24.173838    	25.55827     	24.945258    	13.6934553385
09/10/2009   	23.607014    	25.25394     	24.831207    	13.4102878372
10/10/2009   	23.418051    	25.38832     	24.795088    	13.0283449888
11/10/2009   	22.168837    	25.25644     	24.111608    	12.9204245607
12/10/2009   	20.136070    	24.54702     	22.740513    	12.5287278493
13/10/2009   	18.931934    	23.32897     	20.713457    	11.9171689550
14/10/2009   	20.243118    	23.72365     	21.865854    	11.4915201664
15/10/2009   	20.067625    	23.66854     	22.293765    	11.0282329718
16/10/2009   	18.467710    	22.91274     	20.534065    	10.7791868846
17/10/2009   	18.673018    	26.42925     	22.190659    	10.2302087545
18/10/2009   	23.441931    	27.18859     	25.861768    	10.1375568509
19/10/2009   	26.154387    	26.99878     	26.528993    	10.1743996342
20/10/2009   	25.924496    	27.74062     	26.755618    	 9.8602324327
21/10/2009   	26.161175    	28.43832     	27.677756    	 9.6357375383
22/10/2009   	27.368982    	28.38562     	28.104009    	 9.4601087968
23/10/2009   	27.352699    	28.13293     	27.921827    	 9.5298696756
24/10/2009   	27.465059    	28.03620     	27.907793    	 9.7067916195
25/10/2009   	25.800282    	27.96149     	27.735165    	10.0619024038
26/10/2009   	25.500633    	27.88134     	26.847144    	10.4010186593
27/10/2009   	25.831217    	27.93732     	27.249053    	10.5468282898
28/10/2009   	25.938852    	27.71913     	26.939352    	10.7004973888
29/10/2009   	26.437727    	27.39780     	26.936855    	10.8905191024
30/10/2009   	26.558014    	27.37747     	27.037962    	10.9795934757
31/10/2009   	26.816467    	27.56499     	27.116198    	10.9291331967
01/11/2009   	26.944141    	28.09604     	27.536509    	11.2185531855
02/11/2009   	26.957861    	28.14416     	27.681599    	11.4104607900
03/11/2009   	25.640652    	27.92787     	27.108042    	11.0435068607
04/11/2009   	25.211317    	27.77517     	26.665679    	10.8368404508
05/11/2009   	25.604982    	27.16664     	26.691934    	10.6299649477
06/11/2009   	25.887779    	26.99328     	26.589636    	10.4638136029
07/11/2009   	25.298943    	27.01338     	26.504838    	10.3045444290
08/11/2009   	25.174751    	26.73479     	26.325645    	10.0636713306
09/11/2009   	23.776176    	26.80976     	25.904578    	 9.8057248990
10/11/2009   	23.642021    	26.47117     	25.453350    	 9.6221343279
11/11/2009   	23.028521    	25.97000     	24.671823    	 9.4767367641
12/11/2009   	23.919781    	25.41235     	24.867166    	 9.2372794946
13/11/2009   	24.031860    	25.75217     	24.898461    	 9.4834995866
14/11/2009   	24.393194    	25.76681     	25.160355    	 9.9650640090
15/11/2009   	23.468672    	25.70711     	24.949857    	10.0871263742
16/11/2009   	24.446428    	26.54992     	25.447819    	10.1653569937
17/11/2009   	24.831306    	26.02468     	25.493744    	10.2423820694
18/11/2009   	20.227573    	26.02609     	24.063275    	10.1465094288
19/11/2009   	21.526028    	27.12907     	24.243836    	10.2599610488
20/11/2009   	23.812876    	27.58982     	25.949320    	10.1625572443
21/11/2009   	25.322367    	27.12501     	26.256525    	10.3213557204
22/11/2009   	22.685734    	27.33788     	26.314296    	10.4693498810
23/11/2009   	21.700733    	27.10904     	24.216926    	10.2763660550
24/11/2009   	23.348642    	27.89443     	24.739543    	10.1900612712
25/11/2009   	24.324026    	30.61919     	28.146252    	10.0603508949
26/11/2009   	26.912548    	29.41474     	28.672069    	 9.8112788796
27/11/2009   	28.753460    	30.01452     	29.322452    	 9.3390758236
28/11/2009   	27.258989    	29.38642     	28.492010    	 8.6935492357
29/11/2009   	25.877296    	28.85911     	27.380396    	 8.4663124879
30/11/2009   	26.250437    	27.83118     	27.315593    	 8.3145037691
01/12/2009   	26.710442    	27.70650     	27.379016    	 8.0622149607
02/12/2009   	23.211237    	27.57747     	26.494908    	 7.5818217794
03/12/2009   	25.562855    	27.31601     	26.797631    	 7.6157610317
04/12/2009   	23.935497    	26.56075     	25.444206    	 7.7029331128
05/12/2009   	23.090961    	25.88380     	24.657242    	 7.5264981786
06/12/2009   	22.997082    	25.02676     	24.194099    	 7.7414313356
07/12/2009   	21.839823    	24.39026     	23.519484    	 7.8496514956
08/12/2009   	22.821909    	24.12176     	23.515734    	 7.8232015272
09/12/2009   	22.091579    	23.81403     	23.255244    	 7.7366448343
10/12/2009   	19.519949    	23.92696     	22.409691    	 7.9061118762
11/12/2009   	17.173901    	23.73188     	20.293397    	 7.8897756835
12/12/2009   	15.962054    	20.41755     	19.195832    	 7.6149643362
13/12/2009   	16.058193    	19.88066     	18.683243    	 7.1145895223
14/12/2009   	15.736773    	19.40449     	18.451736    	 6.5948640009
15/12/2009   	15.632888    	19.22312     	18.214153    	 5.9542934199
16/12/2009   	15.981040    	19.47256     	18.440143    	 5.3587274353
17/12/2009   	16.797319    	19.87403     	18.376328    	 4.9246273438
18/12/2009   	15.573128    	19.92418     	18.528587    	 4.3301471273
19/12/2009   	15.781417    	19.33849     	18.155576    	 3.6065702091
20/12/2009   	17.766024    	19.88098     	19.001265    	 2.8674197743
21/12/2009   	18.153299    	19.81590     	18.989228    	 2.6842109362
22/12/2009   	18.126112    	19.91954     	19.202842    	 2.5766122739
23/12/2009   	18.583616    	20.40356     	19.616652    	 2.6024475495
24/12/2009   	19.508665    	21.80808     	20.567237    	 2.7523722947
25/12/2009   	19.620491    	21.91306     	21.227779    	 2.9468992551
26/12/2009   	19.473625    	22.86049     	21.290552    	 3.1957123429
27/12/2009   	21.879787    	22.89744     	22.394487    	 3.6390951077
28/12/2009   	22.193121    	23.33685     	22.912968    	 3.7951753388
29/12/2009   	20.788441    	23.62375     	22.920811    	 3.5768035203
30/12/2009   	19.915499    	24.19927     	22.744269    	 3.2688859552
31/12/2009   	18.990162    	23.84934     	22.220091    	 2.9582268745
01/01/2010   	17.244345    	22.69617     	20.537575    	 2.5128912280
02/01/2010   	17.823557    	21.52526     	20.274053    	 2.2328832597
03/01/2010   	17.872828    	21.13266     	20.009924    	 1.9639759262
04/01/2010   	17.118919    	20.95543     	19.536031    	 1.7096597105
05/01/2010   	16.968719    	20.06733     	18.999642    	 1.6871773923
06/01/2010   	16.582924    	19.43942     	18.547848    	 1.6439017355
07/01/2010   	16.735453    	19.61257     	18.657490    	 1.5578310316
08/01/2010   	16.132517    	19.24614     	18.447795    	 1.2925653656
09/01/2010   	11.064311    	19.16845     	16.258486    	 0.6338456854
10/01/2010   	12.378288    	16.27725     	14.073195    	 0.2542557731
11/01/2010   	13.810671    	17.72501     	16.419008    	 0.4681597402
12/01/2010   	15.613758    	19.05904     	17.767287    	 0.5458812534
13/01/2010   	15.842362    	22.03632     	19.132600    	 0.1007678570
14/01/2010   	19.955622    	22.59885     	21.325481    	 0.3440043700
15/01/2010   	20.819260    	22.39289     	21.665858    	 0.4373500648
16/01/2010   	20.867363    	22.24799     	21.734776    	 0.5296767907
17/01/2010   	21.540251    	22.90721     	22.247360    	 0.8628993016
18/01/2010   	21.251654    	22.77422     	22.095870    	 1.0729465236
19/01/2010   	20.075726    	22.65094     	21.767882    	 1.2121965761
20/01/2010   	16.772633    	22.43263     	20.766513    	 1.1222080849
21/01/2010   	17.799976    	21.96372     	20.682990    	 1.0858491920
22/01/2010   	16.667139    	21.46255     	20.200246    	 0.9455433326
23/01/2010   	19.819685    	21.97589     	21.291858    	 1.0297768265
24/01/2010   	20.441010    	22.28399     	21.725331    	 1.0634878241
25/01/2010   	19.871145    	22.19586     	21.458111    	 0.8380267136
26/01/2010   	18.317850    	21.70833     	20.660237    	 0.2484932408
27/01/2010   	18.337761    	21.34870     	20.130933    	-0.0369800239
28/01/2010   	16.071140    	20.63986     	18.626535    	 0.2948407423
29/01/2010   	15.741930    	18.76137     	17.229032    	 0.5120966317
30/01/2010   	16.207905    	18.60687     	17.222654    	 0.5030640805
31/01/2010   	16.853418    	18.70104     	17.906197    	 0.6009876827
01/02/2010   	16.868950    	19.24081     	18.398109    	 0.7341557729
02/02/2010   	17.531540    	19.86383     	18.956022    	 0.9177379285
03/02/2010   	17.766142    	19.81256     	18.865379    	 1.0323729167
04/02/2010   	16.946047    	19.79397     	18.988888    	 1.1839341670
05/02/2010   	17.189251    	20.49195     	19.234256    	 1.3270741031
06/02/2010   	16.970362    	20.66643     	19.666750    	 1.4957798918
07/02/2010   	15.587307    	19.79785     	18.599328    	 1.4404999365
08/02/2010   	16.292669    	19.45901     	18.465558    	 1.2220344245
09/02/2010   	17.066036    	19.41118     	18.412218    	 0.8283867786
10/02/2010   	15.675211    	18.94687     	17.670903    	 0.6159192367
11/02/2010   	13.788292    	16.63738     	15.485097    	 0.3743341034
12/02/2010   	14.157393    	16.87158     	15.716492    	 0.1413707770
13/02/2010   	14.806503    	17.18173     	16.130523    	-0.0008668556
14/02/2010   	15.582542    	18.30029     	17.122334    	-0.1571992769
15/02/2010   	17.180481    	20.34008     	18.830352    	-0.3768364042
16/02/2010   	18.038448    	21.11407     	19.638704    	-0.4402826888
17/02/2010   	19.903015    	21.20174     	20.534104    	-0.4130117480
18/02/2010   	19.959047    	21.37798     	20.722928    	-0.2480437340
19/02/2010   	20.276533    	22.09157     	21.014485    	 0.1975042519
20/02/2010   	20.683994    	22.08630     	21.252101    	 0.4587336633
21/02/2010   	20.066595    	21.44182     	20.911096    	 0.4847373624
22/02/2010   	20.485350    	21.82931     	21.194081    	 0.8942140589
23/02/2010   	20.060989    	22.31646     	21.170711    	 1.0686630582
24/02/2010   	21.284460    	22.40362     	21.866656    	 1.2573833913
25/02/2010   	22.050402    	23.98285     	23.065501    	 1.7678768262
26/02/2010   	22.365292    	23.93501     	23.492700    	 2.2282102481
27/02/2010   	18.031389    	23.77028     	21.496282    	 2.5866650343
28/02/2010   	21.772470    	23.22050     	22.542478    	 2.7487944116
01/03/2010   	21.369116    	22.88667     	22.308580    	 2.8765423199
02/03/2010   	18.914202    	22.56970     	21.619069    	 2.8773517162
03/03/2010   	16.725250    	22.33595     	20.454986    	 2.9112260143
04/03/2010   	14.172706    	21.34369     	18.475953    	 2.9283995380
05/03/2010   	13.327292    	19.51443     	16.627679    	 2.8898338775
06/03/2010   	12.588093    	17.49996     	14.715009    	 2.6849122395
07/03/2010   	13.287788    	17.54511     	15.736637    	 2.4921174745
08/03/2010   	13.494546    	16.48686     	15.252522    	 2.3792882214
09/03/2010   	13.788141    	15.85702     	15.058325    	 2.2974873632
10/03/2010   	14.014487    	16.45779     	15.292824    	 2.3244340618
11/03/2010   	13.671681    	16.23594     	15.103437    	 2.3215127091
12/03/2010   	13.078199    	15.31621     	14.266343    	 2.5048388640
13/03/2010   	12.190040    	16.49120     	14.581016    	 2.6591509332
14/03/2010   	11.733174    	15.67145     	13.586219    	 3.0065952688
15/03/2010   	11.285715    	14.29133     	12.896086    	 3.3453954458
16/03/2010   	12.863453    	15.31836     	14.160067    	 3.6548484365
17/03/2010   	13.910585    	17.21598     	15.769416    	 3.9178357919
18/03/2010   	14.617177    	17.72226     	16.468496    	 4.2354581157
19/03/2010   	15.287659    	18.33488     	17.155864    	 4.6588661273
20/03/2010   	17.213757    	19.56793     	18.400478    	 5.0924057265
21/03/2010   	16.907637    	19.22335     	18.220095    	 5.5035287837
22/03/2010   	16.592232    	18.96269     	18.160413    	 5.6575333277
23/03/2010   	16.787704    	19.42113     	18.298525    	 5.8261985083
24/03/2010   	16.438150    	19.62360     	18.723815    	 6.0803285638
25/03/2010   	17.484705    	20.69211     	19.384141    	 6.4317340155
26/03/2010   	17.794870    	21.10942     	20.021518    	 6.7321730852
27/03/2010   	17.370338    	21.58108     	20.048789    	 6.8639086882
28/03/2010   	17.948820    	20.89697     	19.750371    	 7.0881497959
29/03/2010   	17.690542    	20.63498     	19.586685    	 7.2911459704
30/03/2010   	17.179224    	21.17651     	19.809832    	 7.4116157393
31/03/2010   	19.579063    	23.51867     	21.572857    	 7.2632681926
01/04/2010   	21.469423    	23.36893     	22.510886    	 6.9448869030
02/04/2010   	22.114597    	23.19797     	22.620250    	 6.8013255596
03/04/2010   	20.718124    	24.05980     	22.983771    	 6.9047612051
04/04/2010   	19.628347    	23.95189     	22.530677    	 7.1096771061
05/04/2010   	18.454082    	23.15305     	21.379799    	 7.2574197451
06/04/2010   	18.022577    	23.09684     	21.379607    	 7.4639550149
07/04/2010   	20.264477    	23.75923     	22.383245    	 7.7079363962
08/04/2010   	19.698263    	23.11644     	21.433409    	 8.0924575229
09/04/2010   	19.124134    	21.29467     	20.632146    	 8.5086564422
10/04/2010   	19.011719    	21.37868     	20.519382    	 8.8429292440
11/04/2010   	16.957243    	20.91607     	19.736150    	 8.9681369861
12/04/2010   	16.247652    	19.87128     	18.547831    	 9.0326438149
13/04/2010   	16.077957    	19.35168     	17.978344    	 9.0352994800
14/04/2010   	16.566986    	19.36403     	18.187981    	 9.0765943130
15/04/2010   	17.105949    	19.96204     	18.803903    	 9.0761239727
16/04/2010   	17.041927    	20.20139     	18.832080    	 9.1299048066
17/04/2010   	17.115782    	20.13392     	18.796044    	 9.3263374964
18/04/2010   	18.583717    	20.96050     	19.833413    	 9.5840161641
19/04/2010   	18.801229    	21.24739     	20.295670    	 9.7425649762
20/04/2010   	19.200495    	21.80956     	20.674051    	 9.8485705058
21/04/2010   	18.022478    	21.43191     	19.715993    	 9.6025093198
22/04/2010   	18.431786    	20.54088     	19.539368    	 9.4167452256
23/04/2010   	19.897350    	22.16247     	21.007941    	 9.5186298092
24/04/2010   	20.481564    	22.94264     	22.003932    	 9.7549499671
25/04/2010   	20.666265    	23.43869     	22.524390    	 9.9541678230
26/04/2010   	21.670469    	23.64486     	22.881473    	10.2604875167
27/04/2010   	21.498615    	23.90289     	22.925434    	10.6168121497
28/04/2010   	21.425058    	23.94499     	23.041967    	10.9782511592
29/04/2010   	21.949389    	24.35583     	23.415374    	11.3435875376
30/04/2010   	22.217026    	24.77163     	23.691191    	11.6915418108
01/05/2010   	22.610302    	24.57807     	23.770429    	11.8501157959
02/05/2010   	20.690775    	24.73075     	23.504417    	11.8180918892
03/05/2010   	16.846220    	23.70049     	19.600170    	11.2437472145
04/05/2010   	17.414892    	19.83150     	18.727380    	10.6843396028
05/05/2010   	17.126066    	20.89098     	19.183012    	10.4283738335
06/05/2010   	18.456306    	20.96684     	19.860548    	10.3148998221
07/05/2010   	19.325773    	21.63098     	20.624769    	10.1702753703
08/05/2010   	21.381409    	23.46076     	22.356007    	10.2054511309
09/05/2010   	22.072662    	23.54329     	22.916433    	10.3435262243
10/05/2010   	21.923758    	23.57454     	22.889261    	10.5043077866
11/05/2010   	20.913118    	23.69845     	22.628460    	10.4450548490
12/05/2010   	19.074505    	23.18067     	21.086229    	10.0708026886
13/05/2010   	19.259619    	21.60381     	20.079352    	 9.8185021480
14/05/2010   	19.422493    	22.87132     	21.573560    	 9.9275496006
15/05/2010   	20.744053    	23.63068     	22.493805    	10.1088587840
16/05/2010   	20.926035    	23.45948     	22.368404    	10.3080289563
17/05/2010   	21.289927    	24.08823     	22.787573    	10.5978244344
18/05/2010   	19.897207    	23.81163     	22.385577    	11.0680165291
19/05/2010   	18.739744    	23.20370     	21.093204    	11.5697987278
20/05/2010   	18.896935    	22.91113     	21.107015    	12.1921556791
21/05/2010   	18.994228    	22.82316     	21.111575    	12.9654063185
22/05/2010   	18.738560    	21.52543     	20.125540    	13.6384097139
23/05/2010   	18.982622    	22.30473     	20.903795    	14.2810122371
24/05/2010   	20.189703    	22.84425     	21.625599    	14.8963298996
25/05/2010   	20.106920    	23.12142     	22.086154    	15.1048651338
26/05/2010   	19.830103    	23.05475     	21.887299    	15.0893359184
27/05/2010   	20.056105    	23.72809     	22.396178    	15.0195050240
28/05/2010   	21.180529    	24.35006     	23.159551    	15.0939645966
29/05/2010   	21.435848    	24.67441     	23.401368    	15.0410700838
30/05/2010   	22.980349    	25.74522     	24.654554    	15.0086863041
31/05/2010   	23.038544    	25.69918     	24.504142    	14.9251788656
01/06/2010   	22.371082    	25.20513     	24.077807    	15.0354450345
02/06/2010   	21.408224    	25.21305     	23.779412    	15.2845961452
03/06/2010   	21.429989    	24.77327     	23.446189    	15.6632575194
04/06/2010   	21.999287    	24.59644     	23.652468    	16.0503641168
05/06/2010   	22.590675    	24.93078     	24.137167    	16.4201808373
06/06/2010   	23.531567    	25.17827     	24.563045    	16.7706957261
07/06/2010   	24.111628    	25.69374     	24.889541    	16.9080647230
08/06/2010   	24.010920    	25.49821     	24.766407    	17.1171475649
09/06/2010   	24.213978    	25.49227     	24.710597    	17.4320842425
10/06/2010   	22.669319    	25.07841     	24.275280    	17.7080144087
11/06/2010   	22.130674    	24.67007     	23.824569    	18.0338415702
12/06/2010   	21.143345    	24.27609     	23.273604    	17.9373966853
13/06/2010   	20.330040    	23.93601     	22.155733    	17.7875756025
14/06/2010   	19.598011    	23.13005     	22.038189    	17.9239137173
15/06/2010   	17.697342    	22.72579     	20.885038    	17.6103994449
16/06/2010   	18.136719    	21.41653     	19.863278    	17.3016405503
17/06/2010   	19.464636    	22.69330     	20.925815    	17.0989991029
18/06/2010   	21.140171    	23.20981     	22.090948    	16.7925397158
19/06/2010   	21.728333    	23.75485     	22.672864    	15.8679797649
20/06/2010   	22.366896    	26.86518     	24.387574    	14.7607882818
21/06/2010   	25.390781    	27.76056     	26.691894    	14.3591935237
22/06/2010   	26.031561    	28.12952     	27.276720    	14.7713403503
23/06/2010   	26.874802    	28.24343     	27.465124    	15.4869346619
24/06/2010   	27.194925    	28.33741     	27.684409    	16.1514682372
25/06/2010   	27.140415    	28.30704     	27.752770    	16.6211096843
26/06/2010   	26.871103    	28.34996     	27.723508    	17.2112923861
27/06/2010   	26.575804    	28.66592     	27.872638    	17.7588823239
28/06/2010   	26.865610    	28.92516     	28.028365    	18.6458743811
29/06/2010   	26.367851    	28.90295     	28.057667    	19.2752136787
30/06/2010   	26.615387    	28.88093     	28.104184    	19.6142425934
01/07/2010   	26.593954    	28.89134     	28.038732    	19.9568372170
02/07/2010   	26.602087    	28.95973     	28.194606    	20.4038377206
03/07/2010   	26.570976    	29.02138     	28.094628    	20.8619807164
04/07/2010   	26.828245    	28.96231     	28.058703    	21.2066851854
05/07/2010   	26.766830    	28.74900     	28.110452    	21.3151806593
06/07/2010   	26.328045    	28.68797     	27.795500    	21.3931605021
07/07/2010   	26.610563    	28.68474     	27.937625    	21.0773454110
08/07/2010   	27.599718    	28.86191     	28.384739    	20.9735415379
09/07/2010   	27.477907    	28.88151     	28.400326    	21.3610959450
10/07/2010   	27.358376    	28.92447     	28.400326    	21.9213248491
11/07/2010   	27.209070    	28.97975     	28.308991    	22.3470476866
12/07/2010   	27.023443    	29.06132     	28.408123    	22.3763369719
13/07/2010   	27.449673    	29.15922     	28.551128    	22.1556578080
14/07/2010   	27.527784    	29.21702     	28.584514    	22.3378828367
15/07/2010   	27.358347    	28.99565     	28.538069    	21.8655751149
16/07/2010   	26.892185    	28.91505     	28.272599    	21.0101519028
17/07/2010   	27.269699    	28.76818     	28.112440    	20.5959157944
18/07/2010   	27.100388    	28.32760     	27.906879    	20.4518962701
19/07/2010   	27.136694    	28.20639     	27.925018    	20.6108088493
20/07/2010   	27.130144    	28.21817     	27.882016    	20.9152118762
21/07/2010   	27.399046    	28.38464     	27.976278    	21.0611293316
22/07/2010   	27.273684    	28.40477     	27.996203    	21.1033244133
23/07/2010   	26.260738    	28.34209     	27.806592    	21.2174990177
24/07/2010   	25.196732    	28.28885     	27.103217    	21.0586568515
25/07/2010   	25.163084    	28.09127     	27.014894    	20.9800894658
26/07/2010   	24.360767    	27.84118     	26.688264    	20.9115581512
27/07/2010   	23.885050    	27.54878     	25.902396    	20.7847902775
28/07/2010   	23.062996    	27.10671     	25.736157    	20.8444582224
29/07/2010   	22.778679    	26.65284     	25.027891    	20.7219953537
30/07/2010   	22.283998    	26.04740     	24.118862    	20.5608661175
31/07/2010   	22.226744    	26.43850     	24.700084    	20.4279832443
01/08/2010   	23.254257    	26.48544     	25.329596    	20.4028564692
02/08/2010   	23.081638    	26.24539     	25.256320    	20.5314326684
03/08/2010   	23.486919    	26.19605     	25.155945    	20.6064666112
04/08/2010   	24.506199    	26.69831     	25.674743    	20.4607991378
05/08/2010   	24.184582    	26.88159     	25.739950    	20.2095542749
06/08/2010   	23.825197    	26.15197     	25.113987    	20.1513679822
07/08/2010   	24.322956    	25.90680     	25.198651    	20.0822777748
08/08/2010   	23.099976    	26.55725     	25.295506    	20.0463767052
09/08/2010   	22.360294    	25.68781     	24.228040    	20.0990669727
10/08/2010   	22.511255    	25.69968     	24.558918    	20.0996797482
11/08/2010   	22.054800    	26.11730     	24.821711    	20.0216670831
12/08/2010   	21.698151    	25.49317     	24.293858    	19.9804441134
13/08/2010   	21.714712    	25.22916     	23.969720    	19.7499940395
14/08/2010   	21.283602    	25.02843     	23.846649    	19.8681375186
15/08/2010   	17.595217    	24.63451     	21.806016    	19.7076419989
16/08/2010   	18.160746    	22.64168     	20.367106    	19.5415594180
17/08/2010   	20.144688    	22.87370     	21.476576    	19.5362300078
18/08/2010   	20.086592    	22.23840     	21.081342    	19.2892304262
19/08/2010   	18.672434    	21.22054     	20.182969    	18.9430421193
20/08/2010   	18.622654    	21.47517     	20.299762    	18.9228082498
21/08/2010   	19.174496    	20.73384     	20.059458    	19.1460949977
22/08/2010   	19.467720    	20.56653     	20.097398    	19.2985503674
23/08/2010   	19.612074    	21.67360     	20.454820    	19.3758169413
24/08/2010   	17.074034    	21.32417     	19.458073    	18.9048495690
25/08/2010   	17.730955    	21.66262     	20.170895    	18.3361456792
26/08/2010   	19.592010    	22.34477     	21.228789    	17.9284474452
27/08/2010   	21.369478    	22.87018     	22.000375    	17.5587491989
28/08/2010   	19.188812    	22.73201     	20.996417    	17.0455770493
29/08/2010   	18.440138    	21.05964     	19.708044    	16.6822832823
30/08/2010   	17.269033    	20.73095     	19.063254    	16.0420822104
31/08/2010   	16.742748    	19.75066     	18.054404    	15.7434748809
01/09/2010   	17.101126    	19.86648     	18.591124    	15.7751756708
02/09/2010   	16.445045    	19.83780     	18.536072    	15.8630527258
03/09/2010   	15.811555    	19.18882     	17.749394    	16.0149671833
04/09/2010   	15.243638    	17.98876     	16.958416    	16.2388990124
05/09/2010   	14.183446    	17.54917     	16.487068    	16.3593513568
06/09/2010   	13.132980    	17.66118     	16.331669    	16.2412897746
07/09/2010   	13.943183    	19.71433     	18.021736    	15.6063358188
08/09/2010   	16.914173    	20.16503     	19.294550    	15.4406887889
09/09/2010   	18.131245    	20.78094     	19.937794    	15.7505878409
10/09/2010   	18.099585    	20.63362     	19.686295    	15.9357005755
11/09/2010   	18.179876    	20.36294     	19.691797    	16.1462494731
12/09/2010   	17.723421    	20.27084     	19.572813    	16.4392705758
13/09/2010   	17.443554    	20.17138     	19.057308    	16.3782927990
14/09/2010   	14.108855    	19.94904     	18.218452    	16.3971583843
15/09/2010   	13.689164    	19.44718     	16.863927    	16.1051413417
16/09/2010   	13.137128    	18.84316     	16.729751    	15.4926224947
17/09/2010   	15.376096    	19.35627     	17.861945    	14.9906068444
18/09/2010   	17.332603    	20.32052     	18.742935    	14.1645645102
19/09/2010   	17.138824    	20.18963     	18.752941    	13.9219555656
20/09/2010   	16.301987    	20.09469     	18.053604    	14.0795802673
21/09/2010   	16.705036    	19.47452     	18.192948    	14.3407481710
22/09/2010   	16.750427    	18.56161     	17.977761    	14.5265950163
23/09/2010   	16.040117    	19.19752     	18.042455    	14.8252173861
24/09/2010   	15.853131    	18.58033     	17.904197    	15.1013752023
25/09/2010   	14.785239    	18.57430     	16.802767    	14.6062927047
26/09/2010   	15.314142    	17.70862     	16.741394    	14.3641348282
27/09/2010   	14.778587    	17.85229     	16.902297    	14.4176196456
28/09/2010   	15.311821    	18.05024     	17.115957    	14.4606936375
29/09/2010   	14.512914    	18.06125     	16.993268    	14.1979244153
30/09/2010   	13.919968    	19.33884     	17.434996    	13.7818345428
01/10/2010   	17.530657    	19.39428     	18.478792    	13.7715498408
02/10/2010   	18.428629    	20.06528     	19.105813    	13.8771048586
03/10/2010   	19.758488    	20.78555     	20.250184    	14.4244357347
04/10/2010   	20.022079    	22.14319     	21.268634    	14.9470166763
05/10/2010   	20.526474    	22.36049     	21.584626    	15.2610473434
06/10/2010   	20.606110    	22.63268     	21.879397    	15.5094260772
07/10/2010   	20.207344    	22.29538     	21.775720    	15.5131968458
08/10/2010   	18.396091    	22.18003     	21.189900    	15.5154019396
09/10/2010   	17.392721    	21.98958     	20.502734    	15.2318736116
10/10/2010   	17.738424    	21.38803     	20.241207    	14.8125843803
11/10/2010   	16.547113    	21.00446     	19.315567    	14.3271971941
12/10/2010   	15.323959    	19.83871     	17.953771    	13.9349320134
13/10/2010   	15.171881    	18.97015     	17.178264    	13.6651055217
14/10/2010   	14.750488    	18.30200     	16.776191    	13.4708323677
15/10/2010   	14.658156    	17.62977     	15.993377    	13.2155677676
16/10/2010   	14.162498    	17.01430     	15.371363    	12.6631030043
17/10/2010   	15.123700    	19.68925     	17.165568    	12.0997300943
18/10/2010   	17.030714    	19.79625     	18.844488    	11.6651671727
19/10/2010   	17.752071    	19.56253     	19.111028    	11.3967367212
20/10/2010   	17.239496    	19.51177     	18.447054    	10.9523918430
21/10/2010   	17.224277    	19.15076     	18.165898    	10.1855182449
22/10/2010   	15.739154    	19.91825     	18.014198    	 9.7909931739
23/10/2010   	16.809338    	20.93715     	18.366968    	 9.4661928614
24/10/2010   	17.835888    	19.54435     	18.707554    	 9.3032797972
25/10/2010   	17.420612    	19.36068     	18.603036    	 8.8343904614
26/10/2010   	16.890875    	19.00212     	17.842923    	 8.4812272191
27/10/2010   	16.684420    	19.35308     	18.209593    	 8.5252165198
28/10/2010   	16.465925    	19.28819     	18.629234    	 8.8639519811
29/10/2010   	18.471832    	19.81926     	18.827229    	 9.1029530168
30/10/2010   	19.091257    	21.06277     	20.064977    	 9.5372512142
31/10/2010   	20.035337    	22.17233     	21.002249    	 9.8370354772
01/11/2010   	19.675621    	22.66797     	21.558999    	 9.9958368142
02/11/2010   	20.108677    	22.41311     	21.764100    	10.1518681447
03/11/2010   	18.431803    	22.00710     	20.840388    	10.4463516076
04/11/2010   	18.200937    	21.88795     	20.447604    	10.7614689867
05/11/2010   	17.643038    	21.94505     	20.274563    	11.3731265465
06/11/2010   	20.381458    	21.80385     	21.113682    	11.2906276584
07/11/2010   	19.851301    	21.80905     	21.200821    	10.9517639677
08/11/2010   	18.346413    	22.31197     	21.022614    	10.3130294879
09/11/2010   	17.850401    	23.91669     	21.663391    	 9.5116650263
10/11/2010   	17.773264    	23.34818     	21.049625    	 8.9511205951
11/11/2010   	18.105133    	21.78526     	20.281234    	 8.1896409790
12/11/2010   	 9.978969    	19.91954     	17.058596    	 7.7624916335
13/11/2010   	15.552327    	20.91917     	18.524527    	 8.0357827246
14/11/2010   	17.843195    	22.70071     	20.566098    	 8.3550297221
15/11/2010   	20.344873    	22.49768     	21.441456    	 8.4389081995
16/11/2010   	19.235451    	21.78858     	21.117008    	 8.2634636362
17/11/2010   	17.036789    	22.50626     	21.109409    	 8.0070972840
18/11/2010   	17.403908    	22.57885     	21.399256    	 7.7774116000
19/11/2010   	18.713537    	22.56999     	21.243090    	 7.6851432025
20/11/2010   	17.917725    	21.46260     	20.353727    	 7.6103583475
21/11/2010   	16.963810    	20.77503     	19.688896    	 7.4817387561
22/11/2010   	15.609297    	20.21960     	18.622826    	 7.1905994018
23/11/2010   	13.593876    	19.07336     	16.668359    	 6.8033058345
24/11/2010   	14.060124    	17.31939     	15.664446    	 6.3928718567
25/11/2010   	15.547322    	18.54751     	17.204893    	 6.1445856094
26/11/2010   	16.193060    	19.10199     	18.176360    	 5.7871738573
27/11/2010   	16.280893    	19.91273     	18.582480    	 5.3603511751
28/11/2010   	14.886053    	19.99378     	18.597484    	 4.8174852928
29/11/2010   	16.132170    	19.77896     	18.453689    	 4.0728238225
30/11/2010   	16.517164    	20.16120     	18.664219    	 3.3913913717
01/12/2010   	16.136602    	20.10102     	18.502191    	 2.3753459702
02/12/2010   	17.613148    	21.20822     	20.055397    	 1.6518531864
03/12/2010   	19.491140    	21.20493     	20.547026    	 1.6207894559
04/12/2010   	19.799938    	21.99446     	21.108966    	 1.4790730799
05/12/2010   	21.016243    	22.44322     	21.865627    	 1.6563128581
06/12/2010   	21.422380    	22.64503     	22.078708    	 1.8086512387
07/12/2010   	21.149466    	22.73148     	22.167952    	 1.7187790473
08/12/2010   	20.675795    	22.89638     	22.156813    	 1.6261620323
09/12/2010   	17.632584    	22.76762     	20.649085    	 1.5092358738
10/12/2010   	18.301767    	20.91341     	19.345824    	 1.4303184152
11/12/2010   	17.847679    	20.84688     	19.489681    	 2.0207813159
12/12/2010   	17.649803    	21.74468     	19.667349    	 2.8079503328
13/12/2010   	19.340248    	23.19340     	21.820537    	 3.0629120270
14/12/2010   	19.048153    	23.26588     	21.463387    	 2.7561472158
15/12/2010   	16.878220    	22.38795     	19.273524    	 2.3312629064
16/12/2010   	17.125816    	20.59808     	18.483207    	 2.2930498123
17/12/2010   	17.292002    	20.52184     	19.010695    	 2.1575162262
18/12/2010   	19.057631    	22.12955     	20.503960    	 1.9289692193
19/12/2010   	20.756847    	22.49420     	21.720166    	 1.3978965431
20/12/2010   	21.040123    	22.75384     	21.960054    	 0.9077780644
21/12/2010   	20.982063    	22.26782     	21.792091    	 0.5229986900
22/12/2010   	19.966106    	22.20834     	21.609288    	 0.1492846632
23/12/2010   	16.968084    	21.97965     	20.182088    	 0.0289805164
24/12/2010   	16.047289    	19.97414     	17.782415    	-0.2656406116
25/12/2010   	17.598063    	20.21140     	18.747293    	-0.4929453048
26/12/2010   	18.657064    	22.39016     	20.655358    	-0.3796493125
27/12/2010   	19.186970    	20.81663     	20.206988    	-0.1691510329
28/12/2010   	19.540306    	21.06448     	20.384804    	-0.1328458893
29/12/2010   	20.384388    	21.55311     	20.967029    	-0.1012379540
30/12/2010   	18.869934    	21.73365     	20.936334    	-0.0546129231
31/12/2010   	18.251417    	21.38674     	19.756783    	 0.1460426200
01/01/2011   	17.691013    	20.23085     	18.801847    	 0.4509736303
02/01/2011   	17.206623    	19.82523     	18.585281    	 0.6171932134
03/01/2011   	16.678432    	19.18795     	18.144656    	 0.7158046837
04/01/2011   	16.678249    	19.50782     	18.339553    	 0.8036251689
05/01/2011   	18.950962    	20.43687     	19.576815    	 0.7990273051
06/01/2011   	19.559061    	20.34664     	19.946082    	 0.8122522570
07/01/2011   	18.328379    	20.37052     	19.730754    	 0.9535745631
08/01/2011   	19.116570    	20.76287     	20.137652    	 1.6192610189
09/01/2011   	19.321354    	20.86413     	20.184307    	 1.9772741819
10/01/2011   	18.908546    	20.75234     	20.067527    	 1.8638443649
11/01/2011   	18.805698    	20.44791     	19.922734    	 1.8834448929
12/01/2011   	19.546988    	20.63351     	20.209570    	 2.0452029208
13/01/2011   	18.867847    	20.45753     	19.756083    	 2.3502759238
14/01/2011   	18.479099    	19.90108     	19.242688    	 2.8489434371
15/01/2011   	15.802683    	19.55862     	17.897771    	 3.3043173949
16/01/2011   	15.665095    	20.78741     	17.457387    	 3.7622839659
17/01/2011   	17.928919    	21.22720     	19.496059    	 4.0877722849
18/01/2011   	17.545460    	21.27686     	19.876649    	 4.1352610886
19/01/2011   	16.382969    	19.74520     	17.955783    	 3.9898165762
20/01/2011   	12.284256    	16.46103     	14.706464    	 3.6314540207
21/01/2011   	11.127075    	15.62849     	14.019508    	 3.5020033220
22/01/2011   	 8.877961    	14.62324     	12.116735    	 3.3510975589
23/01/2011   	 7.159394    	12.80689     	10.607110    	 3.3096924474
24/01/2011   	 7.148431    	11.85023     	 9.387511    	 3.3806726784
25/01/2011   	 7.074004    	12.57440     	 9.585361    	 3.5272679081
26/01/2011   	 8.926664    	13.21539     	11.198524    	 3.6286212057
27/01/2011   	 8.265955    	13.24542     	11.564067    	 3.2686554541
28/01/2011   	 9.307175    	12.75597     	11.445607    	 2.6521116594
29/01/2011   	11.152332    	13.54080     	12.598693    	 2.2376284351
30/01/2011   	11.332320    	13.67572     	12.765062    	 2.0789864858
31/01/2011   	10.899621    	14.53523     	13.030353    	 2.0310877586
01/02/2011   	11.589127    	15.00291     	13.787335    	 1.8555108979
02/02/2011   	12.747430    	15.52069     	14.366756    	 1.9524757415
03/02/2011   	13.382533    	15.33608     	14.555811    	 2.3065844576
04/02/2011   	 8.802202    	21.02519     	15.715319    	 3.0854440182
05/02/2011   	13.544938    	24.62332     	18.367038    	 4.4090002427
06/02/2011   	18.479401    	28.90609     	23.605311    	 5.4245079060
07/02/2011   	21.047981    	28.49715     	24.758929    	 5.8558984598
08/02/2011   	23.157101    	25.39271     	24.281153    	 5.6683230003
09/02/2011   	20.415846    	24.78809     	23.609749    	 5.3946340680
10/02/2011   	22.235464    	25.11411     	23.833772    	 5.3323606451
11/02/2011   	20.884687    	23.84865     	23.048698    	 5.3478237391
12/02/2011   	20.383698    	23.65863     	22.781463    	 5.0182339946
13/02/2011   	21.569244    	23.78699     	22.835192    	 4.8081909319
14/02/2011   	22.466061    	24.10352     	23.106295    	 4.7309874892
15/02/2011   	22.350857    	23.38096     	22.915642    	 4.7529988686
16/02/2011   	22.467207    	23.17738     	22.998935    	 4.7790480455
17/02/2011   	21.349491    	23.16639     	22.835419    	 4.6653866371
18/02/2011   	19.000740    	23.06735     	22.022949    	 4.2907444537
19/02/2011   	17.229948    	22.53254     	21.113439    	 3.8888904204
20/02/2011   	17.802402    	22.97530     	21.377226    	 3.2688398411
21/02/2011   	19.589193    	22.77597     	21.902123    	 2.5116846909
22/02/2011   	19.768595    	22.60546     	21.907769    	 1.8518029377
23/02/2011   	19.928459    	22.46638     	21.819324    	 1.5958405510
24/02/2011   	21.470104    	22.33293     	22.095472    	 1.7136004741
25/02/2011   	21.192202    	22.30588     	22.013327    	 1.9656435524
26/02/2011   	22.157171    	22.55379     	22.317760    	 2.4658246636
27/02/2011   	21.009029    	23.24035     	22.386013    	 2.7901117553
28/02/2011   	19.944355    	22.67522     	21.544959    	 2.8384080380
01/03/2011   	17.147467    	21.50970     	20.057298    	 2.9121490419
02/03/2011   	14.562935    	19.91389     	17.985676    	 2.8756124775
03/03/2011   	14.519224    	18.36384     	17.033677    	 2.7566472093
04/03/2011   	15.113380    	17.94088     	16.872831    	 2.6696387629
05/03/2011   	15.159413    	18.19498     	17.084429    	 2.8326431960
06/03/2011   	14.528388    	18.18469     	16.869660    	 2.8736330867
07/03/2011   	15.182347    	18.59387     	17.247491    	 2.8476060182
08/03/2011   	16.697954    	19.82034     	18.452983    	 2.8943633338
09/03/2011   	18.000807    	20.52480     	19.434067    	 3.1435482999
10/03/2011   	16.474922    	19.79852     	18.598853    	 3.5398002217
11/03/2011   	16.062389    	19.24210     	18.077463    	 3.8504078686
12/03/2011   	16.857288    	19.21250     	18.557841    	 3.9129716953
13/03/2011   	18.307253    	20.39322     	19.480471    	 4.1907492777
14/03/2011   	19.204414    	21.01859     	20.227634    	 4.4839573205
15/03/2011   	19.236355    	21.25552     	20.418081    	 4.8552188973
16/03/2011   	20.117558    	22.42574     	21.275313    	 5.2396366596
17/03/2011   	20.016626    	22.69825     	21.460888    	 5.4538842241
18/03/2011   	19.763630    	22.16826     	21.034556    	 5.5910513600
19/03/2011   	19.463398    	21.77872     	20.890927    	 5.7066516081
20/03/2011   	19.071125    	21.43461     	20.549319    	 5.8894343774
21/03/2011   	19.172873    	21.48598     	20.613064    	 6.0177045365
22/03/2011   	19.258362    	21.82437     	20.809834    	 6.2252861857
23/03/2011   	18.690088    	21.87311     	20.724919    	 6.5305305024
24/03/2011   	19.024769    	21.94652     	20.865241    	 6.8063165645
25/03/2011   	19.661594    	21.92262     	21.054571    	 7.0938821137
26/03/2011   	19.846714    	22.11900     	21.283162    	 7.2608299454
27/03/2011   	20.132256    	22.25341     	21.525880    	 7.1777225037
28/03/2011   	20.999182    	22.56089     	21.960108    	 7.2249254187
29/03/2011   	21.432636    	22.96243     	22.286680    	 7.3358136117
30/03/2011   	21.903772    	23.41856     	22.752325    	 7.5384566883
31/03/2011   	22.403456    	24.18403     	23.316839    	 7.7986038327
01/04/2011   	23.027889    	24.58208     	23.789927    	 8.0682304899
02/04/2011   	23.153605    	24.63195     	23.960733    	 8.4158238967
03/04/2011   	23.696249    	24.75243     	24.214940    	 8.7511045535
04/04/2011   	23.743633    	24.86296     	24.266674    	 8.9604949951
05/04/2011   	23.816612    	24.83389     	24.427692    	 9.0150349736
06/04/2011   	24.200600    	25.02676     	24.520023    	 9.2447322210
07/04/2011   	23.900906    	24.99337     	24.448650    	 9.5086641908
08/04/2011   	23.739906    	25.01475     	24.481073    	 9.6193043987
09/04/2011   	23.771267    	25.07809     	24.580668    	 9.8402602474
10/04/2011   	23.847923    	25.04675     	24.602406    	10.1113262177
11/04/2011   	24.076490    	25.26797     	24.767858    	10.4401509166
12/04/2011   	23.925541    	25.30066     	24.565905    	10.6500443220
13/04/2011   	23.948088    	25.11304     	24.601197    	10.6101477345
14/04/2011   	24.040504    	25.23445     	24.672707    	10.5870408217
15/04/2011   	24.234352    	25.35301     	24.781067    	10.7722855012
16/04/2011   	24.469719    	25.70574     	24.913422    	10.9897642930
17/04/2011   	24.441858    	26.01321     	25.281865    	11.2336483002
18/04/2011   	24.369162    	26.17923     	25.504299    	11.4954546094
19/04/2011   	24.461594    	26.45245     	25.693470    	11.7432719072
20/04/2011   	24.657925    	26.71625     	25.926594    	12.1453595161
21/04/2011   	24.761570    	26.74347     	25.969720    	12.5467686454
22/04/2011   	24.966217    	26.77861     	26.109894    	12.9770906766
23/04/2011   	25.096762    	27.02546     	26.274827    	13.3756681681
24/04/2011   	25.409237    	26.97508     	26.391403    	13.8150856098
25/04/2011   	25.443256    	26.97748     	26.381699    	14.2538713018
26/04/2011   	25.400806    	27.10091     	26.368971    	14.3642621438
27/04/2011   	25.601908    	26.60047     	26.011467    	14.1503524780
28/04/2011   	25.705555    	26.60071     	26.145885    	13.8442017436
29/04/2011   	26.164215    	27.60437     	26.575202    	13.6151117285
30/04/2011   	26.404604    	28.27887     	27.409915    	13.2141816417
01/05/2011   	27.096844    	28.84325     	28.091567    	12.8782314261
02/05/2011   	27.331989    	28.94990     	28.207952    	12.6756272117
03/05/2011   	27.743273    	28.68141     	28.262501    	12.2643836141
04/05/2011   	27.935242    	28.73386     	28.417811    	12.1674431562
05/05/2011   	28.258673    	29.01252     	28.560043    	11.9915755987
06/05/2011   	28.504976    	29.25665     	28.740062    	12.0253620744
07/05/2011   	28.672880    	29.69378     	29.013282    	12.2780488133
08/05/2011   	28.734877    	30.27646     	29.415353    	12.6071976225
09/05/2011   	29.148958    	30.26670     	29.671521    	13.0000937780
10/05/2011   	29.362907    	30.23506     	29.742801    	13.3505306840
11/05/2011   	29.455404    	30.31169     	29.826939    	13.8948027492
12/05/2011   	29.524790    	30.24091     	29.869896    	14.4417139490
13/05/2011   	29.536510    	30.25587     	29.895388    	14.6844926079
14/05/2011   	29.587051    	30.26465     	29.938307    	14.9008392096
15/05/2011   	29.635191    	30.29275     	29.999785    	14.8638467590
16/05/2011   	29.789097    	30.55226     	30.037460    	14.7677605748
17/05/2011   	29.840860    	30.56112     	30.126233    	14.7208348115
18/05/2011   	29.882164    	30.79610     	30.265799    	14.7800912460
19/05/2011   	29.894884    	30.84344     	30.300113    	15.0716030995
20/05/2011   	30.014450    	30.98374     	30.511958    	15.2794923981
21/05/2011   	30.120747    	31.27394     	30.650345    	15.6826774279
22/05/2011   	30.173670    	31.17749     	30.692093    	16.0072760185
23/05/2011   	30.250095    	31.10378     	30.660143    	16.0170510014
24/05/2011   	30.129850    	31.02843     	30.580810    	15.6795837680
25/05/2011   	30.272537    	31.30510     	30.825729    	15.7571516832
26/05/2011   	30.089146    	31.31315     	30.616553    	15.6827347676
27/05/2011   	28.615868    	31.02042     	30.059364    	15.2938341697
28/05/2011   	28.495346    	30.88603     	30.005257    	15.0346509218
29/05/2011   	28.462055    	30.36703     	29.529603    	14.7354104519
30/05/2011   	28.748119    	30.05443     	29.597944    	15.0525451104
31/05/2011   	29.156094    	30.21025     	29.625362    	15.5259557764
01/06/2011   	29.609467    	30.66656     	29.957480    	15.7531617483
02/06/2011   	29.678452    	30.68656     	30.079769    	16.2878235181
03/06/2011   	29.922321    	31.06566     	30.402151    	16.7473370632
04/06/2011   	30.255560    	31.19385     	30.555650    	17.2080289125
05/06/2011   	30.347977    	31.22819     	30.749755    	17.4034794569
06/06/2011   	30.463037    	31.19167     	30.757495    	17.4461440245
07/06/2011   	29.962065    	30.86586     	30.558853    	17.6317712466
08/06/2011   	27.820179    	30.84196     	30.078230    	17.7478195031
09/06/2011   	28.673452    	30.73314     	30.112694    	17.4840873082
10/06/2011   	29.126900    	30.68160     	30.235027    	17.4949872891
11/06/2011   	29.035545    	30.65042     	30.206701    	17.3283253511
12/06/2011   	29.191868    	30.65319     	30.229920    	17.2622414033
13/06/2011   	29.065317    	30.53922     	30.122610    	17.1872849862
14/06/2011   	29.027802    	30.32866     	29.888581    	17.4896681309
15/06/2011   	28.219749    	30.22389     	29.558736    	17.8387883902
16/06/2011   	28.304899    	30.06105     	29.537166    	17.9955205917
17/06/2011   	28.094114    	30.09702     	29.484153    	17.9257564147
18/06/2011   	28.172647    	30.06884     	29.661293    	17.4222138325
19/06/2011   	28.473276    	30.03274     	29.534751    	16.8916515907
20/06/2011   	28.419847    	29.92558     	29.485417    	17.0443406502
21/06/2011   	28.505640    	29.81702     	29.386594    	17.3642452161
22/06/2011   	27.164026    	29.72363     	29.182825    	17.1639496883
23/06/2011   	26.239494    	29.64844     	28.124247    	16.9692693949
24/06/2011   	26.433626    	29.13843     	28.072540    	17.0552791357
25/06/2011   	26.230806    	29.01608     	27.774657    	16.9910256863
26/06/2011   	26.780622    	28.38311     	27.574892    	17.4429552158
27/06/2011   	27.053263    	28.27402     	27.634362    	18.2053419352
28/06/2011   	27.279837    	28.08287     	27.693324    	18.8659791152
29/06/2011   	24.728218    	28.09319     	27.173028    	19.2973788579
30/06/2011   	22.808428    	27.29424     	25.132896    	19.2732315858
01/07/2011   	21.478956    	25.27460     	23.237771    	19.1021988392
02/07/2011   	20.319567    	23.81490     	22.486641    	18.6479890347
03/07/2011   	20.071381    	22.74123     	21.354311    	17.9597053925
04/07/2011   	20.550604    	24.11145     	22.168939    	17.4770275354
05/07/2011   	21.911236    	24.99647     	23.549388    	17.5460100571
06/07/2011   	22.904974    	26.13360     	24.813269    	17.8550755580
07/07/2011   	24.270395    	26.93571     	25.748391    	17.9778246482
08/07/2011   	25.072748    	26.73225     	26.099970    	18.2157192628
09/07/2011   	25.583172    	26.88437     	26.361474    	18.4204305808
10/07/2011   	26.029230    	27.07616     	26.521191    	18.4869288206
11/07/2011   	25.633307    	27.12305     	26.483227    	19.0064920982
12/07/2011   	24.222937    	26.77948     	26.033550    	19.2523059448
13/07/2011   	19.564280    	25.90822     	22.875359    	18.2804683447
14/07/2011   	19.933039    	23.56743     	22.053017    	17.8329174519
15/07/2011   	21.951324    	24.05342     	22.570183    	17.5253102382
16/07/2011   	22.977655    	24.80098     	23.898223    	17.5966594617
17/07/2011   	22.684826    	24.78631     	24.137276    	17.6400961876
18/07/2011   	18.614937    	24.74359     	22.528675    	17.3651820421
19/07/2011   	18.476387    	23.30704     	21.486792    	17.2022868395
20/07/2011   	21.505236    	22.98810     	22.109727    	17.5385370255
21/07/2011   	21.160458    	23.16950     	22.316577    	17.9286723534
22/07/2011   	19.228891    	23.25201     	21.370689    	17.8632393678
23/07/2011   	18.322693    	22.11500     	19.939709    	17.1776796182
24/07/2011   	18.888901    	22.59624     	20.993766    	16.0434573690
25/07/2011   	20.902893    	24.95265     	22.987058    	15.5397756100
26/07/2011   	21.253204    	24.16862     	22.480576    	15.8516428073
27/07/2011   	21.367840    	23.69416     	22.296631    	16.4277805686
28/07/2011   	20.141563    	22.64039     	21.616138    	17.0088643233
29/07/2011   	18.516422    	21.92789     	20.527383    	17.1295261383
30/07/2011   	17.766314    	21.36411     	19.515240    	16.9194636345
31/07/2011   	17.311123    	20.64310     	19.229847    	16.8464020491
01/08/2011   	17.895882    	21.92245     	20.378373    	17.0561970870
02/08/2011   	18.968134    	22.68207     	21.295682    	17.3756361802
03/08/2011   	19.725336    	22.70291     	21.734079    	17.7918853362
04/08/2011   	20.067759    	23.16039     	21.825463    	18.2710384130
05/08/2011   	20.060411    	22.89501     	21.835540    	18.7583509684
06/08/2011   	20.028208    	22.67058     	21.862594    	19.0797086159
07/08/2011   	20.436998    	23.13951     	22.301535    	19.0729976495
08/08/2011   	21.307692    	22.61417     	21.986288    	18.7423802614
09/08/2011   	20.062551    	22.60459     	21.519008    	18.0241357088
10/08/2011   	19.328390    	22.62025     	21.109642    	17.0829481284
11/08/2011   	17.223782    	22.59735     	19.859963    	16.9946537813
12/08/2011   	18.671053    	21.91586     	20.539944    	17.2992517551
13/08/2011   	19.850952    	21.23633     	20.636133    	17.6219572624
14/08/2011   	18.844120    	21.73806     	20.650441    	17.8126911322
15/08/2011   	18.607265    	21.52015     	20.559267    	18.0315777063
16/08/2011   	18.698286    	21.40568     	20.420483    	18.0996582508
17/08/2011   	18.339132    	21.55842     	20.437755    	18.1792722940
18/08/2011   	17.186556    	21.34339     	19.619533    	18.2184376717
19/08/2011   	16.690775    	20.46214     	18.926952    	18.1609849930
20/08/2011   	17.051502    	19.93611     	18.829891    	18.0821512540
21/08/2011   	18.359282    	21.32817     	19.969451    	18.2755473455
22/08/2011   	18.858963    	21.34275     	20.308809    	18.4686698516
23/08/2011   	18.413376    	20.99094     	20.133172    	18.5885099570
24/08/2011   	20.193031    	21.98324     	21.229570    	18.7832616170
25/08/2011   	20.858677    	21.65809     	21.326543    	18.8602503935
26/08/2011   	20.181967    	21.85817     	21.291098    	19.0577562253
27/08/2011   	20.656336    	21.82154     	21.365269    	18.8632620970
28/08/2011   	20.012445    	21.75859     	21.040936    	18.3928577105
29/08/2011   	18.386353    	21.50222     	20.343701    	17.6299171845
30/08/2011   	19.283882    	21.25987     	20.280031    	16.8050456842
31/08/2011   	17.609467    	20.73958     	19.653099    	16.4778974056
01/09/2011   	16.766611    	20.52367     	19.012375    	16.1121490796
02/09/2011   	16.570812    	21.17981     	19.607751    	15.9921486179
03/09/2011   	17.884193    	22.03738     	20.706569    	16.2283828656
04/09/2011   	19.033503    	22.51354     	21.138689    	16.6278585593
05/09/2011   	19.906616    	22.38209     	21.668191    	16.7902125120
06/09/2011   	17.238979    	22.22372     	19.695930    	16.5734573603
07/09/2011   	17.202206    	20.69808     	19.360398    	16.1676627795
08/09/2011   	20.140976    	23.23618     	21.141821    	15.9078961213
09/09/2011   	20.868130    	24.02735     	22.815656    	16.0403955181
10/09/2011   	21.448984    	23.73035     	22.967494    	16.4178781509
11/09/2011   	21.507259    	24.10014     	23.348161    	16.6743586461
12/09/2011   	17.625050    	23.62266     	21.359861    	16.7275188764
13/09/2011   	15.922321    	22.90042     	19.605496    	16.4340041478
14/09/2011   	17.821011    	22.33073     	20.409499    	15.8907099565
15/09/2011   	20.451843    	22.73483     	21.800430    	15.4963206251
16/09/2011   	20.058016    	22.71715     	21.986618    	15.1617052356
17/09/2011   	20.701220    	23.66514     	22.414215    	15.1298732559
18/09/2011   	21.412230    	23.17104     	22.668254    	15.0488504171
19/09/2011   	20.977365    	22.92688     	22.055117    	14.8536370595
20/09/2011   	18.676548    	22.67042     	21.376129    	14.9506705006
21/09/2011   	18.667515    	21.60735     	20.555740    	15.2416187723
22/09/2011   	19.405724    	21.46374     	20.378740    	15.1433496078
23/09/2011   	19.674561    	21.85894     	20.951182    	14.9385599494
24/09/2011   	19.591585    	21.83212     	20.940445    	14.9675684571
25/09/2011   	20.670338    	22.01682     	21.335294    	15.1477413774
26/09/2011   	20.028643    	22.06568     	21.389340    	15.4141915242
27/09/2011   	20.060715    	22.76463     	21.757899    	15.5331198772
28/09/2011   	18.879848    	22.39545     	21.283998    	15.7144696514
29/09/2011   	18.169199    	22.39449     	21.195748    	15.9889641404
30/09/2011   	18.038126    	22.06870     	21.046883    	16.2671392361
01/10/2011   	18.251015    	21.74775     	20.645044    	16.4996190866
02/10/2011   	17.832134    	21.39927     	20.191609    	16.7623618841
03/10/2011   	18.072235    	21.30912     	20.285046    	16.9252974590
04/10/2011   	19.303452    	21.45604     	20.595671    	16.9616434177
05/10/2011   	19.020945    	21.18442     	20.414037    	16.7360129356
06/10/2011   	16.579958    	21.07092     	19.402248    	16.2924625079
07/10/2011   	16.315880    	21.40122     	19.330805    	15.2918719649
08/10/2011   	20.484514    	21.99875     	21.117331    	13.8701314727
09/10/2011   	20.355688    	22.70556     	21.831541    	12.9950634241
10/10/2011   	19.264212    	22.53770     	21.500445    	13.3768245776
11/10/2011   	17.307119    	22.39584     	20.314217    	13.6493979494
12/10/2011   	19.588064    	22.70116     	21.542139    	13.5791304310
13/10/2011   	20.472626    	22.47587     	21.731472    	13.3309720556
14/10/2011   	17.840322    	22.16525     	20.719740    	13.0237261653
15/10/2011   	16.982237    	21.81411     	20.390365    	12.4980139534
16/10/2011   	18.748465    	22.71487     	21.367467    	12.1356547276
17/10/2011   	19.252419    	22.22857     	21.175953    	12.1037487189
18/10/2011   	15.923396    	21.68468     	19.338203    	12.0598214269
19/10/2011   	16.306746    	21.09575     	19.933921    	11.4797346791
20/10/2011   	19.332323    	21.16972     	20.721686    	10.6467319528
21/10/2011   	19.139448    	21.74413     	20.604426    	10.2709302704
22/10/2011   	17.218611    	21.06656     	19.733384    	10.1114388903
23/10/2011   	19.880764    	21.52340     	20.639798    	 9.8874524236
24/10/2011   	20.210154    	22.42714     	21.523681    	 9.8668027719
25/10/2011   	20.639965    	24.48728     	22.953515    	 9.9947582086
26/10/2011   	22.903502    	24.31974     	23.983501    	10.2223814527
27/10/2011   	23.715681    	24.46120     	24.128567    	10.2227317890
28/10/2011   	23.856476    	24.63648     	24.276885    	10.2955284516
29/10/2011   	23.767313    	24.58456     	24.286884    	10.4038867553
30/10/2011   	23.910528    	24.64557     	24.378905    	10.7134946982
31/10/2011   	24.083445    	24.62024     	24.404089    	11.0179925958
01/11/2011   	24.015924    	24.70904     	24.446090    	11.1129342914
02/11/2011   	23.372343    	24.79780     	24.408614    	11.2655518055
03/11/2011   	24.096478    	24.89605     	24.562801    	11.3749056458
04/11/2011   	24.618359    	25.61584     	25.103767    	11.7068743904
05/11/2011   	24.953369    	25.68557     	25.424815    	11.8693356911
06/11/2011   	24.187881    	25.71607     	25.271570    	11.8732625246
07/11/2011   	22.570700    	25.73470     	24.596651    	11.7088525295
08/11/2011   	22.605017    	25.47109     	24.402608    	11.3094021281
09/11/2011   	23.311560    	25.38076     	24.603664    	11.0028298497
10/11/2011   	23.510647    	25.39532     	24.686927    	10.7275783221
11/11/2011   	23.642239    	25.61775     	24.875696    	10.1824364066
12/11/2011   	24.057426    	25.67936     	25.137195    	 9.6154448191
13/11/2011   	24.385960    	25.74201     	25.263166    	 9.4909601808
14/11/2011   	23.614523    	25.82523     	25.009496    	 8.9065451225
15/11/2011   	23.851940    	25.73256     	24.974466    	 8.2784418960
16/11/2011   	23.588629    	25.64379     	24.845916    	 7.4589673380
17/11/2011   	24.244745    	25.68154     	25.147325    	 7.1056659818
18/11/2011   	24.775379    	25.78696     	25.429252    	 7.2192053894
19/11/2011   	24.986797    	25.97204     	25.585618    	 7.3506182929
20/11/2011   	25.041016    	26.16175     	25.642411    	 7.3128480216
21/11/2011   	25.106174    	26.26810     	25.788484    	 7.2839048902
22/11/2011   	25.099796    	26.32360     	25.873202    	 7.2439423601
23/11/2011   	25.001516    	26.34977     	25.837484    	 7.3040752014
24/11/2011   	25.040930    	26.33325     	25.813007    	 7.5079840521
25/11/2011   	24.557739    	26.12449     	25.461988    	 7.6923773686
26/11/2011   	23.402014    	25.93449     	25.097153    	 7.6956882974
27/11/2011   	20.732069    	25.65932     	23.780979    	 8.1324559848
28/11/2011   	23.762781    	25.82883     	25.080032    	 8.0484692156
29/11/2011   	23.764894    	25.71822     	24.915761    	 7.9153981904
30/11/2011   	23.070404    	25.18333     	24.485272    	 7.8344014188
01/12/2011   	21.054207    	25.39499     	23.188098    	 7.9401955108
02/12/2011   	22.653423    	24.77907     	23.870212    	 7.9019907018
03/12/2011   	20.867846    	24.34539     	23.684646    	 7.6729932328
04/12/2011   	19.966467    	24.73479     	23.215284    	 7.5380189617
05/12/2011   	21.710062    	24.93743     	23.452055    	 7.2090098262
06/12/2011   	22.621040    	25.09503     	23.893865    	 6.7804656327
07/12/2011   	22.766203    	27.98517     	24.610641    	 6.3505220413
08/12/2011   	24.074562    	27.95337     	25.474350    	 6.0239750048
09/12/2011   	20.672121    	28.17342     	23.929350    	 6.0672411521
10/12/2011   	24.115601    	25.21612     	24.811898    	 5.8801684578
11/12/2011   	23.172003    	25.18555     	24.478188    	 5.6476139824
12/12/2011   	21.200893    	25.14212     	23.997101    	 5.5866551598
13/12/2011   	16.903015    	23.94633     	22.015095    	 5.6175340017
14/12/2011   	20.194168    	24.90482     	22.256567    	 5.6802583933
15/12/2011   	22.341185    	25.81133     	24.008338    	 5.6774932345
16/12/2011   	21.853497    	25.65620     	24.113964    	 5.6303613385
17/12/2011   	20.083815    	24.83435     	21.797460    	 5.3394887249
18/12/2011   	18.207571    	22.10700     	19.655462    	 4.9522796075
19/12/2011   	18.802086    	20.54547     	19.523288    	 4.6475837429
20/12/2011   	16.953817    	20.05077     	18.987022    	 4.5562878648
21/12/2011   	17.150686    	20.12979     	18.719330    	 4.5781968832
22/12/2011   	16.690140    	19.50160     	18.376643    	 4.7926504612
23/12/2011   	15.644119    	19.49220     	17.357741    	 5.1496248444
24/12/2011   	16.208990    	18.94797     	17.716382    	 5.3250123461
25/12/2011   	12.531761    	17.70927     	15.925598    	 5.5610854328
26/12/2011   	12.294344    	17.27763     	15.303604    	 6.0321356257
27/12/2011   	14.207769    	16.86512     	15.602971    	 6.2976542016
28/12/2011   	14.598064    	17.55022     	16.087372    	 6.2129201094
29/12/2011   	10.558395    	17.07851     	14.902724    	 5.9177550872
30/12/2011   	10.285409    	17.08320     	15.797207    	 5.7000986834
