date	smin	smax	smean	tmean
01/01/2009  	18.057964   	19.87049    	19.14381    	 1.820450284
02/01/2009  	17.556019   	19.60000    	18.82034    	 1.740333637
03/01/2009  	16.382616   	19.98726    	18.65288    	 1.561620315
04/01/2009  	14.697352   	19.19395    	17.28211    	 1.630119038
05/01/2009  	16.136559   	18.66749    	17.39193    	 1.455441010
06/01/2009  	17.365042   	21.48944    	19.15319    	 1.053010820
07/01/2009  	17.907774   	21.71099    	19.78627    	 0.934792542
08/01/2009  	18.020962   	20.68182    	19.75367    	 0.849269761
09/01/2009  	18.535397   	21.49236    	20.09402    	 0.651492598
10/01/2009  	18.851574   	21.13754    	20.22550    	 0.426443456
11/01/2009  	19.364254   	22.80480    	21.21515    	 0.374521038
12/01/2009  	20.743752   	24.30244    	22.08898    	 0.647695238
13/01/2009  	22.028610   	25.57387    	22.94801    	 1.306510298
14/01/2009  	20.839237   	25.25963    	23.24727    	 1.636159877
15/01/2009  	18.791004   	24.29380    	22.60328    	 1.557858594
16/01/2009  	18.864874   	24.22906    	22.58992    	 1.632057918
17/01/2009  	21.775608   	24.92134    	23.74806    	 2.107383827
18/01/2009  	21.240738   	23.74670    	22.95741    	 2.566548874
19/01/2009  	22.485256   	24.94198    	23.48288    	 2.800398886
20/01/2009  	24.219769   	26.23292    	25.35636    	 3.016664073
21/01/2009  	24.968252   	26.85206    	25.75274    	 2.921861778
22/01/2009  	25.510725   	28.24657    	26.53195    	 2.692219600
23/01/2009  	26.405552   	28.69684    	27.50086    	 2.634122943
24/01/2009  	26.419649   	27.91505    	26.97056    	 2.812744985
25/01/2009  	25.857210   	27.18660    	26.53223    	 2.796806350
26/01/2009  	25.983349   	27.22714    	26.43333    	 2.643694515
27/01/2009  	21.886898   	27.10994    	25.75938    	 2.363984163
28/01/2009  	21.956133   	26.13928    	24.93728    	 2.113387133
29/01/2009  	19.878551   	26.18777    	24.08148    	 1.870190312
30/01/2009  	20.972897   	24.61915    	23.43703    	 1.581621585
31/01/2009  	21.783051   	24.70234    	23.71697    	 1.235470966
01/02/2009  	21.545422   	24.70837    	23.47747    	 0.823303944
02/02/2009  	22.097374   	24.40200    	23.25934    	 0.450098111
03/02/2009  	23.167236   	23.89579    	23.56350    	 0.532052907
04/02/2009  	23.623470   	24.23665    	23.85090    	 0.700834346
05/02/2009  	23.577847   	24.30970    	23.92889    	 0.808557743
06/02/2009  	23.750793   	24.38089    	24.02503    	 1.067593365
07/02/2009  	21.852364   	23.98140    	23.40757    	 1.199646721
08/02/2009  	20.999155   	23.56172    	22.61257    	 1.226584055
09/02/2009  	21.059175   	23.30445    	22.09008    	 1.299297551
10/02/2009  	20.223667   	23.06782    	22.11384    	 1.423192720
11/02/2009  	17.707102   	22.44871    	20.33224    	 1.538790720
12/02/2009  	17.617464   	21.01714    	19.55523    	 1.704462218
13/02/2009  	15.957443   	21.46408    	19.05288    	 1.859967182
14/02/2009  	15.938786   	23.32462    	19.23262    	 1.859768348
15/02/2009  	17.257080   	23.00829    	19.83772    	 1.946956468
16/02/2009  	15.996390   	20.70550    	18.56558    	 2.215820501
17/02/2009  	16.725534   	20.01225    	18.28756    	 2.559206858
18/02/2009  	17.865320   	20.25565    	19.34338    	 2.534394647
19/02/2009  	17.757990   	19.78390    	18.96953    	 2.476587723
20/02/2009  	15.742200   	19.12005    	18.05414    	 2.693057929
21/02/2009  	15.285750   	18.17884    	16.88793    	 2.848316903
22/02/2009  	14.984812   	17.10415    	16.27461    	 3.145341297
23/02/2009  	12.172917   	17.21107    	15.20686    	 3.465633988
24/02/2009  	12.618003   	18.85313    	15.22159    	 3.678944468
25/02/2009  	13.300208   	18.49242    	16.02511    	 3.885153492
26/02/2009  	13.894702   	17.64249    	15.79556    	 4.183131973
27/02/2009  	14.163301   	16.46747    	15.21426    	 4.478148649
28/02/2009  	14.010276   	17.66782    	15.39673    	 4.754532437
01/03/2009  	13.828168   	19.09094    	16.16123    	 4.810151229
02/03/2009  	14.631623   	18.99505    	16.73904    	 4.977958679
03/03/2009  	15.876879   	19.09554    	17.49377    	 5.062231541
04/03/2009  	17.484798   	20.71013    	18.95494    	 4.943576684
05/03/2009  	17.631458   	21.16348    	19.87088    	 4.850642800
06/03/2009  	15.363650   	20.12196    	18.28353    	 4.929357807
07/03/2009  	15.588972   	17.90330    	17.06383    	 4.845713407
08/03/2009  	16.319176   	19.66010    	17.96296    	 5.038342456
09/03/2009  	16.253681   	18.41704    	17.28089    	 5.072490881
10/03/2009  	16.900089   	19.64758    	17.84990    	 5.052253197
11/03/2009  	16.011518   	18.51658    	17.76585    	 5.051546892
12/03/2009  	15.179448   	18.65297    	17.40932    	 5.218616376
13/03/2009  	14.477273   	18.86363    	16.95603    	 5.374454657
14/03/2009  	14.213792   	18.44357    	16.81444    	 5.531222413
15/03/2009  	13.116342   	18.07955    	16.32094    	 5.739543746
16/03/2009  	12.842119   	16.96877    	15.37245    	 6.000341644
17/03/2009  	12.741302   	18.13394    	15.40763    	 6.249765972
18/03/2009  	11.770841   	16.50089    	14.47740    	 6.394763360
19/03/2009  	12.521650   	16.57716    	14.90209    	 6.520878971
20/03/2009  	13.673570   	16.33856    	15.27821    	 6.631277670
21/03/2009  	13.258149   	17.38578    	15.48831    	 6.722915957
22/03/2009  	11.253750   	15.03347    	13.45315    	 6.793439428
23/03/2009  	10.551404   	13.74879    	12.17908    	 6.911043207
24/03/2009  	10.134460   	15.52708    	12.37174    	 6.777363787
25/03/2009  	13.018794   	17.38932    	14.27691    	 6.663500617
26/03/2009  	13.711905   	15.58359    	14.75328    	 6.670319657
27/03/2009  	13.584904   	16.38349    	14.81699    	 6.647544791
28/03/2009  	14.636317   	18.70351    	15.64706    	 6.594553719
29/03/2009  	13.667899   	18.38903    	15.92455    	 6.555550247
30/03/2009  	13.882256   	17.57491    	15.61656    	 6.510208021
31/03/2009  	13.197333   	17.42601    	15.82941    	 6.645090699
01/04/2009  	12.250497   	16.94620    	15.19819    	 6.934332778
02/04/2009  	11.691641   	17.18386    	14.76672    	 7.336686482
03/04/2009  	12.825975   	18.00510    	15.51846    	 7.738615980
04/04/2009  	14.285261   	18.13716    	16.38090    	 7.988305132
05/04/2009  	14.481864   	18.33691    	16.63633    	 8.200722118
06/04/2009  	14.456719   	19.72163    	17.18907    	 8.386957606
07/04/2009  	16.268486   	20.10843    	18.26185    	 8.616977731
08/04/2009  	17.438786   	20.63593    	19.19364    	 8.650608997
09/04/2009  	18.747250   	20.55512    	19.77617    	 8.722076416
10/04/2009  	18.874748   	21.27537    	20.09145    	 9.005897999
11/04/2009  	19.002869   	21.22353    	20.31310    	 9.337279201
12/04/2009  	19.168871   	20.98213    	20.27903    	 9.700292230
13/04/2009  	19.019468   	20.62708    	20.02140    	10.019632955
14/04/2009  	19.033876   	20.45145    	19.94284    	10.274736961
15/04/2009  	19.016317   	20.46717    	19.91287    	10.621039291
16/04/2009  	19.244968   	21.16724    	20.28523    	10.979792754
17/04/2009  	19.940769   	21.58597    	20.77791    	11.107701858
18/04/2009  	20.218033   	21.52944    	20.94612    	11.067468703
19/04/2009  	20.103745   	21.43530    	20.90260    	11.215282301
20/04/2009  	19.976515   	21.24962    	20.78524    	11.652633846
21/04/2009  	20.001299   	21.10751    	20.68465    	11.993640562
22/04/2009  	19.951735   	21.00344    	20.54289    	12.176810682
23/04/2009  	19.582834   	20.74611    	20.24185    	12.269303143
24/04/2009  	19.620914   	21.91724    	20.58948    	12.455190857
25/04/2009  	19.813164   	22.86635    	21.41028    	12.525094569
26/04/2009  	20.890957   	22.54818    	21.84604    	12.661882559
27/04/2009  	21.015194   	22.60829    	21.97357    	12.734512627
28/04/2009  	21.489056   	23.25863    	22.58500    	12.654056529
29/04/2009  	21.977839   	22.97223    	22.52014    	12.714290758
30/04/2009  	22.012094   	22.84558    	22.48379    	12.908954879
01/05/2009  	22.012583   	23.02270    	22.50232    	13.251970887
02/05/2009  	21.829475   	24.06614    	22.70791    	13.490612447
03/05/2009  	22.082003   	23.23448    	22.54775    	13.555575967
04/05/2009  	21.627472   	22.70162    	22.26236    	13.218043327
05/05/2009  	19.780800   	22.32387    	21.09241    	12.966623286
06/05/2009  	18.071516   	22.01870    	20.47702    	12.873692274
07/05/2009  	19.618166   	21.93688    	20.56725    	12.888548036
08/05/2009  	19.614174   	21.49703    	20.76247    	12.936496576
09/05/2009  	20.019585   	21.44886    	20.74005    	12.902063390
10/05/2009  	20.567495   	22.12885    	21.15159    	13.104627728
11/05/2009  	20.685966   	21.91656    	21.24156    	13.160704096
12/05/2009  	20.627314   	21.88166    	21.22763    	13.074294726
13/05/2009  	20.794699   	23.80706    	22.22743    	12.948898613
14/05/2009  	21.823479   	24.63758    	23.23748    	12.961276551
15/05/2009  	22.881018   	25.16262    	24.07632    	13.053764919
16/05/2009  	23.805157   	25.24041    	24.60973    	13.162129958
17/05/2009  	24.386438   	25.27869    	24.75460    	13.325669189
18/05/2009  	24.469687   	25.11707    	24.85815    	13.361998777
19/05/2009  	23.301125   	24.96021    	24.32999    	13.400599639
20/05/2009  	22.880028   	24.52908    	23.63966    	13.569245358
21/05/2009  	23.444183   	24.42539    	23.90210    	13.894616842
22/05/2009  	23.597668   	24.34288    	23.84926    	14.207529962
23/05/2009  	23.516710   	24.19252    	23.84864    	14.609130979
24/05/2009  	23.687632   	24.16373    	23.98326    	15.076507966
25/05/2009  	23.788958   	24.41834    	24.15803    	15.574055533
26/05/2009  	23.722633   	24.82166    	24.34433    	16.037522316
27/05/2009  	22.400839   	24.72992    	24.00909    	15.863751968
28/05/2009  	21.813599   	24.21231    	23.35885    	15.837120593
29/05/2009  	20.782465   	23.68360    	22.73670    	16.142760257
30/05/2009  	19.324596   	24.33295    	21.92319    	16.303820570
31/05/2009  	20.303032   	24.14803    	22.03630    	16.569833954
01/06/2009  	19.947109   	23.20733    	21.66868    	16.984415253
02/06/2009  	19.453863   	22.05007    	21.05209    	17.102923552
03/06/2009  	19.262043   	21.32283    	20.39399    	16.656680981
04/06/2009  	19.659781   	22.22448    	20.88411    	15.556123157
05/06/2009  	21.623487   	24.19690    	22.73113    	14.614431461
06/06/2009  	23.582705   	24.77239    	24.07530    	14.274686337
07/06/2009  	23.783808   	26.70822    	25.19771    	14.298573673
08/06/2009  	25.041866   	26.66480    	25.82555    	14.631431719
09/06/2009  	25.210436   	27.35307    	26.31180    	14.985221128
10/06/2009  	25.662951   	26.99852    	26.51999    	15.249521693
11/06/2009  	23.734531   	26.94867    	25.83354    	15.440089365
12/06/2009  	22.156431   	26.35753    	24.91968    	15.574649314
13/06/2009  	21.575359   	25.70157    	23.83095    	15.797330240
14/06/2009  	21.624214   	26.63318    	24.13847    	16.247268160
15/06/2009  	21.338959   	25.47389    	23.56846    	16.674564759
16/06/2009  	20.789375   	24.96742    	23.18057    	16.846479734
17/06/2009  	21.163887   	24.66476    	23.37362    	17.066904783
18/06/2009  	22.286263   	25.16623    	23.94532    	17.210045576
19/06/2009  	22.202105   	24.95196    	23.99067    	17.237629573
20/06/2009  	21.796412   	24.71702    	23.36248    	17.088197231
21/06/2009  	21.356592   	23.87193    	22.87349    	16.969748537
22/06/2009  	20.899601   	24.38627    	22.70664    	16.934062044
23/06/2009  	21.330032   	25.45120    	23.11588    	17.115285794
24/06/2009  	21.272930   	24.98485    	23.10922    	17.408989072
25/06/2009  	21.655424   	25.98290    	23.84996    	17.705269734
26/06/2009  	22.308128   	26.33967    	24.45903    	18.121019284
27/06/2009  	23.297922   	26.78698    	25.16294    	18.522147973
28/06/2009  	23.981859   	26.84593    	25.58048    	18.931783636
29/06/2009  	24.449154   	26.54679    	25.54107    	19.581623634
30/06/2009  	24.097696   	26.15944    	25.26465    	20.210932255
01/07/2009  	23.781025   	25.82055    	24.96680    	20.678786357
02/07/2009  	23.675652   	25.78185    	24.92606    	21.125262419
03/07/2009  	24.187431   	26.28864    	25.34026    	21.571546515
04/07/2009  	24.849895   	26.61585    	25.80287    	21.910615762
05/07/2009  	24.731239   	26.59183    	25.73055    	22.211214105
06/07/2009  	24.016014   	26.93833    	25.64840    	22.050567071
07/07/2009  	25.119879   	27.29379    	25.90766    	21.360045115
08/07/2009  	25.355579   	26.22558    	25.85775    	20.886419972
09/07/2009  	25.200882   	26.22222    	25.71345    	19.901406129
10/07/2009  	24.588312   	26.20408    	25.49273    	18.620045980
11/07/2009  	24.760263   	26.91063    	25.83003    	17.368401090
12/07/2009  	23.978790   	26.46305    	25.68110    	17.461076458
13/07/2009  	23.519062   	25.79482    	24.81631    	17.826958418
14/07/2009  	23.410852   	24.79669    	24.10923    	18.401422620
15/07/2009  	22.353273   	24.40731    	23.87242    	18.919682463
16/07/2009  	21.924974   	24.03334    	23.28184    	19.118525386
17/07/2009  	23.080793   	24.33394    	23.56528    	19.326600393
18/07/2009  	21.889208   	23.94969    	23.00340    	19.334830284
19/07/2009  	21.482641   	23.37247    	22.69019    	19.147955259
20/07/2009  	21.795164   	23.53602    	22.49797    	19.150629163
21/07/2009  	21.723738   	23.65706    	22.70345    	19.216898441
22/07/2009  	22.571384   	24.76577    	23.23474    	19.413802465
23/07/2009  	22.744898   	24.66202    	23.38016    	19.458585739
24/07/2009  	22.905880   	24.51759    	23.45856    	19.353297273
25/07/2009  	22.333607   	23.64653    	23.27784    	19.216676593
26/07/2009  	22.449839   	23.62951    	23.05369    	19.272957047
27/07/2009  	21.683275   	23.54454    	22.76771    	19.398299019
28/07/2009  	21.637156   	22.98590    	22.42318    	19.421730320
29/07/2009  	21.494345   	22.59195    	22.22165    	19.523419460
30/07/2009  	20.624487   	22.54043    	21.87055    	19.523779273
31/07/2009  	19.558338   	22.47604    	21.52084    	19.139233788
01/08/2009  	21.346657   	22.23689    	21.76066    	19.177380125
02/08/2009  	21.340759   	22.81684    	21.97417    	19.350777706
03/08/2009  	21.520689   	22.13228    	21.88712    	19.431258281
04/08/2009  	21.601904   	22.29623    	21.96194    	19.664279501
05/08/2009  	21.859350   	22.66528    	22.26023    	19.908766270
06/08/2009  	22.035727   	23.36195    	22.73062    	20.177977165
07/08/2009  	22.159014   	23.74110    	23.02913    	20.450972676
08/08/2009  	22.286127   	23.64158    	23.06103    	20.592395743
09/08/2009  	22.139589   	23.51415    	22.85525    	20.660049836
10/08/2009  	22.054995   	23.75558    	22.94286    	20.842992942
11/08/2009  	22.235634   	23.76063    	23.13234    	20.948898792
12/08/2009  	21.935019   	23.74113    	23.03433    	20.791145325
13/08/2009  	22.130085   	23.60417    	22.91434    	20.648357948
14/08/2009  	22.142815   	23.58939    	23.05206    	20.624838789
15/08/2009  	22.702770   	24.59357    	23.29051    	20.414884011
16/08/2009  	22.218954   	23.50939    	23.00420    	20.443817377
17/08/2009  	22.540174   	23.45242    	23.01767    	20.490472277
18/08/2009  	22.838261   	23.37054    	23.07360    	20.435899496
19/08/2009  	22.763306   	23.69049    	23.20834    	20.494366884
20/08/2009  	22.734039   	24.96875    	23.81885    	20.511296789
21/08/2009  	23.276257   	24.59400    	24.13224    	20.460637053
22/08/2009  	23.335466   	24.68206    	24.23014    	20.306555589
23/08/2009  	23.421646   	25.53679    	24.39535    	20.355239352
24/08/2009  	23.529779   	26.09761    	24.96144    	20.331290483
25/08/2009  	24.424677   	25.79513    	25.28213    	20.480138103
26/08/2009  	24.678371   	25.61475    	25.10535    	20.121067246
27/08/2009  	23.831339   	25.40930    	24.76392    	19.886915922
28/08/2009  	22.860798   	25.36245    	24.13581    	19.497995774
29/08/2009  	21.095291   	24.91204    	23.19312    	18.670316935
30/08/2009  	22.184843   	25.10130    	23.59670    	18.117178162
31/08/2009  	22.104809   	24.40782    	23.36376    	17.828614155
01/09/2009  	22.634283   	25.39422    	24.02409    	17.854798635
02/09/2009  	23.513929   	24.81820    	24.20769    	17.673746586
03/09/2009  	19.804575   	26.82015    	24.42684    	17.530538400
04/09/2009  	19.912399   	27.78016    	24.45840    	16.568649987
05/09/2009  	23.112144   	25.72587    	24.37603    	16.328695675
06/09/2009  	24.833113   	26.84822    	26.16014    	16.223452210
07/09/2009  	25.300964   	27.06621    	26.23370    	16.172184944
08/09/2009  	25.475620   	26.74007    	26.11829    	16.365380963
09/09/2009  	25.707928   	26.64192    	26.26087    	16.576585372
10/09/2009  	24.687521   	26.37728    	25.78308    	16.673268358
11/09/2009  	24.353889   	26.18174    	25.18751    	16.577491601
12/09/2009  	24.511271   	25.58515    	25.00691    	16.523698529
13/09/2009  	24.529659   	25.92833    	25.19302    	16.288378517
14/09/2009  	24.642866   	26.32905    	25.90609    	16.053805967
15/09/2009  	26.014914   	26.96337    	26.50661    	15.887843728
16/09/2009  	26.254709   	27.92214    	27.14216    	15.997474472
17/09/2009  	26.522470   	27.66386    	27.10047    	15.879688402
18/09/2009  	26.597757   	28.07406    	27.35709    	15.869983753
19/09/2009  	26.707151   	28.61202    	27.75904    	15.908309778
20/09/2009  	26.831444   	28.76458    	27.99147    	16.063677847
21/09/2009  	27.047134   	28.51871    	27.88050    	16.007158856
22/09/2009  	27.245518   	28.50282    	28.02073    	16.106274645
23/09/2009  	27.448074   	28.47795    	28.03224    	16.159350812
24/09/2009  	27.726381   	28.49210    	28.15128    	16.043607275
25/09/2009  	28.013588   	28.51634    	28.30322    	15.975179176
26/09/2009  	27.954994   	28.54302    	28.30544    	15.970735312
27/09/2009  	27.890633   	28.47006    	28.29300    	16.085172216
28/09/2009  	27.853676   	28.50727    	28.24058    	16.236095270
29/09/2009  	27.191629   	28.48814    	27.86663    	16.282655795
30/09/2009  	26.848032   	28.50395    	27.74330    	16.248428822
01/10/2009  	25.880608   	27.98528    	27.09379    	15.959512909
02/10/2009  	25.385439   	27.59525    	26.60156    	15.157142778
03/10/2009  	18.744709   	27.11781    	24.71748    	14.693407019
04/10/2009  	18.206236   	27.58573    	23.70889    	13.979363223
05/10/2009  	24.892368   	28.24657    	26.61852    	13.528036515
06/10/2009  	24.661703   	27.79411    	25.92450    	13.516521474
07/10/2009  	23.044659   	26.18998    	25.12513    	13.853926877
08/10/2009  	24.369097   	25.74908    	25.16629    	13.700493077
09/10/2009  	23.849483   	25.27550    	24.93696    	13.420450330
10/10/2009  	23.647612   	26.19061    	25.10660    	13.096811513
11/10/2009  	22.865475   	25.96500    	24.49359    	12.950233658
12/10/2009  	20.549593   	24.55600    	23.32670    	12.527114709
13/10/2009  	19.023201   	23.58859    	21.56598    	11.874271989
14/10/2009  	20.487280   	25.45521    	22.71831    	11.442436258
15/10/2009  	20.123821   	24.51824    	22.30316    	10.932986379
16/10/2009  	19.246162   	23.11334    	21.01035    	10.727780819
17/10/2009  	19.668924   	26.50948    	23.54702    	10.319653471
18/10/2009  	24.873880   	28.90772    	26.68156    	10.280032059
19/10/2009  	26.122763   	28.06650    	26.87187    	10.291690270
20/10/2009  	26.183680   	28.40243    	27.12653    	 9.992431839
21/10/2009  	26.397072   	28.73525    	28.01600    	 9.744446715
22/10/2009  	27.541786   	28.44736    	28.17404    	 9.537850261
23/10/2009  	27.318596   	28.11489    	27.88472    	 9.527250767
24/10/2009  	27.691536   	28.01088    	27.90386    	 9.700474997
25/10/2009  	26.798027   	27.98318    	27.78158    	10.044059475
26/10/2009  	25.957270   	27.85942    	27.10201    	10.389893870
27/10/2009  	26.127409   	28.01661    	27.32153    	10.538387020
28/10/2009  	26.765606   	27.78939    	27.19756    	10.704127192
29/10/2009  	26.835405   	27.45576    	27.18382    	10.938702742
30/10/2009  	27.014736   	27.46365    	27.24214    	11.002841433
31/10/2009  	26.985397   	27.80607    	27.39591    	10.976906339
01/11/2009  	27.261833   	28.58423    	27.92408    	11.335305055
02/11/2009  	26.998043   	28.35224    	27.90237    	11.537544628
03/11/2009  	26.537111   	27.99076    	27.42528    	11.171952109
04/11/2009  	25.984463   	28.31830    	27.13128    	11.005931060
05/11/2009  	26.401566   	27.21431    	26.91839    	10.740920921
06/11/2009  	26.445078   	28.16043    	26.98649    	10.590224544
07/11/2009  	25.296011   	28.35985    	26.88355    	10.415026307
08/11/2009  	26.279507   	27.35732    	26.81569    	10.197931329
09/11/2009  	23.341747   	26.87928    	25.95816    	 9.859736045
10/11/2009  	23.779449   	26.92935    	25.40177    	 9.657292982
11/11/2009  	23.249846   	25.98099    	24.81848    	 9.481591821
12/11/2009  	24.073172   	26.27974    	25.40288    	 9.279884537
13/11/2009  	24.802483   	27.54744    	25.84143    	 9.537484050
14/11/2009  	24.824278   	26.63833    	25.50847    	 9.956115524
15/11/2009  	24.130556   	26.58658    	25.47072    	10.111123264
16/11/2009  	25.148504   	27.38534    	25.87088    	10.210673312
17/11/2009  	25.175480   	26.52042    	25.71525    	10.277076145
18/11/2009  	20.882496   	27.54786    	24.77512    	10.180236081
19/11/2009  	22.504845   	28.04091    	24.99155    	10.299185912
20/11/2009  	24.714127   	28.33664    	26.42624    	10.234664818
21/11/2009  	25.703922   	27.83788    	26.62551    	10.394809783
22/11/2009  	25.271513   	28.10315    	26.89114    	10.519186000
23/11/2009  	22.409077   	28.38792    	25.22813    	10.314382613
24/11/2009  	23.684263   	28.61277    	25.17527    	10.197776198
25/11/2009  	24.920860   	30.62707    	28.89154    	10.129662255
26/11/2009  	27.961975   	30.41474    	29.60875    	 9.877163549
27/11/2009  	29.076244   	30.30378    	29.64347    	 9.313966413
28/11/2009  	27.610853   	29.93662    	29.01893    	 8.735042632
29/11/2009  	26.570238   	28.88801    	27.80799    	 8.542633692
30/11/2009  	26.300920   	28.84746    	27.61131    	 8.408228974
01/12/2009  	26.653690   	27.74032    	27.37779    	 8.151730657
02/12/2009  	23.018623   	27.53643    	26.52418    	 7.674773256
03/12/2009  	24.978456   	27.43924    	26.56139    	 7.787429104
04/12/2009  	24.108917   	26.66064    	25.43646    	 7.771167189
05/12/2009  	23.258015   	25.87044    	24.71895    	 7.600570261
06/12/2009  	23.543348   	25.01979    	24.28841    	 7.791124562
07/12/2009  	22.754129   	25.16147    	23.82692    	 7.883365512
08/12/2009  	23.065203   	25.63035    	23.92695    	 7.906627168
09/12/2009  	22.402634   	24.19971    	23.61237    	 7.797075202
10/12/2009  	19.229406   	24.97182    	22.87351    	 7.977693846
11/12/2009  	16.892973   	23.71937    	20.39201    	 7.905357122
12/12/2009  	16.004168   	21.86927    	19.36119    	 7.617839615
13/12/2009  	15.853695   	20.08813    	18.47943    	 7.095438093
14/12/2009  	15.550639   	20.04968    	18.48224    	 6.638379117
15/12/2009  	15.539551   	20.00097    	18.31705    	 6.013047149
16/12/2009  	15.788073   	19.38900    	18.46204    	 5.428166966
17/12/2009  	16.790083   	20.76203    	18.72465    	 5.048515668
18/12/2009  	15.295275   	19.98196    	18.60617    	 4.349143416
19/12/2009  	15.715460   	20.51573    	18.25649    	 3.716344357
20/12/2009  	18.824829   	21.23158    	19.54126    	 3.127463614
21/12/2009  	18.655251   	20.06115    	19.32308    	 2.842580567
22/12/2009  	18.945929   	20.68736    	19.83724    	 2.778498337
23/12/2009  	19.529270   	21.44914    	20.15382    	 2.783578758
24/12/2009  	20.084661   	23.03323    	21.41427    	 3.026082953
25/12/2009  	19.063709   	23.81888    	21.45203    	 3.037251011
26/12/2009  	19.771229   	22.97414    	21.52019    	 3.243762160
27/12/2009  	22.270746   	23.47772    	22.84652    	 3.717070843
28/12/2009  	22.543804   	24.22604    	23.36946    	 3.916151717
29/12/2009  	20.654112   	24.34230    	23.24318    	 3.658767536
30/12/2009  	19.686922   	25.15868    	22.81295    	 3.311522345
31/12/2009  	18.770748   	24.15381    	21.69852    	 2.893208131
01/01/2010  	16.969208   	22.53329    	19.97547    	 2.437290634
02/01/2010  	17.587740   	21.62102    	20.20915    	 2.226077691
03/01/2010  	17.650034   	21.58375    	19.84992    	 1.935542223
04/01/2010  	17.434830   	21.08748    	19.76629    	 1.715484887
05/01/2010  	17.263157   	21.11832    	19.23270    	 1.708451164
06/01/2010  	16.640295   	20.57808    	19.07848    	 1.685906636
07/01/2010  	16.899626   	20.24110    	19.00162    	 1.590664595
08/01/2010  	16.106133   	19.85422    	18.53994    	 1.312595129
09/01/2010  	10.118994   	19.35845    	16.18859    	 0.654154658
10/01/2010  	11.894712   	16.93357    	14.59966    	 0.292553525
11/01/2010  	14.173900   	19.10514    	17.15430    	 0.559937588
12/01/2010  	15.818583   	19.92256    	18.16495    	 0.624788860
13/01/2010  	16.071156   	22.23887    	19.77420    	 0.256562446
14/01/2010  	20.370283   	23.04866    	21.91520    	 0.548161395
15/01/2010  	21.091196   	22.57551    	22.03156    	 0.562677175
16/01/2010  	21.200521   	22.48025    	21.98110    	 0.612661639
17/01/2010  	21.795273   	23.53352    	22.55615    	 1.049939698
18/01/2010  	21.634737   	23.07198    	22.39498    	 1.225062411
19/01/2010  	20.176561   	22.69301    	21.76872    	 1.314976804
20/01/2010  	16.653107   	22.33897    	20.70233    	 1.171867842
21/01/2010  	17.931604   	21.72297    	20.67289    	 1.174483713
22/01/2010  	17.324200   	21.76451    	20.35830    	 1.039621367
23/01/2010  	20.007511   	22.47842    	21.67893    	 1.198577387
24/01/2010  	20.587801   	22.69237    	22.05987    	 1.214835654
25/01/2010  	19.804897   	22.03546    	21.44646    	 0.946882969
26/01/2010  	18.856834   	21.48683    	20.50195    	 0.334749376
27/01/2010  	18.780338   	21.08264    	20.25730    	 0.049594829
28/01/2010  	16.435062   	20.58009    	18.86038    	 0.331942063
29/01/2010  	15.820419   	18.94835    	17.58198    	 0.513425723
30/01/2010  	16.528904   	20.45829    	18.19349    	 0.528380825
31/01/2010  	17.132076   	19.79327    	18.54443    	 0.628094539
01/02/2010  	16.984861   	20.54823    	19.00191    	 0.763529481
02/02/2010  	18.244154   	20.92683    	19.44846    	 0.936048438
03/02/2010  	18.494055   	20.35202    	19.35105    	 1.048717041
04/02/2010  	16.920992   	19.97306    	19.28314    	 1.199761070
05/02/2010  	17.355968   	21.80967    	19.80975    	 1.366425380
06/02/2010  	16.786154   	21.07560    	19.72087    	 1.515039203
07/02/2010  	15.295057   	19.59275    	18.34230    	 1.447731122
08/02/2010  	16.051386   	19.98657    	18.25214    	 1.253343749
09/02/2010  	16.708319   	19.73672    	18.50878    	 0.900758846
10/02/2010  	15.409639   	19.38259    	17.60090    	 0.623505147
11/02/2010  	13.847383   	17.60702    	15.54797    	 0.329943908
12/02/2010  	14.015719   	18.40133    	15.90571    	 0.111743891
13/02/2010  	15.046440   	19.93151    	16.66277    	-0.007838487
14/02/2010  	15.647261   	21.49751    	17.82738    	-0.175042979
15/02/2010  	17.276785   	21.40828    	19.14278    	-0.384589899
16/02/2010  	18.309790   	22.14876    	20.25098    	-0.430507666
17/02/2010  	20.154305   	21.82737    	20.91425    	-0.363886082
18/02/2010  	20.131569   	21.47974    	21.04933    	-0.175328488
19/02/2010  	20.619131   	22.15601    	21.30651    	 0.292587284
20/02/2010  	21.063383   	22.11714    	21.55415    	 0.574648637
21/02/2010  	20.600945   	22.26106    	21.17080    	 0.589809755
22/02/2010  	21.211746   	23.01276    	21.79760    	 1.049506720
23/02/2010  	20.276917   	22.38953    	21.56501    	 1.141677048
24/02/2010  	21.298241   	23.70864    	22.42918    	 1.363952560
25/02/2010  	22.432568   	24.16159    	23.42939    	 1.818487850
26/02/2010  	22.646736   	24.21856    	23.71614    	 2.206150482
27/02/2010  	19.074823   	23.99755    	22.48263    	 2.567582369
28/02/2010  	22.117725   	23.97972    	22.90819    	 2.727422843
01/03/2010  	21.708733   	23.24163    	22.61411    	 2.885259375
02/03/2010  	19.033678   	23.05009    	21.96977    	 2.930919906
03/03/2010  	16.614983   	22.64065    	20.45644    	 2.937348535
04/03/2010  	13.735510   	22.16768    	18.29311    	 2.941445192
05/03/2010  	13.818588   	20.80506    	16.87743    	 2.893490056
06/03/2010  	12.392734   	18.45347    	15.46274    	 2.699756111
07/03/2010  	12.795169   	19.71858    	16.12080    	 2.499733826
08/03/2010  	11.797142   	18.20141    	15.40393    	 2.363368273
09/03/2010  	13.422136   	18.33482    	15.92284    	 2.344927490
10/03/2010  	15.138997   	18.59551    	16.76679    	 2.344041104
11/03/2010  	14.072291   	17.99541    	16.40434    	 2.338957270
12/03/2010  	13.366942   	17.82054    	15.14094    	 2.473877981
13/03/2010  	12.412074   	16.00613    	14.69873    	 2.664525176
14/03/2010  	11.948275   	15.58588    	14.02070    	 3.012399748
15/03/2010  	11.600451   	16.45513    	13.69637    	 3.340613738
16/03/2010  	13.344546   	19.04627    	15.06540    	 3.673300276
17/03/2010  	14.224879   	18.74284    	16.25586    	 3.953836848
18/03/2010  	14.793444   	18.82010    	16.91524    	 4.271870861
19/03/2010  	15.596021   	19.72573    	17.74717    	 4.662299295
20/03/2010  	17.456249   	19.81156    	18.83600    	 5.057527304
21/03/2010  	16.934565   	19.76609    	18.60476    	 5.504793386
22/03/2010  	16.720573   	19.30721    	18.39964    	 5.699548483
23/03/2010  	16.941772   	20.81116    	18.74560    	 5.873552521
24/03/2010  	17.069124   	20.82210    	19.15738    	 6.095107446
25/03/2010  	17.648516   	21.71568    	19.84757    	 6.418924689
26/03/2010  	17.923637   	21.50610    	20.39819    	 6.704295278
27/03/2010  	17.495436   	21.90428    	20.33042    	 6.834344695
28/03/2010  	18.213955   	21.25368    	20.20783    	 7.048577458
29/03/2010  	17.524551   	21.87241    	19.83976    	 7.218456964
30/03/2010  	17.301462   	22.52105    	20.12444    	 7.365996857
31/03/2010  	19.810863   	23.99126    	22.26188    	 7.227224916
01/04/2010  	21.893732   	23.83900    	22.89485    	 6.925690383
02/04/2010  	22.365805   	24.35229    	22.94814    	 6.803069949
03/04/2010  	20.991713   	24.51380    	23.44639    	 6.869902949
04/04/2010  	19.265764   	24.96507    	22.71402    	 7.100177924
05/04/2010  	18.809193   	23.33828    	21.68278    	 7.242293745
06/04/2010  	18.437916   	24.74243    	21.91609    	 7.448673119
07/04/2010  	20.014633   	24.76201    	22.70256    	 7.716507733
08/04/2010  	19.100813   	23.48887    	21.75312    	 8.087574800
09/04/2010  	19.256451   	22.37030    	20.94464    	 8.492807011
10/04/2010  	19.313845   	22.12094    	20.70447    	 8.843808194
11/04/2010  	16.859709   	20.88354    	19.62034    	 8.965420802
12/04/2010  	16.487019   	20.07335    	18.40891    	 8.961369912
13/04/2010  	16.102951   	19.94494    	18.08981    	 8.987455984
14/04/2010  	16.661228   	20.64552    	18.47661    	 9.026270131
15/04/2010  	17.316425   	20.47202    	19.06371    	 9.045696835
16/04/2010  	17.595369   	20.58106    	19.17074    	 9.101071974
17/04/2010  	17.530687   	21.86574    	19.52344    	 9.307180981
18/04/2010  	18.791431   	22.00234    	20.30202    	 9.573383272
19/04/2010  	19.072655   	21.77790    	20.45944    	 9.761295319
20/04/2010  	19.347536   	23.18802    	21.11128    	 9.868559341
21/04/2010  	18.314756   	21.41853    	20.12289    	 9.589533885
22/04/2010  	18.624754   	21.87649    	20.29374    	 9.322753112
23/04/2010  	20.160425   	24.18509    	21.63300    	 9.459097028
24/04/2010  	20.824482   	24.01437    	22.23999    	 9.698572079
25/04/2010  	20.696398   	24.76220    	22.89310    	 9.909853439
26/04/2010  	21.974749   	24.34912    	23.31155    	10.209025264
27/04/2010  	21.661081   	24.09790    	23.21767    	10.566514512
28/04/2010  	21.532696   	24.70064    	23.26343    	10.916026413
29/04/2010  	22.136332   	25.01635    	23.66836    	11.323301613
30/04/2010  	22.703695   	24.94547    	24.12291    	11.674907982
01/05/2010  	22.837778   	24.82568    	24.12943    	11.841695348
02/05/2010  	20.564743   	24.87791    	23.61814    	11.828249514
03/05/2010  	16.945915   	23.53219    	20.04106    	11.224602163
04/05/2010  	18.689602   	21.01431    	19.58439    	10.667151610
05/05/2010  	17.612587   	23.23148    	20.05826    	10.415651143
06/05/2010  	17.339836   	23.85890    	20.52655    	10.323942979
07/05/2010  	18.956427   	24.13400    	21.19642    	10.135103822
08/05/2010  	21.536400   	24.50976    	22.99885    	10.159675976
09/05/2010  	22.158262   	23.80379    	23.02503    	10.290003339
10/05/2010  	22.207867   	24.02628    	23.01200    	10.412259261
11/05/2010  	21.316059   	23.77378    	22.66409    	10.410798172
12/05/2010  	19.632849   	22.92451    	21.57432    	10.051856697
13/05/2010  	19.057095   	24.23373    	20.95419    	 9.776871006
14/05/2010  	19.627588   	25.14468    	22.19771    	 9.842119634
15/05/2010  	20.802011   	24.87135    	22.78002    	10.077241381
16/05/2010  	21.302082   	24.77579    	22.88551    	10.280323426
17/05/2010  	21.254509   	25.60062    	23.36494    	10.613245408
18/05/2010  	19.763374   	24.37429    	22.60560    	11.101243933
19/05/2010  	18.273096   	24.97768    	21.58431    	11.606876095
20/05/2010  	18.425058   	25.63167    	21.92908    	12.246249656
21/05/2010  	17.969526   	25.34060    	21.58718    	13.011682808
22/05/2010  	17.565737   	24.40063    	20.78881    	13.645280143
23/05/2010  	19.084528   	25.12261    	21.52406    	14.262176573
24/05/2010  	20.290716   	24.87025    	22.28479    	14.856679221
25/05/2010  	20.465227   	23.40582    	22.18835    	15.101702809
26/05/2010  	20.105724   	24.86721    	22.33179    	15.083581309
27/05/2010  	20.086662   	25.83820    	22.94727    	14.961130242
28/05/2010  	21.201071   	26.04849    	23.50993    	15.046658893
29/05/2010  	21.477394   	25.88239    	23.94144    	14.990170280
30/05/2010  	23.131718   	26.80794    	25.21290    	14.958226303
31/05/2010  	23.107666   	25.75250    	24.81198    	14.879541596
01/06/2010  	22.650299   	26.36432    	24.37332    	15.004560451
02/06/2010  	21.315582   	26.12912    	23.97829    	15.291956425
03/06/2010  	21.390453   	26.40820    	23.75933    	15.677041272
04/06/2010  	22.221268   	26.10163    	24.01438    	16.060233215
05/06/2010  	22.879211   	25.89651    	24.51775    	16.437376340
06/06/2010  	23.743595   	26.09706    	24.99288    	16.786229571
07/06/2010  	24.373272   	26.11871    	25.34960    	16.920394659
08/06/2010  	24.432844   	25.86058    	25.15719    	17.071442048
09/06/2010  	24.231415   	25.66263    	24.89588    	17.388368964
10/06/2010  	22.652815   	24.95068    	24.16056    	17.651775837
11/06/2010  	21.970800   	24.65517    	23.59637    	17.981740912
12/06/2010  	21.564981   	24.50671    	23.34457    	17.913712780
13/06/2010  	20.475319   	23.68932    	22.32529    	17.763615727
14/06/2010  	19.458889   	25.23923    	22.31191    	17.896996617
15/06/2010  	17.643576   	23.57403    	21.11080    	17.582618753
16/06/2010  	18.274349   	24.09203    	20.65011    	17.263995926
17/06/2010  	19.732161   	25.01763    	21.88390    	17.039769769
18/06/2010  	21.324873   	25.39412    	22.81887    	16.771572669
19/06/2010  	22.181120   	24.07709    	23.15108    	15.922092358
20/06/2010  	23.209440   	27.19781    	25.22699    	14.789231579
21/06/2010  	25.912483   	28.00736    	27.07816    	14.366745929
22/06/2010  	26.861418   	28.16000    	27.63332    	14.748732805
23/06/2010  	27.478569   	28.60451    	27.87460    	15.415100813
24/06/2010  	27.676096   	28.49214    	28.08469    	16.097042521
25/06/2010  	27.630838   	28.44605    	28.06891    	16.584447384
26/06/2010  	27.272213   	28.51657    	27.96929    	17.200449268
27/06/2010  	27.148811   	29.04259    	28.25172    	17.776553154
28/06/2010  	27.006907   	29.18901    	28.25591    	18.751796842
29/06/2010  	26.969687   	29.13191    	28.34606    	19.346714973
30/06/2010  	27.231474   	29.07932    	28.36848    	19.642032584
01/07/2010  	26.674582   	29.14434    	28.31302    	19.981461604
02/07/2010  	26.947485   	29.48190    	28.53749    	20.404030561
03/07/2010  	26.775560   	29.12729    	28.39241    	20.892670671
04/07/2010  	27.096624   	29.04300    	28.30604    	21.224501451
05/07/2010  	27.069683   	29.31613    	28.43303    	21.341572682
06/07/2010  	26.636786   	29.13396    	28.14312    	21.389812907
07/07/2010  	26.782875   	28.92589    	28.26773    	21.098154942
08/07/2010  	27.752516   	29.42161    	28.72773    	21.000514309
09/07/2010  	27.853729   	29.28560    	28.74724    	21.299584508
10/07/2010  	27.846962   	29.31997    	28.76484    	21.812738856
11/07/2010  	27.776073   	29.17934    	28.63398    	22.178061565
12/07/2010  	27.661245   	29.35743    	28.73215    	22.208685795
13/07/2010  	27.938824   	29.58364    	28.92660    	22.082968831
14/07/2010  	27.701004   	29.47797    	28.86647    	22.314206402
15/07/2010  	27.479933   	29.38384    	28.72608    	21.895610491
16/07/2010  	27.158922   	29.04383    	28.44477    	21.093297084
17/07/2010  	27.491056   	28.86204    	28.17748    	20.663946509
18/07/2010  	27.586931   	28.33932    	27.96206    	20.475573699
19/07/2010  	27.522219   	28.26548    	27.96991    	20.607886036
20/07/2010  	27.436285   	28.32010    	27.98599    	20.883355578
21/07/2010  	27.659994   	28.46680    	28.15705    	21.025854985
22/07/2010  	27.652187   	28.47678    	28.23320    	21.056815823
23/07/2010  	26.365740   	28.57032    	28.01016    	21.127554615
24/07/2010  	25.349300   	28.37740    	27.09873    	20.976817608
25/07/2010  	25.464695   	28.04647    	27.12907    	20.905326486
26/07/2010  	24.362396   	27.97954    	26.89177    	20.808468143
27/07/2010  	23.939253   	27.41275    	26.03718    	20.712907553
28/07/2010  	23.469378   	27.50863    	25.90821    	20.785768906
29/07/2010  	22.813395   	26.79575    	25.30161    	20.704720259
30/07/2010  	22.417608   	26.40019    	24.65744    	20.542267879
31/07/2010  	22.448694   	27.96617    	25.49909    	20.422691107
01/08/2010  	23.109251   	27.75213    	25.72054    	20.394769748
02/08/2010  	23.290243   	27.43151    	25.53443    	20.566559911
03/08/2010  	23.554115   	26.68289    	25.40633    	20.604942958
04/08/2010  	24.771639   	27.56508    	26.12675    	20.473924756
05/08/2010  	24.385551   	26.95651    	25.99311    	20.155086716
06/08/2010  	24.031765   	26.52194    	25.46675    	20.104329944
07/08/2010  	24.538998   	26.51573    	25.63532    	20.042190075
08/08/2010  	23.179445   	26.42522    	25.52302    	19.969723940
09/08/2010  	22.252310   	25.34293    	24.12844    	20.024565895
10/08/2010  	22.756622   	26.05621    	24.85876    	20.021171451
11/08/2010  	22.694410   	26.35143    	25.19068    	19.990778089
12/08/2010  	21.968996   	25.79917    	24.45994    	19.958383799
13/08/2010  	21.753330   	26.05640    	24.31132    	19.776465813
14/08/2010  	21.087465   	25.70418    	23.82812    	19.884408593
15/08/2010  	17.635408   	24.32352    	21.74708    	19.720864733
16/08/2010  	18.034071   	23.65748    	20.77098    	19.500912587
17/08/2010  	20.131840   	23.16806    	21.68934    	19.506584326
18/08/2010  	20.404881   	22.55151    	21.37406    	19.260379195
19/08/2010  	19.434834   	21.83279    	20.83503    	18.978147388
20/08/2010  	19.487738   	22.42857    	20.80923    	18.916222533
21/08/2010  	19.084179   	21.94743    	20.47644    	19.056585391
22/08/2010  	19.750734   	21.87880    	20.48313    	19.248440226
23/08/2010  	19.919632   	22.43420    	21.22677    	19.329901934
24/08/2010  	18.114414   	21.53965    	20.21890    	18.945515315
25/08/2010  	19.253176   	21.70542    	20.74436    	18.381873806
26/08/2010  	20.549707   	22.67894    	21.81668    	17.998653015
27/08/2010  	21.593342   	23.56952    	22.42820    	17.658455729
28/08/2010  	19.608448   	22.75396    	21.47847    	17.118328452
29/08/2010  	18.801828   	22.50677    	20.28298    	16.721746882
30/08/2010  	17.118706   	20.89645    	19.79235    	16.012064437
31/08/2010  	16.009626   	21.38843    	18.72677    	15.710048834
01/09/2010  	17.078459   	21.05638    	18.90755    	15.764045715
02/09/2010  	16.334108   	20.40074    	18.53400    	15.853197694
03/09/2010  	14.977726   	19.20759    	17.67122    	16.003041844
04/09/2010  	14.789677   	19.18304    	17.24442    	16.222539504
05/09/2010  	14.203776   	18.28935    	16.84226    	16.333174030
06/09/2010  	13.234147   	18.31726    	16.59307    	16.197693547
07/09/2010  	14.100453   	20.74924    	18.64016    	15.604796092
08/09/2010  	17.219677   	21.23527    	19.75998    	15.510911226
09/09/2010  	18.556263   	21.74917    	20.42371    	15.792533855
10/09/2010  	18.268938   	20.81980    	19.94854    	15.954179784
11/09/2010  	18.471489   	20.84949    	20.01892    	16.196425895
12/09/2010  	18.343590   	20.31770    	19.84109    	16.508308530
13/09/2010  	17.379028   	20.34808    	19.29142    	16.434217572
14/09/2010  	15.304969   	20.07606    	18.59118    	16.459303737
15/09/2010  	13.224712   	19.58586    	17.11414    	16.122759104
16/09/2010  	13.065166   	19.38951    	17.20931    	15.531360586
17/09/2010  	15.855551   	19.81622    	18.43006    	15.012085497
18/09/2010  	17.905130   	20.65889    	19.11782    	14.194109321
19/09/2010  	17.845278   	20.32017    	19.28450    	13.893673698
20/09/2010  	17.117792   	20.05090    	18.50735    	14.077724417
21/09/2010  	17.020189   	19.53131    	18.60056    	14.338402311
22/09/2010  	16.545084   	19.03680    	18.22517    	14.558482150
23/09/2010  	16.286718   	19.54910    	18.35896    	14.888574759
24/09/2010  	15.958272   	19.42765    	18.06595    	15.158727129
25/09/2010  	14.896077   	18.41041    	16.88143    	14.623685261
26/09/2010  	15.341114   	19.16161    	17.13084    	14.427757104
27/09/2010  	14.789387   	18.78826    	17.09855    	14.455098927
28/09/2010  	15.213361   	18.93064    	17.21445    	14.462724964
29/09/2010  	14.663072   	18.71389    	17.06788    	14.206085205
30/09/2010  	14.243828   	19.80574    	17.79204    	13.843200127
01/10/2010  	17.699007   	19.88942    	18.68696    	13.802873890
02/10/2010  	18.417156   	21.20433    	19.59208    	13.936567068
03/10/2010  	20.035746   	21.40578    	20.76384    	14.519502699
04/10/2010  	20.707790   	22.59278    	21.83746    	15.018022497
05/10/2010  	20.642086   	22.61545    	21.89537    	15.296628674
06/10/2010  	20.757418   	22.95932    	22.10642    	15.492301166
07/10/2010  	20.359684   	22.37838    	21.90196    	15.507030169
08/10/2010  	18.224928   	22.70877    	21.20105    	15.520327965
09/10/2010  	17.305080   	22.05076    	20.36324    	15.282156289
10/10/2010  	17.853838   	21.84771    	20.26014    	14.904663066
11/10/2010  	16.512320   	20.69246    	19.04398    	14.307326714
12/10/2010  	15.386038   	19.58428    	17.65689    	13.864057302
13/10/2010  	15.312139   	18.46285    	17.05102    	13.587587575
14/10/2010  	14.967751   	19.52514    	16.97835    	13.440761745
15/10/2010  	14.847805   	17.87464    	16.31266    	13.194711566
16/10/2010  	14.277143   	17.27560    	15.64845    	12.644747535
17/10/2010  	15.965363   	21.52376    	18.88729    	12.165839295
18/10/2010  	17.683134   	21.15503    	19.25578    	11.623441299
19/10/2010  	18.411322   	19.92514    	19.34038    	11.324875772
20/10/2010  	17.807743   	19.63111    	18.89531    	10.939644933
21/10/2010  	17.744946   	19.60773    	18.68298    	10.187797705
22/10/2010  	16.471743   	20.13244    	18.57353    	 9.779429436
23/10/2010  	17.469727   	22.15887    	19.29206    	 9.548854570
24/10/2010  	18.075645   	20.05970    	19.09232    	 9.320247789
25/10/2010  	17.572668   	19.73732    	18.92799    	 8.912036757
26/10/2010  	17.370556   	20.83487    	18.66804    	 8.488724748
27/10/2010  	17.621706   	21.32415    	19.30901    	 8.508935253
28/10/2010  	18.076931   	21.15936    	18.93098    	 8.858132223
29/10/2010  	18.748692   	21.29596    	19.26168    	 9.110412558
30/10/2010  	19.440075   	21.88508    	20.75183    	 9.667537749
31/10/2010  	20.317080   	22.86422    	21.67583    	 9.966639201
01/11/2010  	19.706501   	23.42672    	21.80628    	10.051526129
02/11/2010  	20.554167   	22.54012    	21.90212    	10.178400596
03/11/2010  	19.995434   	24.08067    	21.81683    	10.510447482
04/11/2010  	19.166927   	22.01358    	20.90810    	10.794197679
05/11/2010  	18.213280   	22.80939    	20.84134    	11.319831610
06/11/2010  	20.666311   	22.64988    	21.58378    	11.315400422
07/11/2010  	19.944284   	22.41140    	21.54056    	11.013865312
08/11/2010  	18.527515   	23.61528    	21.42771    	10.361345967
09/11/2010  	17.588146   	24.50272    	21.82538    	 9.501915812
10/11/2010  	17.231840   	23.58644    	20.73344    	 8.882702152
11/11/2010  	18.844271   	22.87748    	20.95140    	 8.220868816
12/11/2010  	12.438695   	25.17857    	20.32181    	 8.219674697
13/11/2010  	18.050636   	21.73932    	19.47012    	 8.088857085
14/11/2010  	19.761011   	23.95683    	21.25275    	 8.440902710
15/11/2010  	20.727839   	23.11437    	21.76788    	 8.481564562
16/11/2010  	19.674311   	23.03941    	21.51537    	 8.330658416
17/11/2010  	16.863960   	23.08266    	21.45615    	 8.081124316
18/11/2010  	17.114815   	23.56267    	21.81100    	 7.852562169
19/11/2010  	18.328131   	22.69703    	21.11388    	 7.693823983
20/11/2010  	17.654203   	22.03224    	20.27811    	 7.619963080
21/11/2010  	16.924856   	21.67605    	19.56207    	 7.483085424
22/11/2010  	15.246132   	20.06977    	18.28879    	 7.155226469
23/11/2010  	14.038686   	19.38608    	16.74104    	 6.776122322
24/11/2010  	13.841014   	20.23514    	16.22295    	 6.379978677
25/11/2010  	15.663038   	20.28190    	17.69817    	 6.132857909
26/11/2010  	16.411707   	20.71746    	18.43647    	 5.752957453
27/11/2010  	16.649679   	20.86710    	18.82618    	 5.349256843
28/11/2010  	14.960745   	21.03731    	18.71320    	 4.813190291
29/11/2010  	15.718248   	20.51566    	18.64854    	 4.073430762
30/11/2010  	16.430313   	20.56951    	18.78166    	 3.382623995
01/12/2010  	16.144901   	20.77196    	18.79035    	 2.396101517
02/12/2010  	17.493414   	21.35033    	20.49360    	 1.829979410
03/12/2010  	19.734385   	21.61174    	20.97784    	 1.763141525
04/12/2010  	19.989969   	22.92320    	21.66846    	 1.694469700
05/12/2010  	21.427921   	23.29966    	22.34499    	 1.853593295
06/12/2010  	21.690365   	23.02182    	22.50634    	 1.957334543
07/12/2010  	21.580683   	23.25385    	22.56688    	 1.856130342
08/12/2010  	21.352732   	23.18403    	22.47536    	 1.757519270
09/12/2010  	18.536276   	22.71554    	21.21264    	 1.576145341
10/12/2010  	18.314177   	21.64203    	19.87296    	 1.422194096
11/12/2010  	18.115284   	21.17878    	20.12952    	 2.033510961
12/12/2010  	19.144615   	25.29980    	21.01114    	 2.923640817
13/12/2010  	18.986294   	24.45105    	22.51496    	 3.149498175
14/12/2010  	17.752735   	23.75304    	21.41934    	 2.723784536
15/12/2010  	15.817944   	22.27916    	19.41408    	 2.322276165
16/12/2010  	17.020519   	22.07534    	19.26453    	 2.332228323
17/12/2010  	18.082275   	23.00470    	19.99977    	 2.179726154
18/12/2010  	19.177061   	22.83677    	21.23613    	 1.954062680
19/12/2010  	20.808599   	23.65134    	22.30241    	 1.408817256
20/12/2010  	21.149778   	22.99001    	22.08134    	 0.832270611
21/12/2010  	21.208176   	22.40245    	21.90611    	 0.489404704
22/12/2010  	19.846167   	22.41930    	21.65336    	 0.152006971
23/12/2010  	17.368790   	22.03782    	20.07437    	-0.002348753
24/12/2010  	16.345282   	20.15322    	18.34235    	-0.232499751
25/12/2010  	18.340199   	23.66737    	19.56315    	-0.428610547
26/12/2010  	19.735291   	24.67932    	21.32184    	-0.339997004
27/12/2010  	19.848900   	22.82322    	20.81214    	-0.179391912
28/12/2010  	20.256056   	22.69480    	21.11573    	-0.111802571
29/12/2010  	20.676441   	22.11003    	21.42151    	-0.064452239
30/12/2010  	19.207184   	22.03359    	21.13508    	-0.048135508
31/12/2010  	18.347076   	21.35130    	19.97730    	 0.125626463
01/01/2011  	18.129257   	20.27814    	19.26191    	 0.401977383
02/01/2011  	17.141068   	19.84071    	18.76955    	 0.600042592
03/01/2011  	16.633734   	21.36901    	18.63586    	 0.740795330
04/01/2011  	16.844654   	21.89429    	19.34666    	 0.879517816
05/01/2011  	19.065424   	21.11474    	19.92164    	 0.853989797
06/01/2011  	19.505262   	21.05064    	20.05445    	 0.863166633
07/01/2011  	18.466057   	21.18246    	20.06771    	 1.053595430
08/01/2011  	19.298122   	21.52063    	20.54698    	 1.714904733
09/01/2011  	19.777626   	21.43418    	20.58297    	 2.076594402
10/01/2011  	19.500238   	20.81201    	20.31666    	 1.955725340
11/01/2011  	19.369122   	21.44050    	20.35008    	 1.976159349
12/01/2011  	19.659122   	22.39814    	20.67083    	 2.113695470
13/01/2011  	19.662500   	21.66691    	20.42785    	 2.357153863
14/01/2011  	18.722486   	20.91373    	19.78617    	 2.863116607
15/01/2011  	16.791826   	20.61423    	18.88081    	 3.290171519
16/01/2011  	16.671015   	24.55529    	18.98489    	 3.771120225
17/01/2011  	17.935726   	24.10908    	20.34931    	 4.100606625
18/01/2011  	16.563272   	22.51399    	20.12581    	 4.141878933
19/01/2011  	14.619924   	19.95039    	17.85506    	 3.982225378
20/01/2011  	11.147280   	18.72233    	14.95709    	 3.641221012
21/01/2011  	10.165610   	18.53473    	14.06019    	 3.475366811
22/01/2011  	 8.543857   	17.02924    	12.41090    	 3.368492539
23/01/2011  	 6.893073   	16.54478    	11.15717    	 3.356801078
24/01/2011  	 7.295715   	15.64720    	10.42435    	 3.480228886
25/01/2011  	 7.308156   	15.91886    	10.71968    	 3.628069530
26/01/2011  	 8.799841   	15.64617    	11.82723    	 3.681877385
27/01/2011  	 7.648845   	14.61964    	11.75316    	 3.264207155
28/01/2011  	 8.153749   	14.58334    	11.97074    	 2.645145357
29/01/2011  	10.377052   	15.50836    	13.15452    	 2.260944617
30/01/2011  	10.751201   	15.04763    	13.32294    	 2.111927204
31/01/2011  	10.649220   	16.37291    	13.70005    	 2.053912180
01/02/2011  	11.765995   	17.73341    	14.64772    	 1.882089329
02/02/2011  	12.882435   	16.55653    	14.96267    	 1.962344984
03/02/2011  	14.405745   	17.96911    	15.51586    	 2.330231637
04/02/2011  	13.171907   	23.76066    	17.01301    	 3.132340382
05/02/2011  	13.982190   	26.85268    	19.40143    	 4.435033103
06/02/2011  	19.330612   	29.12622    	24.68596    	 5.417350501
07/02/2011  	21.601164   	28.24394    	25.50031    	 5.821541776
08/02/2011  	22.833223   	25.58883    	24.58932    	 5.664520582
09/02/2011  	20.901241   	25.04035    	23.72528    	 5.390938669
10/02/2011  	22.352491   	25.11667    	24.14677    	 5.296507190
11/02/2011  	20.727196   	24.65479    	23.31840    	 5.272856931
12/02/2011  	20.563314   	24.06292    	22.91640    	 4.993867626
13/02/2011  	21.427471   	24.67049    	23.48467    	 4.740452637
14/02/2011  	22.801704   	24.19689    	23.41107    	 4.681933333
15/02/2011  	22.743332   	23.64396    	23.10564    	 4.704095125
16/02/2011  	22.605865   	23.28381    	23.04662    	 4.708257834
17/02/2011  	21.081598   	23.19806    	22.82694    	 4.612201899
18/02/2011  	18.699587   	22.92454    	21.82762    	 4.278767198
19/02/2011  	17.455801   	22.57321    	21.20884    	 3.871396547
20/02/2011  	17.920450   	23.00543    	21.53002    	 3.282689507
21/02/2011  	19.585167   	22.98977    	22.01473    	 2.578217352
22/02/2011  	19.851215   	22.55881    	21.83246    	 1.962126873
23/02/2011  	20.204283   	22.44593    	21.90278    	 1.725048967
24/02/2011  	21.645445   	22.57095    	22.10540    	 1.717169158
25/02/2011  	21.337845   	22.56177    	22.15242    	 1.964860720
26/02/2011  	22.248602   	22.85199    	22.47098    	 2.442586040
27/02/2011  	21.631916   	23.12868    	22.59121    	 2.796738689
28/02/2011  	19.955397   	22.65129    	21.68233    	 2.872925078
01/03/2011  	16.710976   	21.52558    	19.92266    	 2.923688973
02/03/2011  	14.272040   	19.60489    	17.83962    	 2.846442272
03/03/2011  	14.577895   	18.91616    	17.06405    	 2.722366025
04/03/2011  	15.099552   	19.25454    	16.99720    	 2.644946923
05/03/2011  	15.303432   	18.89066    	17.25113    	 2.798057119
06/03/2011  	15.106539   	18.71404    	17.03216    	 2.866891434
07/03/2011  	15.542981   	20.35459    	17.95083    	 2.878624002
08/03/2011  	16.910904   	20.72230    	19.07130    	 2.935448771
09/03/2011  	18.525949   	20.67782    	19.90860    	 3.183426519
10/03/2011  	17.715994   	20.29608    	19.11489    	 3.553263749
11/03/2011  	16.963112   	19.39161    	18.49615    	 3.832124785
12/03/2011  	18.021313   	20.11890    	18.97152    	 3.917584588
13/03/2011  	19.119484   	21.42573    	20.34374    	 4.233958284
14/03/2011  	19.180490   	21.59402    	20.55117    	 4.529234280
15/03/2011  	19.614349   	22.01236    	20.77546    	 4.901937236
16/03/2011  	20.336788   	23.07878    	21.71066    	 5.252534568
17/03/2011  	19.949707   	22.73411    	21.53759    	 5.462956856
18/03/2011  	19.977434   	22.12164    	21.16845    	 5.588500341
19/03/2011  	19.777443   	21.47437    	20.87664    	 5.702264329
20/03/2011  	19.525381   	21.70950    	20.67497    	 5.868225942
21/03/2011  	19.737055   	22.43801    	21.03813    	 6.003940562
22/03/2011  	19.651884   	22.38145    	21.15520    	 6.235138247
23/03/2011  	19.218334   	22.34023    	20.97169    	 6.537690868
24/03/2011  	19.526186   	23.04720    	21.23982    	 6.839732677
25/03/2011  	19.929882   	22.73879    	21.39012    	 7.143756886
26/03/2011  	20.201319   	22.64215    	21.58235    	 7.320242206
27/03/2011  	20.285761   	23.97680    	21.91830    	 7.247028450
28/03/2011  	21.203672   	23.18634    	22.32898    	 7.256652941
29/03/2011  	21.567024   	23.89182    	22.78371    	 7.311333686
30/03/2011  	22.089312   	24.14627    	23.21234    	 7.479735881
31/03/2011  	22.706623   	25.06898    	23.86503    	 7.687081178
01/04/2011  	23.407768   	24.77042    	24.25741    	 7.994479030
02/04/2011  	23.705112   	24.79535    	24.32660    	 8.326086283
03/04/2011  	24.219454   	24.88025    	24.60442    	 8.601678550
04/04/2011  	24.308262   	25.03726    	24.69493    	 8.802662194
05/04/2011  	24.291273   	25.19515    	24.76156    	 8.895712316
06/04/2011  	24.596401   	25.23109    	24.91815    	 9.120685716
07/04/2011  	24.348423   	25.22584    	24.88341    	 9.442683876
08/04/2011  	24.267813   	25.30890    	24.88535    	 9.573263009
09/04/2011  	24.311342   	25.32534    	24.90468    	 9.804737111
10/04/2011  	24.344452   	25.34579    	24.93336    	10.076819917
11/04/2011  	24.560915   	25.41142    	25.09694    	10.445861141
12/04/2011  	24.364323   	25.48455    	24.97821    	10.596351683
13/04/2011  	24.378841   	25.35286    	24.90483    	10.526589672
14/04/2011  	24.610682   	25.45362    	24.92794    	10.474695186
15/04/2011  	24.885363   	25.46623    	25.16855    	10.675849239
16/04/2011  	24.993999   	26.52842    	25.44570    	10.850040952
17/04/2011  	25.018909   	26.33561    	25.74330    	11.096001645
18/04/2011  	24.986355   	26.48135    	25.89417    	11.386507372
19/04/2011  	25.072098   	26.79514    	26.12765    	11.686275999
20/04/2011  	25.319187   	27.00624    	26.31175    	12.112424314
21/04/2011  	25.403809   	26.81200    	26.25192    	12.522951384
22/04/2011  	25.491251   	27.01884    	26.44048    	12.971220076
23/04/2011  	25.670301   	27.27121    	26.62299    	13.383739233
24/04/2011  	25.894161   	27.29370    	26.72292    	13.836628099
25/04/2011  	25.991972   	27.25280    	26.69476    	14.257737835
26/04/2011  	25.766043   	27.12833    	26.56373    	14.386865517
27/04/2011  	25.747807   	26.76673    	26.23531    	14.160015047
28/04/2011  	25.814299   	27.01748    	26.33819    	13.707079649
29/04/2011  	26.218130   	28.22644    	27.01031    	13.448025584
30/04/2011  	26.446894   	29.19847    	27.81218    	13.109278083
01/05/2011  	27.283413   	29.04042    	28.38466    	12.805497150
02/05/2011  	27.406265   	29.06122    	28.38672    	12.638487518
03/05/2011  	27.735947   	29.07384    	28.43817    	12.272996644
04/05/2011  	27.894096   	28.92769    	28.49123    	12.167723437
05/05/2011  	28.203659   	29.06950    	28.68128    	11.888182322
06/05/2011  	28.419767   	29.58444    	28.97740    	11.928690414
07/05/2011  	28.560976   	29.98406    	29.31856    	12.246745924
08/05/2011  	28.752131   	30.44984    	29.79848    	12.603564819
09/05/2011  	29.420387   	30.42061    	30.06114    	12.996645570
10/05/2011  	29.683207   	30.41022    	30.09269    	13.337798138
11/05/2011  	29.696806   	30.37391    	30.09918    	13.867197533
12/05/2011  	29.735363   	30.36782    	30.10136    	14.401168346
13/05/2011  	29.655350   	30.34576    	30.10313    	14.658543408
14/05/2011  	29.666265   	30.31666    	30.10967    	14.886319379
15/05/2011  	29.665560   	30.29331    	30.07419    	14.921759228
16/05/2011  	29.792738   	30.58421    	30.16700    	14.827781856
17/05/2011  	30.090139   	30.67898    	30.31964    	14.703487794
18/05/2011  	30.200327   	30.83327    	30.48554    	14.769977629
19/05/2011  	30.252851   	30.90159    	30.54050    	15.032666445
20/05/2011  	30.308342   	31.02294    	30.69324    	15.225801865
21/05/2011  	30.507690   	31.29662    	30.83660    	15.632053713
22/05/2011  	30.410633   	31.36090    	30.87917    	15.989155233
23/05/2011  	30.295151   	31.25853    	30.80871    	16.046142717
24/05/2011  	30.223021   	31.18252    	30.71567    	15.781021078
25/05/2011  	30.217813   	31.34706    	30.85319    	15.759633581
26/05/2011  	30.337561   	31.26664    	30.78714    	15.796551009
27/05/2011  	28.651466   	30.94554    	30.08909    	15.260828455
28/05/2011  	29.023069   	30.83123    	30.14143    	15.072970510
29/05/2011  	28.644018   	30.41637    	29.71731    	14.739681522
30/05/2011  	29.270451   	30.22762    	29.86423    	15.030487438
31/05/2011  	29.549473   	30.04464    	29.83399    	15.487970769
01/06/2011  	29.749336   	30.36020    	29.92149    	15.735046585
02/06/2011  	29.852350   	30.34694    	30.06003    	16.262316306
03/06/2011  	30.085066   	30.98090    	30.31148    	16.664668481
04/06/2011  	30.243793   	31.06655    	30.51014    	17.159162482
05/06/2011  	30.421097   	31.21863    	30.71391    	17.438920498
06/06/2011  	30.486204   	31.10392    	30.70922    	17.443410834
07/06/2011  	29.655161   	30.85108    	30.54169    	17.530871471
08/06/2011  	28.271317   	30.79466    	30.21592    	17.631099939
09/06/2011  	29.032127   	30.92160    	30.25989    	17.457842628
10/06/2011  	29.248007   	30.79676    	30.29963    	17.496456822
11/06/2011  	29.355270   	30.74010    	30.34986    	17.362580578
12/06/2011  	29.395613   	30.64874    	30.18759    	17.256377300
13/06/2011  	29.459925   	30.49732    	30.09986    	17.162278811
14/06/2011  	28.731873   	30.32769    	29.84897    	17.434002558
15/06/2011  	28.455652   	30.27396    	29.62984    	17.740037441
16/06/2011  	28.543907   	30.15105    	29.66935    	17.840734998
17/06/2011  	28.539324   	30.08234    	29.66896    	17.799715082
18/06/2011  	28.620213   	30.19203    	29.78931    	17.357668161
19/06/2011  	28.999643   	30.16618    	29.79538    	16.823023160
20/06/2011  	28.889042   	30.06627    	29.61605    	16.952466170
21/06/2011  	28.889318   	29.81229    	29.48153    	17.221014818
22/06/2011  	27.275452   	29.78804    	29.28010    	17.078592420
23/06/2011  	27.104877   	29.67055    	28.40334    	16.921823780
24/06/2011  	27.054829   	29.44923    	28.26445    	17.011209170
25/06/2011  	27.392433   	29.04408    	28.19378    	16.972808043
26/06/2011  	27.315536   	28.54389    	27.77188    	17.422755281
27/06/2011  	27.605963   	28.28469    	27.86505    	18.091925343
28/06/2011  	27.713060   	28.18795    	27.97722    	18.719574253
29/06/2011  	24.988972   	28.28438    	27.39465    	19.252984643
30/06/2011  	22.363169   	26.88447    	24.98594    	19.298106273
01/07/2011  	21.222300   	25.63701    	23.70900    	19.119733532
02/07/2011  	20.307747   	25.44362    	23.06133    	18.570474505
03/07/2011  	20.354450   	23.82739    	22.07991    	17.941808621
04/07/2011  	21.122087   	25.93697    	23.17093    	17.528038065
05/07/2011  	22.101522   	26.42864    	24.17539    	17.569891850
06/07/2011  	23.262716   	28.08287    	25.47645    	17.870908300
07/07/2011  	24.612425   	27.29430    	26.26573    	18.034891287
08/07/2011  	25.309900   	27.09456    	26.51737    	18.280320048
09/07/2011  	25.866041   	27.19062    	26.77222    	18.482261539
10/07/2011  	26.421591   	27.13099    	26.83279    	18.589107037
11/07/2011  	25.721066   	27.15221    	26.54794    	19.044364492
12/07/2011  	24.606815   	26.76824    	26.05901    	19.248245001
13/07/2011  	21.250048   	25.76935    	23.67205    	18.333837827
14/07/2011  	21.018158   	25.22959    	22.98538    	17.810886780
15/07/2011  	22.322813   	25.54617    	23.47046    	17.532602787
16/07/2011  	23.675905   	25.92196    	24.61628    	17.582052509
17/07/2011  	22.866560   	26.05780    	24.61507    	17.657849828
18/07/2011  	20.356710   	25.22660    	23.29428    	17.417548219
19/07/2011  	20.640036   	24.75390    	22.49833    	17.266364694
20/07/2011  	21.462164   	23.99040    	22.56235    	17.541917324
21/07/2011  	21.466759   	23.85959    	22.75249    	17.921642780
22/07/2011  	19.656954   	23.40260    	21.68827    	17.875734687
23/07/2011  	19.053345   	22.44159    	20.48935    	17.151764035
24/07/2011  	19.374784   	23.71215    	21.60675    	16.097157896
25/07/2011  	20.930582   	25.15932    	23.46930    	15.574112713
26/07/2011  	21.744352   	24.38583    	23.02213    	15.837872565
27/07/2011  	21.592289   	23.66358    	22.48896    	16.413776100
28/07/2011  	20.124399   	22.61933    	21.46222    	16.994300644
29/07/2011  	18.735136   	21.63286    	20.44383    	17.117611567
30/07/2011  	17.902872   	21.33899    	19.95095    	16.935875177
31/07/2011  	17.311506   	23.09950    	19.87615    	16.858267784
01/08/2011  	17.965279   	24.52378    	20.97788    	17.065950553
02/08/2011  	19.227016   	23.89496    	21.54688    	17.382272482
03/08/2011  	20.029461   	23.80989    	21.96584    	17.827754617
04/08/2011  	20.228464   	23.36169    	22.10697    	18.327542464
05/08/2011  	20.084707   	23.43661    	22.14030    	18.834249298
06/08/2011  	19.913807   	23.20197    	21.94810    	19.169421872
07/08/2011  	20.843346   	23.68510    	22.63005    	19.164440989
08/08/2011  	21.338581   	23.37028    	22.37690    	18.792547941
09/08/2011  	20.280069   	22.73199    	21.80879    	18.022619883
10/08/2011  	20.435757   	23.24078    	21.92170    	17.083580812
11/08/2011  	18.225529   	22.71554    	20.76166    	16.982326825
12/08/2011  	19.611013   	22.31196    	21.17883    	17.234614650
13/08/2011  	19.811251   	21.50292    	20.97204    	17.567478299
14/08/2011  	18.895334   	22.75498    	20.95635    	17.767173807
15/08/2011  	18.957853   	21.94337    	20.81753    	18.030361931
16/08/2011  	18.915546   	22.19626    	20.89645    	18.142656803
17/08/2011  	18.416172   	22.84233    	20.91916    	18.240288019
18/08/2011  	17.137964   	21.71832    	19.69352    	18.245465000
19/08/2011  	16.359213   	21.17286    	19.16290    	18.156732202
20/08/2011  	17.268810   	21.21783    	19.37556    	18.109427730
21/08/2011  	18.633633   	22.30932    	20.55593    	18.289551576
22/08/2011  	18.796110   	21.43493    	20.47378    	18.509537498
23/08/2011  	18.357843   	21.18169    	20.33845    	18.587681770
24/08/2011  	20.389870   	22.36160    	21.65459    	18.778959513
25/08/2011  	20.861677   	22.38729    	21.58893    	18.873693585
26/08/2011  	19.930914   	22.24357    	21.59496    	18.994714022
27/08/2011  	20.945568   	22.37203    	21.71219    	18.802414894
28/08/2011  	20.588614   	21.93196    	21.33141    	18.338221987
29/08/2011  	19.904474   	21.84906    	20.92548    	17.621109565
30/08/2011  	19.052681   	21.56077    	20.66477    	16.852093577
31/08/2011  	17.525728   	22.27008    	19.95633    	16.440605243
01/09/2011  	16.562775   	23.08086    	19.52380    	16.104794840
02/09/2011  	16.627087   	23.81552    	20.24149    	16.009371559
03/09/2011  	17.871056   	23.39568    	21.15600    	16.230713209
04/09/2011  	19.147570   	22.46241    	21.31172    	16.647807876
05/09/2011  	20.528662   	22.66629    	21.98257    	16.847970287
06/09/2011  	18.367260   	23.23430    	21.50787    	16.616104364
07/09/2011  	18.959221   	23.63245    	20.99362    	16.180535316
08/09/2011  	20.438335   	23.57208    	21.70979    	15.943840782
09/09/2011  	21.633202   	25.39100    	23.43647    	16.082555989
10/09/2011  	22.486502   	25.41893    	23.74315    	16.395710826
11/09/2011  	21.945253   	24.73208    	23.55436    	16.676658233
12/09/2011  	18.679514   	24.72707    	22.39906    	16.733872056
13/09/2011  	18.252230   	23.90575    	20.87483    	16.473275185
14/09/2011  	18.958679   	22.32277    	20.96038    	15.904110034
15/09/2011  	20.976166   	23.05600    	21.95016    	15.505141616
16/09/2011  	20.166748   	23.32890    	22.11321    	15.177010159
17/09/2011  	20.909405   	24.22718    	23.01290    	15.138828993
18/09/2011  	22.177599   	24.07897    	22.98099    	15.070664843
19/09/2011  	21.635725   	23.03585    	22.37830    	14.900510927
20/09/2011  	20.223116   	22.75027    	21.70261    	14.996273696
21/09/2011  	19.839563   	23.28212    	21.14580    	15.266877413
22/09/2011  	19.787560   	21.36073    	20.54286    	15.169830243
23/09/2011  	20.028740   	21.96138    	21.01785    	14.965834161
24/09/2011  	20.285772   	21.97383    	21.35978    	15.009245435
25/09/2011  	20.666115   	23.32645    	21.91265    	15.179168860
26/09/2011  	20.314562   	22.56408    	21.84083    	15.415579319
27/09/2011  	20.217464   	23.86635    	21.91492    	15.502320627
28/09/2011  	18.716974   	23.47891    	21.35767    	15.716231465
29/09/2011  	18.381472   	23.31819    	21.31054    	16.015838285
30/09/2011  	18.078222   	22.96581    	21.11721    	16.313321749
01/10/2011  	18.233273   	22.46177    	20.60643    	16.587480664
02/10/2011  	17.831379   	21.53937    	20.07796    	16.854153474
03/10/2011  	18.424465   	21.46244    	20.50638    	17.033551892
04/10/2011  	19.409914   	22.35708    	21.05148    	17.062295119
05/10/2011  	19.725916   	21.58394    	20.76096    	16.752574007
06/10/2011  	17.499872   	22.02390    	20.19712    	16.287910243
07/10/2011  	16.213926   	21.79799    	19.98143    	15.340914528
08/10/2011  	21.032408   	22.49164    	21.77020    	13.978957931
09/10/2011  	21.556751   	23.44055    	22.50264    	13.007627646
10/10/2011  	19.236786   	23.25000    	21.86796    	13.315405707
11/10/2011  	18.133385   	22.46978    	20.93784    	13.605653226
12/10/2011  	20.088970   	22.72262    	21.79284    	13.563878020
13/10/2011  	20.270144   	22.41161    	21.59799    	13.332460046
14/10/2011  	17.952236   	21.84104    	20.55454    	13.038113256
15/10/2011  	17.161650   	23.03857    	20.74039    	12.571249525
16/10/2011  	18.885565   	22.94945    	21.65292    	12.180324177
17/10/2011  	20.414812   	22.00829    	21.43573    	12.174208124
18/10/2011  	16.475510   	21.94232    	19.76733    	12.124695241
19/10/2011  	17.113104   	21.32174    	19.94717    	11.491151234
20/10/2011  	19.057467   	21.50609    	21.06015    	10.708450675
21/10/2011  	19.270859   	21.93389    	20.73541    	10.321873009
22/10/2011  	18.635122   	22.09111    	20.44733    	10.152800421
23/10/2011  	19.840788   	21.94881    	20.97548    	10.014907400
24/10/2011  	20.259371   	23.02220    	21.89769    	 9.992286086
25/10/2011  	21.021173   	24.77637    	23.42363    	10.116364062
26/10/2011  	23.786667   	24.41670    	24.13969    	10.284570932
27/10/2011  	23.836416   	24.67621    	24.30579    	10.241557141
28/10/2011  	24.128996   	24.79043    	24.54052    	10.307767133
29/10/2011  	24.125475   	24.75731    	24.53211    	10.413365444
30/10/2011  	24.194481   	24.76659    	24.61117    	10.733443340
31/10/2011  	24.363499   	24.83983    	24.64162    	11.042313159
01/11/2011  	24.286963   	24.96269    	24.65460    	11.166681012
02/11/2011  	23.702639   	25.11259    	24.62841    	11.316405773
03/11/2011  	24.267208   	25.16762    	24.77880    	11.448520104
04/11/2011  	25.013208   	26.07076    	25.43797    	11.756627957
05/11/2011  	25.382492   	25.88790    	25.67069    	11.914486547
06/11/2011  	24.269415   	25.77393    	25.52115    	11.918912590
07/11/2011  	22.462669   	25.71790    	24.63120    	11.720221877
08/11/2011  	22.570112   	25.29087    	24.49702    	11.361221194
09/11/2011  	23.480473   	25.60195    	24.86213    	11.089012543
10/11/2011  	23.798950   	25.92934    	25.01586    	10.825263182
11/11/2011  	23.974264   	25.70028    	25.10626    	10.311443130
12/11/2011  	24.395557   	26.01087    	25.33035    	 9.847777804
13/11/2011  	24.735142   	26.08804    	25.50091    	 9.686760604
14/11/2011  	24.190754   	25.87405    	25.19382    	 9.050252438
15/11/2011  	24.209568   	25.69678    	25.04302    	 8.343650977
16/11/2011  	24.077602   	25.75781    	25.07621    	 7.586044133
17/11/2011  	24.571339   	25.94210    	25.39499    	 7.238272190
18/11/2011  	25.109129   	26.06851    	25.67481    	 7.394470483
19/11/2011  	25.625008   	26.20410    	25.90480    	 7.600772043
20/11/2011  	25.724279   	26.44460    	26.05257    	 7.569286356
21/11/2011  	25.679585   	26.71965    	26.12867    	 7.452459584
22/11/2011  	25.437014   	26.77950    	26.12588    	 7.333009889
23/11/2011  	25.302197   	26.65891    	26.05577    	 7.336466740
24/11/2011  	25.342463   	26.70936    	26.00810    	 7.452691565
25/11/2011  	24.919762   	26.77855    	25.76715    	 7.642380953
26/11/2011  	25.078859   	25.99168    	25.54892    	 7.682885279
27/11/2011  	22.899275   	25.90303    	24.89357    	 8.087234666
28/11/2011  	24.411451   	26.02987    	25.38986    	 8.061971436
29/11/2011  	24.212973   	27.18699    	25.39102    	 7.972729087
30/11/2011  	23.155626   	27.15747    	24.99814    	 7.916410406
01/12/2011  	22.453196   	25.32184    	23.63301    	 7.978972028
02/12/2011  	23.531614   	25.89488    	24.26777    	 7.923716108
03/12/2011  	20.606066   	24.33556    	23.43022    	 7.648322612
04/12/2011  	19.757483   	24.97346    	23.30544    	 7.531709830
05/12/2011  	21.397684   	25.43785    	23.64400    	 7.207277576
06/12/2011  	22.340517   	25.40912    	24.02180    	 6.778947254
07/12/2011  	22.756639   	27.88397    	24.79461    	 6.371133029
08/12/2011  	24.083817   	27.59007    	25.29359    	 6.106254290
09/12/2011  	21.989977   	28.57253    	24.99367    	 6.106272101
10/12/2011  	24.317181   	25.08006    	24.86403    	 5.883525848
11/12/2011  	23.916636   	25.32126    	24.86546    	 5.673467924
12/12/2011  	23.211592   	25.15872    	24.32155    	 5.613126099
13/12/2011  	19.964624   	25.48459    	23.58994    	 5.656556298
14/12/2011  	20.796160   	25.96584    	22.94935    	 5.713704278
15/12/2011  	22.558649   	26.58443    	24.46865    	 5.751097649
16/12/2011  	21.928442   	26.56916    	24.57696    	 5.690480938
17/12/2011  	19.808001   	25.09474    	22.33274    	 5.353172630
18/12/2011  	17.901539   	22.48189    	20.39969    	 4.975634972
19/12/2011  	18.605080   	22.53891    	20.39637    	 4.671781888
20/12/2011  	17.051659   	23.57501    	20.17465    	 4.595495234
21/12/2011  	17.132395   	20.88554    	19.33003    	 4.589586566
22/12/2011  	17.096867   	21.16257    	18.90964    	 4.780359030
23/12/2011  	16.054836   	21.49315    	18.60454    	 5.095745305
24/12/2011  	16.579479   	18.96591    	18.12192    	 5.320654591
25/12/2011  	14.579827   	17.91835    	16.79230    	 5.563356082
26/12/2011  	14.334795   	17.88601    	16.10297    	 5.999545207
27/12/2011  	14.946362   	18.05086    	16.15320    	 6.297497223
28/12/2011  	15.668437   	18.86843    	16.72784    	 6.227693588
29/12/2011  	 9.729597   	18.91900    	15.04055    	 5.920199096
30/12/2011  	10.657038   	17.98110    	16.42845    	 5.700636993
