date	smin	smax	smean	tmean
01/01/2009  	17.824547   	21.05739    	19.50681    	 1.813215797
02/01/2009  	17.482811   	21.91876    	19.19154    	 1.726942562
03/01/2009  	16.477766   	22.57556    	19.23715    	 1.528396500
04/01/2009  	18.385015   	21.88660    	19.91966    	 1.513120624
05/01/2009  	17.615694   	20.62105    	19.27483    	 1.652776867
06/01/2009  	20.024532   	24.16149    	22.24920    	 1.212667430
07/01/2009  	18.934582   	22.78548    	20.93630    	 0.861472912
08/01/2009  	18.295427   	22.03047    	20.34542    	 0.809408947
09/01/2009  	18.460756   	22.59150    	20.64880    	 0.616507423
10/01/2009  	18.641861   	22.33332    	20.56409    	 0.468540896
11/01/2009  	19.097845   	23.43715    	21.70610    	 0.597658464
12/01/2009  	20.287300   	25.88331    	22.62559    	 0.843954360
13/01/2009  	22.137331   	26.84040    	23.82623    	 1.516080716
14/01/2009  	21.542599   	26.56366    	23.79697    	 1.751697707
15/01/2009  	19.481716   	26.00018    	22.71341    	 1.658591568
16/01/2009  	20.019676   	24.90518    	23.10081    	 1.843395464
17/01/2009  	22.408028   	24.66253    	23.58606    	 2.101985914
18/01/2009  	22.626944   	24.56788    	23.55201    	 2.547925035
19/01/2009  	22.619577   	26.02406    	24.34499    	 2.818800062
20/01/2009  	24.781055   	27.74360    	26.34789    	 2.996479253
21/01/2009  	24.553482   	27.84021    	26.24024    	 2.921214312
22/01/2009  	24.945065   	28.87815    	27.09609    	 2.716156522
23/01/2009  	27.062086   	28.74652    	28.13573    	 2.587757453
24/01/2009  	26.344614   	27.67645    	26.84122    	 2.769870738
25/01/2009  	26.130159   	27.44222    	26.53879    	 2.818871583
26/01/2009  	25.555397   	27.51088    	26.66343    	 2.661438743
27/01/2009  	24.602449   	27.17443    	26.24445    	 2.443186288
28/01/2009  	23.574358   	26.59432    	25.34982    	 2.155613783
29/01/2009  	22.929373   	25.90539    	24.69245    	 1.928957264
30/01/2009  	20.713753   	24.96215    	23.41256    	 1.573300816
31/01/2009  	21.702911   	24.82185    	23.42551    	 1.278242712
01/02/2009  	21.731874   	24.11940    	23.15500    	 0.869968052
02/02/2009  	22.640217   	23.83018    	23.14144    	 0.459561346
03/02/2009  	23.331093   	24.43738    	23.78444    	 0.587183444
04/02/2009  	23.654129   	24.45611    	23.98620    	 0.720275104
05/02/2009  	23.486872   	24.62221    	24.05832    	 0.807991998
06/02/2009  	23.521603   	24.81280    	24.17358    	 1.039442030
07/02/2009  	22.811960   	24.59682    	23.79184    	 1.165999894
08/02/2009  	21.501860   	24.16235    	22.97494    	 1.258648659
09/02/2009  	20.729719   	24.10537    	22.42255    	 1.374133324
10/02/2009  	19.957695   	24.12069    	22.52242    	 1.479857375
11/02/2009  	18.493849   	24.50543    	21.15938    	 1.607198531
12/02/2009  	17.713501   	25.13186    	21.07213    	 1.810997640
13/02/2009  	17.984262   	25.21067    	21.09307    	 1.987429038
14/02/2009  	19.443598   	25.26421    	22.43732    	 2.066625506
15/02/2009  	17.619576   	24.84195    	21.51532    	 1.985544316
16/02/2009  	18.679361   	22.66295    	20.21722    	 2.257727737
17/02/2009  	19.228498   	21.62222    	20.63435    	 2.737030392
18/02/2009  	18.874172   	21.79495    	20.39710    	 2.632194296
19/02/2009  	18.789642   	21.15858    	20.02352    	 2.561592549
20/02/2009  	18.004040   	20.28820    	19.14062    	 2.687415789
21/02/2009  	16.475981   	20.07562    	18.29842    	 2.901306907
22/02/2009  	15.727643   	19.46719    	17.88574    	 3.202544163
23/02/2009  	17.340832   	20.61105    	18.32679    	 3.924222246
24/02/2009  	14.770522   	21.37932    	17.56921    	 3.837859501
25/02/2009  	13.584687   	20.30141    	17.37436    	 3.961269855
26/02/2009  	14.794305   	18.73689    	16.65671    	 4.240308444
27/02/2009  	14.779035   	19.13240    	16.36024    	 4.665220588
28/02/2009  	13.975651   	20.21661    	16.47243    	 4.905311465
01/03/2009  	15.305285   	20.79776    	18.11818    	 4.984794150
02/03/2009  	16.238186   	20.81439    	18.47534    	 5.121873915
03/03/2009  	15.437467   	20.66629    	18.13913    	 5.172113746
04/03/2009  	16.921066   	21.40142    	19.46492    	 4.952850978
05/03/2009  	19.146015   	21.63194    	20.68079    	 4.805280825
06/03/2009  	16.343079   	20.50493    	18.74179    	 4.928040534
07/03/2009  	16.116053   	19.62004    	18.21538    	 4.866823296
08/03/2009  	16.004139   	21.62285    	18.88086    	 4.975324353
09/03/2009  	17.386688   	21.21766    	19.00844    	 4.996780564
10/03/2009  	17.757696   	20.72900    	18.61024    	 4.973287364
11/03/2009  	17.840368   	20.79094    	18.93255    	 4.953113645
12/03/2009  	15.574046   	20.68443    	18.06572    	 5.123674383
13/03/2009  	15.938829   	21.07020    	18.26900    	 5.373633275
14/03/2009  	14.856123   	21.02664    	17.95479    	 5.538530529
15/03/2009  	15.931199   	20.28846    	18.30828    	 5.891898950
16/03/2009  	15.441587   	19.88802    	17.37327    	 6.040765067
17/03/2009  	15.984056   	20.09463    	18.03772    	 6.294741402
18/03/2009  	15.116301   	18.24532    	16.70178    	 6.454309285
19/03/2009  	16.393772   	18.87147    	17.51678    	 6.583633522
20/03/2009  	16.854763   	18.08290    	17.49026    	 6.699331641
21/03/2009  	16.771954   	19.41999    	18.18324    	 6.713859469
22/03/2009  	12.559527   	18.29159    	16.29661    	 6.744079560
23/03/2009  	11.715252   	18.34248    	14.91270    	 6.814618071
24/03/2009  	15.036689   	22.00830    	17.46896    	 6.453779032
25/03/2009  	13.720518   	18.89468    	16.41832    	 6.576952010
26/03/2009  	14.552623   	18.19353    	16.10145    	 6.594067812
27/03/2009  	14.724452   	18.78837    	16.23521    	 6.580720752
28/03/2009  	14.727306   	20.32441    	16.53824    	 6.531745623
29/03/2009  	14.777148   	20.02467    	17.09080    	 6.486586382
30/03/2009  	13.783260   	19.12622    	16.09283    	 6.422738860
31/03/2009  	13.879902   	19.10493    	16.57629    	 6.573511620
01/04/2009  	15.368474   	19.23685    	17.03817    	 6.799327185
02/04/2009  	16.566851   	19.01048    	17.68852    	 7.163847407
03/04/2009  	17.088036   	19.87812    	18.21221    	 7.602644891
04/04/2009  	15.754180   	19.62955    	18.01225    	 7.915525715
05/04/2009  	16.191280   	20.14260    	18.43021    	 8.041341484
06/04/2009  	16.727097   	21.33233    	18.57765    	 8.227113942
07/04/2009  	16.823233   	21.32991    	18.94558    	 8.480024715
08/04/2009  	16.993908   	22.28180    	19.73000    	 8.573391974
09/04/2009  	18.464930   	21.28528    	20.04204    	 8.662771543
10/04/2009  	18.481253   	22.08216    	20.14475    	 8.950810373
11/04/2009  	18.851273   	22.33916    	20.74283    	 9.273908099
12/04/2009  	19.077274   	22.06229    	20.56103    	 9.674857279
13/04/2009  	19.021870   	21.54675    	20.23456    	10.053028365
14/04/2009  	19.006964   	21.69756    	20.21949    	10.276598692
15/04/2009  	19.077166   	21.97525    	20.26496    	10.567372620
16/04/2009  	19.273806   	22.34993    	20.69323    	10.956234872
17/04/2009  	19.914637   	22.90282    	21.30662    	11.074928780
18/04/2009  	20.246685   	22.41970    	21.33325    	11.103917738
19/04/2009  	19.913754   	22.28769    	21.00642    	11.252751529
20/04/2009  	19.922077   	22.33782    	20.99165    	11.481589278
21/04/2009  	19.894293   	22.12717    	20.87935    	11.797099113
22/04/2009  	19.819180   	22.04988    	20.84318    	11.980295718
23/04/2009  	19.617964   	23.20510    	20.63946    	12.119961202
24/04/2009  	19.649923   	24.25271    	21.28579    	12.331901610
25/04/2009  	19.731123   	24.25208    	21.91980    	12.400409122
26/04/2009  	20.599123   	23.70797    	22.14297    	12.526410778
27/04/2009  	20.933289   	24.31448    	22.41021    	12.620378455
28/04/2009  	21.380074   	24.38006    	22.89161    	12.579877357
29/04/2009  	21.878836   	24.17550    	22.84839    	12.690176189
30/04/2009  	21.961092   	24.18395    	22.75997    	12.886897405
01/05/2009  	22.103418   	24.56275    	22.89229    	13.227762878
02/05/2009  	22.103487   	24.91208    	23.12019    	13.517898122
03/05/2009  	22.176044   	24.19349    	22.89208    	13.638279080
04/05/2009  	21.994289   	23.35339    	22.33738    	13.212711910
05/05/2009  	21.218307   	23.24225    	22.09267    	12.705488602
06/05/2009  	20.598221   	22.69861    	21.66188    	12.664026757
07/05/2009  	20.048285   	22.67950    	21.47742    	12.758526603
08/05/2009  	20.449545   	23.01029    	21.72704    	12.840950112
09/05/2009  	20.633125   	23.38466    	21.70965    	12.758057376
10/05/2009  	20.717567   	23.59358    	21.87586    	12.951227943
11/05/2009  	20.809887   	22.83667    	21.56136    	13.093668660
12/05/2009  	20.880735   	24.17297    	21.93330    	12.886898478
13/05/2009  	20.935381   	25.13379    	22.88167    	12.843768855
14/05/2009  	21.629717   	25.25496    	23.54699    	12.939972182
15/05/2009  	22.685354   	25.58514    	24.29184    	13.031633317
16/05/2009  	23.853668   	25.86205    	24.92604    	13.122105698
17/05/2009  	24.317142   	25.64009    	24.96676    	13.255238394
18/05/2009  	24.763060   	26.35809    	25.25948    	13.274989009
19/05/2009  	24.059702   	25.77165    	24.86713    	13.361149371
20/05/2009  	23.423920   	25.87477    	24.39032    	13.538875878
21/05/2009  	23.543478   	25.81203    	24.44668    	13.818419715
22/05/2009  	23.721788   	25.66034    	24.37943    	14.081723432
23/05/2009  	23.692253   	25.13583    	24.26540    	14.493936857
24/05/2009  	23.909954   	25.39901    	24.41952    	14.989420672
25/05/2009  	23.946951   	25.97469    	24.54837    	15.645577013
26/05/2009  	23.305704   	26.07513    	24.77973    	16.216192981
27/05/2009  	23.542629   	25.71136    	24.52051    	16.124723931
28/05/2009  	23.507971   	25.60612    	24.16933    	15.883743445
29/05/2009  	21.630585   	25.42879    	23.34366    	16.112502237
30/05/2009  	20.235935   	26.15570    	23.37892    	16.203284303
31/05/2009  	20.743656   	25.78972    	23.33758    	16.469883164
01/06/2009  	20.416220   	25.13895    	22.80658    	16.825205048
02/06/2009  	19.698582   	24.33781    	21.92854    	17.029474258
03/06/2009  	19.848431   	25.81586    	22.41228    	15.873519282
04/06/2009  	23.502441   	27.65592    	25.55590    	14.165235420
05/06/2009  	23.708845   	27.85697    	25.61544    	13.853578885
06/06/2009  	23.811699   	26.87444    	25.03560    	14.174007336
07/06/2009  	24.001760   	28.64823    	26.12119    	14.082886219
08/06/2009  	24.620514   	28.18114    	26.27471    	14.458272040
09/06/2009  	24.674982   	28.46069    	26.72921    	14.898769240
10/06/2009  	25.742298   	27.80347    	26.87697    	15.187588453
11/06/2009  	24.616535   	27.95268    	26.39896    	15.423686028
12/06/2009  	23.347572   	27.30720    	25.44891    	15.623533269
13/06/2009  	23.344093   	27.91382    	25.46448    	15.725722154
14/06/2009  	23.812168   	27.13640    	25.45343    	16.147296965
15/06/2009  	23.787519   	26.36270    	24.95772    	16.645343026
16/06/2009  	23.556170   	26.96643    	24.89129    	16.891774098
17/06/2009  	22.727295   	26.36109    	24.48227    	17.101580143
18/06/2009  	22.752256   	26.92274    	24.99183    	17.146119316
19/06/2009  	22.301046   	25.96347    	24.31941    	17.182960391
20/06/2009  	22.469973   	24.97604    	24.22714    	16.838324189
21/06/2009  	21.809763   	25.69246    	23.84937    	16.756064614
22/06/2009  	21.324299   	27.29061    	24.21381    	16.718208273
23/06/2009  	21.565216   	27.09921    	24.70696    	16.867773056
24/06/2009  	21.456049   	27.42573    	24.39207    	17.287268321
25/06/2009  	21.510092   	28.25744    	24.91788    	17.632978638
26/06/2009  	23.262119   	28.41337    	25.45935    	18.021108230
27/06/2009  	22.913149   	28.79791    	25.75663    	18.521653970
28/06/2009  	23.575823   	28.86186    	26.08579    	18.977692286
29/06/2009  	24.223263   	28.63228    	26.11484    	19.586558143
30/06/2009  	24.034899   	28.00073    	25.82564    	20.240907073
01/07/2009  	23.606400   	27.59055    	25.47205    	20.740325610
02/07/2009  	23.532997   	27.42015    	25.53366    	21.116141001
03/07/2009  	23.902149   	27.73364    	26.07059    	21.478109837
04/07/2009  	24.848410   	27.79824    	26.41225    	21.686840971
05/07/2009  	24.494343   	27.94167    	26.38052    	21.878761053
06/07/2009  	24.735209   	27.91774    	26.33167    	21.956153870
07/07/2009  	25.012871   	28.47445    	26.74717    	21.426562707
08/07/2009  	25.873474   	27.74349    	26.46072    	20.980081320
09/07/2009  	26.173216   	27.67320    	26.98274    	19.044709444
10/07/2009  	26.776182   	29.93649    	27.97457    	17.455760161
11/07/2009  	26.564976   	30.51702    	28.25510    	16.372895579
12/07/2009  	25.485430   	27.62857    	26.33050    	17.164999286
13/07/2009  	24.547533   	26.29855    	25.49534    	17.674539169
14/07/2009  	23.989992   	25.08760    	24.54680    	18.436029832
15/07/2009  	23.800846   	25.39576    	24.41668    	19.028003931
16/07/2009  	23.196228   	25.42965    	24.21720    	19.208394130
17/07/2009  	23.337122   	25.30948    	24.07647    	19.424715718
18/07/2009  	23.241110   	25.46691    	24.17416    	19.465884646
19/07/2009  	22.670240   	24.93054    	23.65248    	19.197767893
20/07/2009  	22.707151   	25.74096    	23.74890    	19.113863468
21/07/2009  	22.331331   	25.05222    	23.63527    	19.154031714
22/07/2009  	22.685715   	25.75290    	23.80381    	19.355488181
23/07/2009  	22.815056   	25.42384    	23.81045    	19.448210915
24/07/2009  	23.206894   	25.60995    	23.91523    	19.394255320
25/07/2009  	23.204802   	25.40038    	23.80310    	19.259872953
26/07/2009  	22.672922   	25.18582    	23.52347    	18.965404391
27/07/2009  	21.875477   	24.58871    	23.09586    	19.237386902
28/07/2009  	22.020971   	24.26845    	23.04600    	19.318599979
29/07/2009  	22.246519   	23.99901    	22.78144    	19.491823475
30/07/2009  	22.364395   	23.88981    	22.89633    	19.606102427
31/07/2009  	21.998631   	22.96239    	22.54333    	19.119988243
01/08/2009  	21.964937   	22.81729    	22.31003    	19.175971389
02/08/2009  	21.984140   	23.71722    	22.53511    	19.276219249
03/08/2009  	21.746111   	23.37167    	22.37441    	19.271597902
04/08/2009  	21.416721   	23.16334    	22.33204    	19.493184129
05/08/2009  	21.718691   	23.87282    	22.69574    	19.747909546
06/08/2009  	21.982660   	24.51003    	23.10255    	20.190214396
07/08/2009  	22.066767   	25.32747    	23.47354    	20.566257358
08/08/2009  	22.251339   	24.85527    	23.20795    	20.750239015
09/08/2009  	22.175528   	25.78313    	23.30234    	20.756643017
10/08/2009  	22.137957   	26.20042    	23.56070    	20.812966704
11/08/2009  	22.222368   	25.63435    	23.72818    	20.923994342
12/08/2009  	21.894245   	26.11442    	23.54186    	20.874750654
13/08/2009  	22.393042   	25.88888    	23.58073    	20.647193193
14/08/2009  	22.285446   	25.41066    	23.53173    	20.496619741
15/08/2009  	22.572422   	26.34695    	24.21261    	20.441940626
16/08/2009  	23.297548   	25.54967    	24.00049    	20.446595271
17/08/2009  	23.130400   	24.42311    	23.55507    	20.454313755
18/08/2009  	22.833540   	24.46057    	23.50217    	20.230588436
19/08/2009  	22.307367   	25.36022    	23.66767    	20.258335829
20/08/2009  	22.139755   	25.82767    	24.21850    	20.508534988
21/08/2009  	23.255650   	25.44881    	24.53114    	20.532547752
22/08/2009  	23.488659   	25.32665    	24.47954    	20.360103726
23/08/2009  	23.611975   	26.91190    	24.85355    	20.239016453
24/08/2009  	23.656481   	26.96791    	25.29815    	20.260632197
25/08/2009  	24.347101   	26.39257    	25.56041    	20.476183891
26/08/2009  	24.653198   	26.54282    	25.47350    	20.249121666
27/08/2009  	24.805540   	26.45515    	25.42997    	20.033044537
28/08/2009  	23.909353   	26.24798    	25.10472    	19.617789110
29/08/2009  	23.804813   	26.08319    	24.73703    	18.702823202
30/08/2009  	24.455631   	25.86006    	25.19362    	17.775918086
31/08/2009  	23.082558   	25.26872    	24.21719    	17.766811132
01/09/2009  	23.306011   	26.30693    	24.70874    	17.920745373
02/09/2009  	23.556496   	27.08179    	24.88131    	17.867285212
03/09/2009  	23.678905   	28.60007    	25.90514    	17.842170397
04/09/2009  	24.430771   	28.80890    	26.82730    	16.889999429
05/09/2009  	24.717836   	28.09885    	26.55934    	16.377907713
06/09/2009  	26.154211   	28.28669    	27.23886    	16.180875897
07/09/2009  	25.702532   	27.62876    	26.79628    	16.065121651
08/09/2009  	25.990417   	26.90916    	26.43780    	16.289741317
09/09/2009  	25.849529   	27.53136    	26.73092    	16.705002228
10/09/2009  	24.832088   	27.97852    	26.21752    	16.760420481
11/09/2009  	24.601351   	27.43157    	25.67555    	16.604543845
12/09/2009  	24.644035   	26.66890    	25.48515    	16.416968385
13/09/2009  	25.043810   	28.07484    	26.61373    	15.960155487
14/09/2009  	25.889160   	27.61151    	26.76480    	15.924932102
15/09/2009  	26.150179   	28.66291    	27.21458    	15.884006381
16/09/2009  	26.241867   	28.98230    	27.48893    	15.893380463
17/09/2009  	26.522942   	28.91823    	27.45106    	15.811695278
18/09/2009  	26.674025   	29.68607    	27.92555    	15.682933887
19/09/2009  	26.747580   	29.81601    	28.13212    	15.825971504
20/09/2009  	26.837963   	29.84959    	28.27301    	15.993205170
21/09/2009  	27.077633   	30.17367    	28.25051    	16.131549100
22/09/2009  	27.191570   	29.68305    	28.45229    	16.205560168
23/09/2009  	27.736113   	29.60935    	28.61485    	16.194725513
24/09/2009  	27.838732   	29.91270    	28.73140    	16.042059461
25/09/2009  	28.248032   	30.27637    	28.90751    	15.902943035
26/09/2009  	28.301065   	29.45798    	28.76409    	16.011598587
27/09/2009  	28.306572   	29.49012    	28.70216    	16.050884982
28/09/2009  	28.297199   	30.54659    	29.07728    	16.185293277
29/09/2009  	28.540173   	31.07260    	29.62650    	16.244079987
30/09/2009  	27.743240   	30.07651    	28.42116    	16.222911080
01/10/2009  	27.667889   	31.34895    	29.01929    	15.659003675
02/10/2009  	26.842838   	30.52541    	28.99899    	14.464054883
03/10/2009  	25.565607   	28.86494    	27.28938    	14.393489897
04/10/2009  	26.174797   	28.56255    	27.30909    	13.835460722
05/10/2009  	24.957241   	28.74793    	26.88741    	13.393140177
06/10/2009  	25.021877   	27.55069    	26.36221    	13.403735717
07/10/2009  	24.876284   	26.86206    	25.85108    	13.838404497
08/10/2009  	25.077826   	25.80093    	25.50177    	13.771463752
09/10/2009  	22.958750   	26.90732    	24.88745    	13.462088406
10/10/2009  	23.536642   	27.43173    	25.98887    	13.087646544
11/10/2009  	23.312172   	27.38318    	25.37611    	12.893781424
12/10/2009  	22.256651   	26.71352    	24.79381    	12.087705970
13/10/2009  	21.145823   	26.39652    	24.10742    	11.265096307
14/10/2009  	23.242672   	27.24652    	25.69202    	11.290972253
15/10/2009  	23.787081   	26.82385    	24.95349    	10.794335326
16/10/2009  	20.709200   	30.28410    	24.99754    	10.480270863
17/10/2009  	25.818823   	30.49185    	28.26228    	10.485120893
18/10/2009  	25.816931   	30.18155    	27.80173    	10.252998193
19/10/2009  	26.284315   	29.62897    	27.56740    	10.232008060
20/10/2009  	26.197544   	28.96608    	27.56510    	10.029096325
21/10/2009  	26.050970   	28.82661    	27.77866    	 9.746597191
22/10/2009  	27.192730   	28.34306    	27.88298    	 9.530807237
23/10/2009  	27.218378   	28.10215    	27.80899    	 9.512263834
24/10/2009  	27.547173   	28.51706    	27.91533    	 9.705018719
25/10/2009  	27.828510   	28.57157    	28.08284    	10.111351033
26/10/2009  	27.329901   	28.40809    	27.91054    	10.397780875
27/10/2009  	27.447899   	28.43530    	27.91328    	10.664739807
28/10/2009  	27.109673   	27.97107    	27.58928    	10.753179848
29/10/2009  	27.141039   	28.53237    	27.59550    	10.960836828
30/10/2009  	26.618486   	28.03392    	27.42666    	11.042074064
31/10/2009  	26.380354   	28.75411    	27.75428    	11.150677760
01/11/2009  	26.890936   	29.14332    	28.15414    	11.391539335
02/11/2009  	27.608854   	29.19941    	28.22479    	11.553262611
03/11/2009  	27.116297   	28.43611    	27.91366    	11.269608517
04/11/2009  	26.918808   	28.82067    	27.90107    	11.101791183
05/11/2009  	27.038017   	28.77868    	27.60303    	10.864765088
06/11/2009  	27.045607   	28.84102    	27.54797    	10.736117323
07/11/2009  	26.785765   	28.85866    	27.61459    	10.549426913
08/11/2009  	26.290840   	28.84910    	27.11402    	10.250339389
09/11/2009  	25.387577   	27.70349    	26.35693    	 9.945855538
10/11/2009  	24.946404   	27.89810    	26.26267    	 9.606807927
11/11/2009  	23.124641   	27.77215    	25.54128    	 9.403514028
12/11/2009  	23.637316   	27.68096    	25.75250    	 9.237011453
13/11/2009  	24.776100   	28.04479    	26.31054    	 9.497017006
14/11/2009  	24.949465   	27.24194    	26.20982    	 9.939563294
15/11/2009  	25.114254   	28.17445    	26.41753    	10.171999832
16/11/2009  	25.271826   	28.15727    	26.60365    	10.258378466
17/11/2009  	25.351936   	28.09640    	26.41096    	10.308965584
18/11/2009  	25.435112   	29.37876    	26.62922    	10.272945921
19/11/2009  	24.647356   	29.45657    	27.00870    	10.513508797
20/11/2009  	24.965322   	29.71352    	27.34479    	10.381139020
21/11/2009  	25.515057   	29.43959    	26.99335    	10.428921402
22/11/2009  	25.677082   	29.52557    	27.42545    	10.550594608
23/11/2009  	25.249699   	29.54415    	27.34855    	10.433776021
24/11/2009  	25.426369   	29.55432    	27.13931    	10.223444084
25/11/2009  	24.880554   	30.50224    	28.96019    	10.239462892
26/11/2009  	29.197119   	30.52955    	30.02847    	10.090675612
27/11/2009  	29.144567   	30.43925    	29.92361    	 9.536270440
28/11/2009  	28.915552   	30.17540    	29.63138    	 9.110613724
29/11/2009  	27.204168   	29.50626    	28.54564    	 8.783595741
30/11/2009  	27.378059   	29.43784    	28.20809    	 8.663674573
01/12/2009  	26.334328   	28.11169    	27.50165    	 8.280463189
02/12/2009  	24.406744   	27.86162    	26.69863    	 7.836770813
03/12/2009  	25.007496   	27.29062    	26.29853    	 7.790754408
04/12/2009  	24.651793   	26.79201    	25.75039    	 7.751315057
05/12/2009  	24.114981   	26.02426    	25.12977    	 7.644550264
06/12/2009  	23.986206   	25.91440    	24.76638    	 7.786508719
07/12/2009  	23.437733   	25.87955    	24.43232    	 7.931534310
08/12/2009  	23.351786   	26.42945    	24.52212    	 7.952848921
09/12/2009  	22.197699   	25.56322    	23.82892    	 7.836525102
10/12/2009  	21.738657   	25.70233    	23.69362    	 7.992450426
11/12/2009  	20.990356   	23.98423    	22.68636    	 8.085471849
12/12/2009  	20.636690   	23.45158    	22.02400    	 7.819546729
13/12/2009  	19.142647   	21.99198    	20.70746    	 7.291778654
14/12/2009  	19.033470   	21.62356    	20.29534    	 6.795617998
15/12/2009  	18.433229   	20.97136    	19.65799    	 6.136998216
16/12/2009  	17.613991   	20.86245    	19.16804    	 5.521117399
17/12/2009  	17.355713   	21.05774    	19.18409    	 5.158856948
18/12/2009  	17.620863   	21.02625    	19.36660    	 4.508349826
19/12/2009  	17.192945   	21.96043    	19.37934    	 3.981059646
20/12/2009  	18.234238   	21.87152    	20.33790    	 3.379267678
21/12/2009  	18.776905   	21.76970    	19.87108    	 3.011744559
22/12/2009  	18.781050   	23.02525    	20.57478    	 2.988170013
23/12/2009  	19.115385   	23.48713    	20.77319    	 2.978325854
24/12/2009  	19.640335   	24.06406    	22.14047    	 3.248591656
25/12/2009  	19.911318   	24.80263    	23.00666    	 3.459496985
26/12/2009  	19.917910   	21.91324    	20.99861    	 3.088428706
27/12/2009  	21.871254   	25.51984    	23.69421    	 3.824875484
28/12/2009  	22.300936   	26.10690    	24.27544    	 4.048765138
29/12/2009  	21.706217   	25.74267    	24.07641    	 3.853762036
30/12/2009  	23.579914   	26.79106    	25.67250    	 3.817801664
31/12/2009  	22.525167   	25.78480    	24.56104    	 3.323702991
01/01/2010  	20.977886   	23.90458    	22.32825    	 2.723761439
02/01/2010  	18.690903   	23.00258    	20.85002    	 2.338016575
03/01/2010  	19.107054   	22.81847    	20.82449    	 2.072745120
04/01/2010  	18.236397   	22.29546    	20.11344    	 1.779660627
05/01/2010  	17.485250   	22.30978    	19.81912    	 1.744120769
06/01/2010  	17.609314   	21.75043    	19.39745    	 1.717920904
07/01/2010  	16.595318   	21.66707    	19.31258    	 1.649064722
08/01/2010  	17.386818   	21.36824    	19.59874    	 1.491703138
09/01/2010  	14.972466   	21.23360    	18.92169    	 0.915272888
10/01/2010  	15.217984   	22.02438    	19.97094    	 0.846402047
11/01/2010  	18.545155   	22.34899    	20.84536    	 1.071709493
12/01/2010  	18.535124   	21.59508    	20.01650    	 0.935354546
13/01/2010  	17.794651   	23.25077    	21.31717    	 0.775069530
14/01/2010  	21.011608   	23.50042    	22.46164    	 0.803904962
15/01/2010  	20.622133   	22.87939    	21.92780    	 0.561001420
16/01/2010  	20.793648   	23.17181    	21.97121    	 0.672853125
17/01/2010  	21.491991   	23.82995    	22.74619    	 1.130482887
18/01/2010  	21.456514   	23.48746    	22.41764    	 1.208233088
19/01/2010  	20.289906   	22.85636    	21.88540    	 1.301406105
20/01/2010  	18.929165   	22.72478    	21.06957    	 1.278218478
21/01/2010  	19.400352   	22.84191    	21.42427    	 1.357230633
22/01/2010  	18.576288   	22.89474    	20.93132    	 1.185751092
23/01/2010  	20.426350   	22.65704    	21.79630    	 1.299048543
24/01/2010  	21.094656   	22.42541    	21.75743    	 1.265665645
25/01/2010  	20.319752   	22.14729    	21.55625    	 1.101074498
26/01/2010  	20.147844   	22.47657    	21.15506    	 0.621604760
27/01/2010  	18.830189   	22.05026    	20.66226    	 0.274228027
28/01/2010  	17.618965   	22.21343    	19.72154    	 0.458000743
29/01/2010  	17.220602   	21.35170    	19.29604    	 0.632235258
30/01/2010  	17.778234   	23.83491    	20.84649    	 0.821002573
31/01/2010  	17.712076   	23.59548    	20.86774    	 0.793718855
01/02/2010  	18.806423   	23.43896    	21.02824    	 0.930313714
02/02/2010  	18.093962   	23.29636    	20.27078    	 0.963650295
03/02/2010  	19.477121   	24.63106    	20.97366    	 1.174776408
04/02/2010  	18.276367   	22.81957    	19.94707    	 1.228884526
05/02/2010  	17.702707   	23.42334    	20.87060    	 1.431216441
06/02/2010  	19.477587   	22.44592    	20.79605    	 1.583493449
07/02/2010  	18.437719   	20.71628    	19.57946    	 1.570498476
08/02/2010  	19.012800   	21.29728    	20.39473    	 1.525883347
09/02/2010  	20.481895   	21.49351    	20.92642    	 1.241660826
10/02/2010  	19.270838   	20.72991    	20.26735    	 0.887674483
11/02/2010  	17.527933   	19.93898    	18.86883    	 0.491081256
12/02/2010  	17.141907   	20.89362    	18.98860    	 0.283223787
13/02/2010  	15.012070   	22.52983    	18.77617    	-0.002746128
14/02/2010  	17.665512   	23.40325    	20.28328    	-0.209452027
15/02/2010  	16.880671   	23.29130    	20.76863    	-0.422255151
16/02/2010  	17.499628   	23.06594    	20.49352    	-0.481533348
17/02/2010  	19.547218   	22.38735    	20.98169    	-0.299824614
18/02/2010  	20.234827   	22.18923    	21.14260    	-0.181655251
19/02/2010  	20.533970   	23.62877    	21.74367    	 0.360262857
20/02/2010  	21.018904   	23.63113    	21.77787    	 0.620482099
21/02/2010  	20.922180   	22.98964    	21.68146    	 0.703665206
22/02/2010  	21.101170   	23.60843    	22.23298    	 1.079075764
23/02/2010  	20.064167   	23.78422    	22.09716    	 1.251220249
24/02/2010  	21.881056   	24.37485    	23.20533    	 1.466139637
25/02/2010  	22.498314   	24.55680    	23.76332    	 1.769752686
26/02/2010  	22.337629   	24.59203    	23.74671    	 2.095889914
27/02/2010  	21.992075   	24.78083    	23.63932    	 2.448124717
28/02/2010  	22.225800   	25.22169    	23.48622    	 2.685847859
01/03/2010  	22.220894   	24.73361    	23.54202    	 3.076093152
02/03/2010  	20.836042   	23.90725    	22.66406    	 3.013459742
03/03/2010  	18.983469   	23.92523    	21.67308    	 2.999721393
04/03/2010  	18.489893   	23.91317    	21.07784    	 3.054294795
05/03/2010  	15.392700   	23.10620    	19.64903    	 3.011824667
06/03/2010  	16.218216   	21.32859    	19.37838    	 2.733517602
07/03/2010  	19.203325   	21.99672    	20.50683    	 2.656773547
08/03/2010  	18.419256   	20.59384    	19.29840    	 2.507063379
09/03/2010  	17.982334   	20.31685    	18.92810    	 2.426306183
10/03/2010  	19.146725   	19.73887    	19.42852    	 2.334408556
11/03/2010  	17.430962   	20.13165    	19.02741    	 2.349640146
12/03/2010  	15.277770   	19.84121    	17.62977    	 2.418490380
13/03/2010  	12.939107   	18.40919    	16.17176    	 2.609434053
14/03/2010  	13.613019   	19.80481    	16.19512    	 3.070480213
15/03/2010  	14.730848   	20.97520    	17.70046    	 3.633754338
16/03/2010  	13.695441   	21.06621    	17.86730    	 3.858358895
17/03/2010  	14.017279   	20.72662    	17.72995    	 4.088232920
18/03/2010  	15.187661   	20.14971    	17.83482    	 4.335846990
19/03/2010  	15.861938   	20.97799    	18.38898    	 4.599657516
20/03/2010  	17.587105   	21.62172    	19.53837    	 4.958583365
21/03/2010  	17.398054   	21.47730    	19.34639    	 5.430680195
22/03/2010  	16.867970   	20.98495    	19.01453    	 5.732272506
23/03/2010  	17.446636   	22.11548    	19.81095    	 5.882633279
24/03/2010  	18.979790   	21.88687    	20.35967    	 6.073121319
25/03/2010  	19.991325   	22.78829    	21.22090    	 6.317057470
26/03/2010  	19.190243   	22.55413    	21.29251    	 6.583480845
27/03/2010  	19.063837   	23.34732    	21.12805    	 6.746167392
28/03/2010  	18.251682   	23.08370    	20.89874    	 6.898009956
29/03/2010  	18.482048   	22.55508    	20.70573    	 7.087369045
30/03/2010  	17.978958   	23.66258    	20.75974    	 7.287990421
31/03/2010  	19.206541   	24.44896    	22.60403    	 7.209964315
01/04/2010  	21.910238   	24.78115    	23.42951    	 6.897076239
02/04/2010  	21.757891   	25.38099    	23.45680    	 6.772086630
03/04/2010  	21.908543   	25.69143    	23.85359    	 6.837632169
04/04/2010  	22.392536   	25.65284    	23.98786    	 7.027787447
05/04/2010  	20.239445   	25.03939    	23.07755    	 7.219527721
06/04/2010  	20.681799   	25.60139    	23.44860    	 7.384309123
07/04/2010  	23.746643   	25.92457    	24.70983    	 7.634776185
08/04/2010  	23.081381   	25.18171    	24.23434    	 7.883516749
09/04/2010  	21.049385   	23.85011    	22.67508    	 8.362220168
10/04/2010  	19.264233   	23.32994    	21.74560    	 8.713824014
11/04/2010  	18.149900   	22.58644    	20.71489    	 8.911112428
12/04/2010  	17.849907   	22.16645    	20.23251    	 8.842885296
13/04/2010  	16.507786   	22.48845    	19.63569    	 8.860667169
14/04/2010  	16.741459   	23.22817    	20.05670    	 8.889000277
15/04/2010  	17.131960   	23.30189    	20.37012    	 8.949749351
16/04/2010  	17.524225   	23.30046    	20.30125    	 9.046862920
17/04/2010  	17.501722   	24.09160    	20.75093    	 9.195263485
18/04/2010  	18.824398   	24.08802    	21.66840    	 9.503514767
19/04/2010  	18.912670   	24.31259    	21.57494    	 9.809012930
20/04/2010  	19.874596   	25.30636    	22.23015    	 9.896813015
21/04/2010  	20.923010   	24.66537    	22.71025    	 9.076081693
22/04/2010  	19.556526   	24.47761    	22.37801    	 8.884865989
23/04/2010  	22.326300   	25.52078    	23.50486    	 9.289171398
24/04/2010  	21.828289   	25.46120    	23.47424    	 9.551121314
25/04/2010  	21.612139   	25.94780    	23.66153    	 9.821960032
26/04/2010  	21.939703   	25.94693    	23.87987    	10.090377629
27/04/2010  	21.516369   	25.96411    	23.78480    	10.413287620
28/04/2010  	21.430176   	26.85841    	23.79011    	10.904625654
29/04/2010  	22.117128   	26.36819    	24.34565    	11.302473942
30/04/2010  	22.576975   	26.14920    	24.51689    	11.635643045
01/05/2010  	22.946306   	26.50644    	24.63622    	11.795808534
02/05/2010  	21.533762   	26.70255    	24.18951    	11.865592539
03/05/2010  	21.821096   	25.47920    	23.63163    	11.229419092
04/05/2010  	19.815397   	24.96459    	22.42477    	10.261822939
05/05/2010  	19.858480   	26.70147    	23.49725    	10.227795700
06/05/2010  	23.363937   	27.02102    	24.96177    	10.275621176
07/05/2010  	23.918400   	26.45876    	25.09813    	10.005704542
08/05/2010  	24.645067   	26.58026    	25.56020    	 9.977318466
09/05/2010  	22.444635   	25.45299    	24.30188    	10.171554029
10/05/2010  	22.269802   	25.69039    	23.80830    	10.290080369
11/05/2010  	21.090237   	26.01184    	23.55320    	10.335515539
12/05/2010  	20.404119   	25.89566    	23.47088    	 9.962836444
13/05/2010  	19.577503   	27.03010    	23.21044    	 9.585543573
14/05/2010  	21.673964   	27.29630    	24.50379    	 9.607930581
15/05/2010  	22.285263   	27.01950    	24.55060    	 9.913869003
16/05/2010  	21.464491   	27.35431    	24.25499    	10.276807149
17/05/2010  	21.679186   	27.21811    	24.52891    	10.641913573
18/05/2010  	21.907583   	27.27425    	24.33259    	11.067619006
19/05/2010  	22.502750   	27.43020    	24.56744    	11.622092764
20/05/2010  	23.144732   	27.55688    	24.88599    	12.233932495
21/05/2010  	22.841030   	26.98548    	24.63562    	12.941605528
22/05/2010  	22.569347   	26.40102    	24.17087    	13.633333464
23/05/2010  	21.845068   	26.58612    	23.92460    	14.244280080
24/05/2010  	20.658525   	26.14632    	23.71660    	14.843915701
25/05/2010  	20.682726   	26.09747    	23.45272    	15.146392445
26/05/2010  	21.475693   	27.31953    	24.22376    	15.186054250
27/05/2010  	22.743744   	26.87692    	25.09938    	14.904240747
28/05/2010  	21.722145   	26.78970    	24.78511    	14.871116360
29/05/2010  	22.093662   	28.15089    	24.90786    	14.817667385
30/05/2010  	23.933197   	28.02878    	25.93900    	14.826594293
31/05/2010  	23.951283   	27.45861    	25.57035    	14.733007967
01/06/2010  	23.137074   	28.70600    	25.54339    	14.820114295
02/06/2010  	22.529070   	28.53196    	25.82346    	15.106596748
03/06/2010  	24.017765   	28.39484    	26.01616    	15.516683559
04/06/2010  	22.939739   	27.93390    	25.45518    	16.030441463
05/06/2010  	22.707544   	27.36063    	25.28634    	16.447727760
06/06/2010  	23.543356   	27.33862    	25.66861    	16.795432687
07/06/2010  	24.009773   	27.47083    	25.83080    	16.926865220
08/06/2010  	24.388546   	26.88810    	25.62491    	17.031572700
09/06/2010  	24.370768   	26.52716    	25.42351    	17.240867297
10/06/2010  	23.708097   	26.16719    	24.93453    	17.514131665
11/06/2010  	23.155224   	26.20827    	24.61537    	17.796772361
12/06/2010  	21.913956   	26.00553    	24.09341    	17.828484297
13/06/2010  	20.581278   	25.76712    	23.32946    	17.674510280
14/06/2010  	21.059072   	26.79662    	24.10672    	17.701081196
15/06/2010  	19.990551   	26.38414    	23.50129    	17.555895686
16/06/2010  	20.433716   	27.01970    	23.97513    	16.859357436
17/06/2010  	21.419827   	27.94317    	25.01838    	16.560145934
18/06/2010  	21.423674   	28.51016    	25.02801    	16.424498061
19/06/2010  	25.362720   	31.35620    	27.85946    	14.709460437
20/06/2010  	28.293676   	31.43373    	29.92134    	13.794845521
21/06/2010  	27.789904   	30.56448    	29.02452    	14.083120167
22/06/2010  	27.663885   	30.23672    	28.59129    	14.682578743
23/06/2010  	27.394255   	30.15250    	28.52960    	15.346919517
24/06/2010  	27.585400   	29.90789    	28.58864    	16.082079868
25/06/2010  	27.448669   	30.35312    	28.57953    	16.628795942
26/06/2010  	27.089128   	30.61001    	28.45422    	17.274071495
27/06/2010  	27.020811   	30.85174    	28.72898    	18.006998738
28/06/2010  	26.959818   	30.71067    	28.79933    	18.793334762
29/06/2010  	26.871643   	30.59105    	28.73748    	19.355210662
30/06/2010  	27.031553   	30.72461    	28.71407    	19.780738195
01/07/2010  	27.194532   	30.84574    	28.75596    	20.113602082
02/07/2010  	26.545462   	30.92284    	28.95005    	20.491927385
03/07/2010  	27.370752   	30.12316    	28.78137    	20.993499358
04/07/2010  	26.874317   	30.22322    	28.54947    	21.322345694
05/07/2010  	27.154558   	30.31884    	28.90826    	21.422548652
06/07/2010  	27.186449   	29.64788    	28.47443    	21.503960689
07/07/2010  	26.490824   	30.18267    	28.46957    	21.223345478
08/07/2010  	27.672703   	30.36369    	29.18590    	20.996671756
09/07/2010  	27.603291   	30.12838    	28.95693    	21.171319644
10/07/2010  	27.770483   	30.18456    	28.97590    	21.511878848
11/07/2010  	27.655914   	30.09340    	28.83617    	21.916268388
12/07/2010  	27.617355   	30.53834    	29.00174    	22.144606312
13/07/2010  	27.909971   	30.44916    	29.18268    	22.094365199
14/07/2010  	27.312977   	30.43465    	28.86263    	22.238822738
15/07/2010  	26.623674   	30.21619    	28.76473    	22.026835481
16/07/2010  	26.749224   	29.43986    	28.53520    	21.220239441
17/07/2010  	27.141766   	28.97953    	28.41165    	20.782502492
18/07/2010  	27.623913   	28.62536    	28.23060    	20.509173075
19/07/2010  	27.374022   	28.76074    	28.20554    	20.583108266
20/07/2010  	27.042353   	28.82055    	28.13690    	20.801301916
21/07/2010  	27.438168   	28.94799    	28.35200    	20.864651680
22/07/2010  	27.646122   	29.03143    	28.44326    	20.884410063
23/07/2010  	27.047436   	29.11090    	28.12651    	20.948513746
24/07/2010  	25.539185   	29.06054    	27.55831    	20.868394256
25/07/2010  	25.099741   	29.48714    	27.56007    	20.710740288
26/07/2010  	25.638519   	29.40511    	27.43061    	20.637186805
27/07/2010  	24.248302   	29.24143    	26.79892    	20.517022451
28/07/2010  	23.788483   	29.46947    	26.82017    	20.695822835
29/07/2010  	23.629307   	29.35953    	26.43853    	20.681448499
30/07/2010  	22.860651   	29.14855    	25.79874    	20.423042536
31/07/2010  	22.031010   	29.70611    	26.55878    	20.233391682
01/08/2010  	23.790537   	28.86426    	26.77966    	20.331865271
02/08/2010  	25.202763   	29.28639    	26.91864    	20.516572277
03/08/2010  	23.820805   	28.24956    	26.46956    	20.609575550
04/08/2010  	25.140917   	28.84348    	26.92977    	20.487929980
05/08/2010  	24.733192   	28.12825    	26.74897    	20.238550901
06/08/2010  	24.861488   	27.37011    	26.11201    	20.061065992
07/08/2010  	24.632427   	27.74080    	26.21938    	19.914282997
08/08/2010  	24.863495   	27.81121    	26.18193    	19.908144156
09/08/2010  	23.145496   	26.77227    	25.06839    	19.836395105
10/08/2010  	23.045984   	27.56972    	25.34131    	19.925640742
11/08/2010  	23.571468   	27.89482    	25.62985    	19.943960309
12/08/2010  	22.748949   	27.83410    	25.06478    	19.910105824
13/08/2010  	22.253546   	27.35364    	24.77582    	19.777002335
14/08/2010  	22.465170   	26.82589    	24.65113    	19.804585258
15/08/2010  	20.972788   	25.81355    	23.72566    	19.762605667
16/08/2010  	21.384874   	25.78840    	23.59815    	19.363135695
17/08/2010  	21.158504   	24.83523    	23.07441    	19.380612214
18/08/2010  	20.955147   	24.12246    	22.27982    	19.202653090
19/08/2010  	20.827938   	24.09780    	22.07523    	19.009364525
20/08/2010  	20.507977   	23.76723    	21.98414    	18.853755713
21/08/2010  	20.468990   	23.45298    	21.71891    	18.924603264
22/08/2010  	20.341871   	23.91192    	21.53082    	19.140212893
23/08/2010  	20.057148   	24.26228    	21.90688    	19.316506108
24/08/2010  	20.686962   	24.45969    	21.94445    	18.951357563
25/08/2010  	20.859549   	24.09818    	22.16288    	18.301886241
26/08/2010  	21.145372   	24.46620    	22.84894    	17.952537258
27/08/2010  	21.721273   	24.89202    	22.82405    	17.499815623
28/08/2010  	20.639620   	23.88815    	22.00863    	16.984009266
29/08/2010  	20.091625   	24.07363    	21.62433    	16.383701007
30/08/2010  	21.175875   	25.15481    	23.67681    	15.407434424
31/08/2010  	18.622328   	24.46139    	21.92089    	15.594432632
01/09/2010  	19.228653   	23.17195    	21.30040    	15.690977911
02/09/2010  	19.610401   	22.41039    	20.86832    	15.850728651
03/09/2010  	18.703045   	20.99030    	19.85625    	15.958666583
04/09/2010  	19.365139   	21.15796    	20.16629    	16.132824183
05/09/2010  	18.229189   	19.88333    	19.06635    	16.262011965
06/09/2010  	15.034316   	19.76849    	18.13446    	16.101486842
07/09/2010  	15.711280   	20.79393    	19.33923    	15.738502165
08/09/2010  	18.470751   	21.59755    	20.09822    	15.563159664
09/09/2010  	19.253269   	22.54189    	20.83166    	15.782584528
10/09/2010  	18.352270   	21.58847    	20.07773    	15.941345354
11/09/2010  	18.155737   	22.52425    	20.34064    	16.225052357
12/09/2010  	18.940149   	21.54952    	20.24126    	16.533116500
13/09/2010  	17.703224   	21.00149    	19.42994    	16.571702162
14/09/2010  	17.823624   	21.79287    	19.66320    	16.559602300
15/09/2010  	18.206923   	20.71177    	19.48461    	16.155888697
16/09/2010  	18.607914   	21.79555    	20.23527    	15.370941182
17/09/2010  	18.859188   	23.11705    	20.43100    	14.740254223
18/09/2010  	21.077194   	24.24030    	22.42646    	13.665494800
19/09/2010  	18.954060   	22.93816    	20.35066    	13.708190481
20/09/2010  	18.206129   	21.29376    	19.63129    	13.914754391
21/09/2010  	18.050814   	21.01543    	19.39463    	14.325423479
22/09/2010  	17.317501   	20.73764    	19.00037    	14.596906622
23/09/2010  	17.103329   	20.70207    	18.87034    	14.915047109
24/09/2010  	17.148600   	20.57447    	18.92918    	15.218509535
25/09/2010  	16.206491   	19.55214    	17.98138    	14.872656325
26/09/2010  	16.607662   	20.34944    	18.33044    	14.466954648
27/09/2010  	15.640755   	21.26286    	18.54429    	14.369217734
28/09/2010  	17.013910   	20.39429    	18.69667    	14.401836852
29/09/2010  	16.643066   	20.08633    	18.24947    	14.251991133
30/09/2010  	15.881125   	20.72492    	18.65356    	13.947646856
01/10/2010  	17.542763   	20.88611    	19.18794    	13.852565904
02/10/2010  	18.549700   	21.49205    	20.12784    	14.021295130
03/10/2010  	19.909452   	22.55282    	21.16250    	14.562625150
04/10/2010  	20.391441   	23.22544    	22.08790    	15.013268232
05/10/2010  	20.690353   	23.17976    	21.98608    	15.214488983
06/10/2010  	20.629557   	23.45774    	22.28134    	15.456461151
07/10/2010  	20.595575   	23.45286    	22.10357    	15.508536935
08/10/2010  	19.537094   	22.69044    	21.45424    	15.535917977
09/10/2010  	18.616148   	22.69308    	21.07024    	15.414566656
10/10/2010  	18.522133   	22.50726    	20.79325    	15.024752696
11/10/2010  	18.349800   	22.10405    	19.87074    	14.418947458
12/10/2010  	16.689346   	20.73799    	18.63910    	13.933601777
13/10/2010  	15.997339   	20.56938    	18.21647    	13.672088106
14/10/2010  	17.002705   	20.98847    	18.87046    	13.539503276
15/10/2010  	16.234619   	20.19485    	18.21091    	13.300503731
16/10/2010  	18.855989   	21.35284    	19.82081    	12.652677774
17/10/2010  	20.810556   	23.17646    	22.53353    	12.031786521
18/10/2010  	19.094162   	22.43561    	20.65704    	11.587985317
19/10/2010  	19.040596   	21.87766    	19.93731    	11.319563131
20/10/2010  	19.046400   	23.29220    	20.45228    	10.025357346
21/10/2010  	20.118118   	23.09896    	21.13335    	 9.336967687
22/10/2010  	19.424181   	22.39100    	20.33318    	 9.552706242
23/10/2010  	18.264109   	23.49790    	20.79166    	 9.655626098
24/10/2010  	18.891438   	22.65872    	20.26989    	 9.314637065
25/10/2010  	19.190964   	21.76891    	19.93347    	 8.566113412
26/10/2010  	17.397524   	23.04785    	20.53754    	 8.171942761
27/10/2010  	18.586033   	23.05615    	20.45692    	 8.491028527
28/10/2010  	18.899731   	22.40341    	20.05047    	 8.866608183
29/10/2010  	18.648670   	22.75318    	19.75417    	 9.191769779
30/10/2010  	19.583124   	23.53850    	21.96512    	 9.850551029
31/10/2010  	19.963461   	24.38145    	22.85423    	10.167094171
01/11/2010  	21.960640   	25.04550    	23.35653    	10.303598980
02/11/2010  	19.991619   	23.59839    	22.29423    	10.236908595
03/11/2010  	21.772951   	24.64850    	22.89869    	10.594865123
04/11/2010  	21.725328   	23.74870    	22.47647    	10.836477478
05/11/2010  	21.202406   	24.65403    	22.91316    	11.474067609
06/11/2010  	21.523094   	24.27517    	22.88147    	11.446275214
07/11/2010  	20.285578   	24.64128    	22.36295    	11.103199959
08/11/2010  	17.998182   	25.12665    	21.89930    	10.426324824
09/11/2010  	20.393921   	25.08539    	23.95259    	 9.701881250
10/11/2010  	20.812798   	24.47264    	22.37597    	 8.999468982
11/11/2010  	19.190912   	22.96109    	21.10791    	 8.309866468
12/11/2010  	20.023006   	25.24792    	21.95769    	 8.172468662
13/11/2010  	20.036594   	25.49159    	21.96568    	 8.367054919
14/11/2010  	20.782448   	25.55303    	23.82747    	 8.781231304
15/11/2010  	20.867220   	25.60048    	22.58862    	 8.595509569
16/11/2010  	20.406151   	24.84679    	22.65797    	 8.518812517
17/11/2010  	21.483362   	25.00197    	23.23293    	 8.385293921
18/11/2010  	22.106676   	25.03533    	23.51367    	 8.033980240
19/11/2010  	21.166536   	23.93677    	22.41012    	 7.773272753
20/11/2010  	20.146166   	23.03722    	21.44842    	 7.658776770
21/11/2010  	19.462709   	22.24328    	20.77691    	 7.504319886
22/11/2010  	18.826439   	21.75396    	20.24532    	 7.235680540
23/11/2010  	15.874500   	20.72383    	18.60516    	 6.836378475
24/11/2010  	15.892488   	22.40814    	18.51579    	 6.447067370
25/11/2010  	18.097080   	22.51266    	20.61798    	 6.091928730
26/11/2010  	18.166021   	22.49311    	20.26703    	 5.724376768
27/11/2010  	17.900291   	22.16255    	19.85233    	 5.354354203
28/11/2010  	18.247587   	22.07152    	19.87744    	 4.883810341
29/11/2010  	18.116074   	21.43086    	20.37897    	 4.164620946
30/11/2010  	18.384836   	22.16858    	21.02184    	 3.808697154
01/12/2010  	17.908470   	22.50461    	21.07381    	 3.183333844
02/12/2010  	19.379202   	22.58634    	21.44043    	 2.362376926
03/12/2010  	19.582743   	22.74697    	21.30699    	 1.959868965
04/12/2010  	19.902884   	24.06536    	22.14724    	 2.038523895
05/12/2010  	21.042183   	24.28221    	23.03196    	 2.099681986
06/12/2010  	21.317764   	24.25098    	22.83871    	 2.164213354
07/12/2010  	21.401871   	24.54325    	22.81500    	 2.098205326
08/12/2010  	21.307634   	24.61322    	22.74452    	 1.921169053
09/12/2010  	20.050343   	24.24958    	21.86849    	 1.504065114
10/12/2010  	19.366894   	25.25607    	21.92681    	 1.518804548
11/12/2010  	20.693066   	28.43125    	24.87517    	 2.866405872
12/12/2010  	24.930717   	28.81090    	27.20768    	 4.002381797
13/12/2010  	21.111881   	26.38644    	23.64255    	 3.301967810
14/12/2010  	23.072618   	26.38078    	24.54418    	 3.100011587
15/12/2010  	22.430363   	24.96061    	23.54395    	 2.514699380
16/12/2010  	20.052858   	24.30955    	22.59911    	 2.348265206
17/12/2010  	21.958616   	23.94808    	23.02557    	 2.216398907
18/12/2010  	19.516907   	23.93585    	22.11107    	 1.943741068
19/12/2010  	20.299267   	23.61455    	22.62699    	 1.477129762
20/12/2010  	21.163336   	23.33021    	22.43410    	 0.968241432
21/12/2010  	20.993910   	23.07180    	22.15149    	 0.639857475
22/12/2010  	20.186163   	22.91887    	21.82367    	 0.281941220
23/12/2010  	17.431938   	22.31447    	20.56127    	-0.018247959
24/12/2010  	17.563993   	24.59383    	20.09397    	-0.169487656
25/12/2010  	19.390198   	26.13101    	21.96528    	-0.368221596
26/12/2010  	19.930534   	26.15381    	22.56949    	-0.344930670
27/12/2010  	20.278660   	25.25036    	21.93901    	-0.186890334
28/12/2010  	19.472553   	23.45123    	21.29908    	-0.104935281
29/12/2010  	20.039595   	23.15136    	21.71650    	-0.057408629
30/12/2010  	19.961325   	22.24405    	21.37284    	-0.064319183
31/12/2010  	19.121384   	22.11843    	20.65612    	 0.061712106
01/01/2011  	18.755184   	21.73446    	20.21129    	 0.387098560
02/01/2011  	18.462297   	21.14023    	19.74551    	 0.739420169
03/01/2011  	16.743134   	23.62400    	19.86316    	 0.901781163
04/01/2011  	17.445267   	22.52287    	20.21804    	 0.997921670
05/01/2011  	18.618696   	21.90536    	20.07500    	 0.906449693
06/01/2011  	19.610760   	22.09090    	20.52039    	 0.980639455
07/01/2011  	17.931860   	22.15549    	20.16642    	 1.098004309
08/01/2011  	18.814436   	22.92715    	21.04033    	 1.710775152
09/01/2011  	20.486721   	22.84373    	21.14275    	 2.038730589
10/01/2011  	19.271633   	22.05158    	20.56259    	 1.919250165
11/01/2011  	20.085155   	23.46518    	20.99633    	 1.998338910
12/01/2011  	19.438469   	23.77823    	21.13565    	 2.128908714
13/01/2011  	19.657839   	23.09041    	21.31370    	 2.356510669
14/01/2011  	19.645145   	22.85118    	20.88117    	 2.755146002
15/01/2011  	18.690325   	22.54453    	20.77146    	 3.223673175
16/01/2011  	18.715166   	25.59967    	22.76300    	 3.736029441
17/01/2011  	22.936277   	25.32765    	24.42784    	 4.099241714
18/01/2011  	21.629923   	24.52233    	23.07839    	 4.224276920
19/01/2011  	19.190859   	22.53220    	20.97218    	 4.136501004
20/01/2011  	17.033228   	20.78212    	18.92188    	 3.955019464
21/01/2011  	16.344814   	19.69320    	18.11892    	 3.735632613
22/01/2011  	13.220170   	19.29634    	16.11147    	 3.595039457
23/01/2011  	12.265623   	19.25558    	15.73883    	 3.646239157
24/01/2011  	11.405185   	18.77764    	15.29450    	 3.820585420
25/01/2011  	 9.209504   	19.17018    	15.30778    	 4.045202345
26/01/2011  	14.805372   	17.46538    	16.24486    	 4.034579054
27/01/2011  	13.829305   	17.68691    	15.90339    	 3.676470940
28/01/2011  	14.376231   	17.49907    	16.25715    	 2.867284184
29/01/2011  	15.305749   	17.83200    	16.45316    	 2.603455340
30/01/2011  	14.576449   	17.20754    	16.28253    	 2.429153755
31/01/2011  	14.528494   	18.03296    	16.15712    	 2.222636357
01/02/2011  	12.937782   	18.83010    	15.59305    	 1.950691226
02/02/2011  	13.129536   	18.47548    	16.10933    	 1.998812872
03/02/2011  	14.651734   	19.47413    	16.72439    	 2.394161676
04/02/2011  	14.787569   	25.68076    	17.53945    	 2.947008853
05/02/2011  	16.523478   	28.98290    	21.93153    	 4.244810109
06/02/2011  	20.293703   	28.88214    	25.60581    	 5.227350891
07/02/2011  	22.975222   	28.87480    	26.29983    	 5.521231145
08/02/2011  	24.525454   	28.24851    	26.07049    	 5.505041152
09/02/2011  	22.103537   	26.81971    	24.47315    	 5.340477020
10/02/2011  	23.098114   	26.59649    	24.74770    	 5.141005367
11/02/2011  	22.461306   	25.70442    	24.06911    	 5.172796100
12/02/2011  	20.978935   	24.67760    	23.44844    	 4.993289739
13/02/2011  	23.371292   	25.37585    	24.45287    	 4.658387731
14/02/2011  	22.549763   	24.18330    	23.52716    	 4.648052305
15/02/2011  	22.626928   	23.68872    	23.18018    	 4.668421408
16/02/2011  	22.476021   	23.62429    	23.05770    	 4.660187195
17/02/2011  	21.558523   	23.36660    	22.80682    	 4.596044153
18/02/2011  	20.375221   	23.21919    	22.21416    	 4.319317202
19/02/2011  	17.961302   	23.09539    	21.23068    	 3.885629386
20/02/2011  	18.356634   	22.97983    	21.50952    	 3.323322728
21/02/2011  	19.605587   	22.43954    	21.47678    	 2.626657064
22/02/2011  	20.050913   	22.56540    	21.58266    	 1.996416504
23/02/2011  	19.553816   	22.26240    	21.48114    	 1.661560210
24/02/2011  	21.291210   	22.88747    	22.15804    	 1.697051530
25/02/2011  	20.956202   	22.85205    	22.09621    	 1.884027178
26/02/2011  	22.084154   	23.79742    	22.73186    	 2.321973835
27/02/2011  	22.137869   	23.35155    	22.68962    	 2.723039120
28/02/2011  	20.344900   	22.55170    	21.83032    	 3.081744393
01/03/2011  	19.988266   	22.03706    	21.10779    	 3.043678701
02/03/2011  	18.343826   	20.98319    	20.03123    	 2.936990783
03/03/2011  	17.397314   	20.68662    	19.08806    	 2.780101225
04/03/2011  	15.394537   	21.40918    	18.39122    	 2.652977501
05/03/2011  	15.264815   	21.53096    	18.56331    	 2.723548616
06/03/2011  	15.160850   	22.45086    	18.24835    	 2.856309975
07/03/2011  	15.280788   	22.55831    	19.26597    	 2.907696699
08/03/2011  	16.501585   	22.40825    	19.66652    	 2.941648483
09/03/2011  	18.638208   	22.73174    	20.60242    	 3.198099395
10/03/2011  	18.720011   	21.58858    	19.89201    	 3.547919234
11/03/2011  	19.077232   	21.30983    	19.86306    	 3.906941320
12/03/2011  	18.726000   	21.97532    	19.95337    	 4.060991247
13/03/2011  	18.834021   	23.42790    	21.16607    	 4.276547025
14/03/2011  	20.179762   	23.18156    	21.71758    	 4.564856122
15/03/2011  	20.595613   	23.42617    	22.00722    	 4.903108726
16/03/2011  	21.115398   	24.44829    	22.83910    	 5.204097698
17/03/2011  	21.382141   	23.93448    	22.58317    	 5.431137582
18/03/2011  	19.818499   	23.22810    	21.84447    	 5.557064245
19/03/2011  	19.463629   	22.50026    	21.15567    	 5.674175908
20/03/2011  	19.290346   	23.57261    	21.01847    	 5.842308372
21/03/2011  	19.472105   	24.33072    	21.45358    	 5.996029377
22/03/2011  	19.327549   	24.91393    	21.72144    	 6.218439788
23/03/2011  	19.036911   	25.28403    	21.61364    	 6.578758319
24/03/2011  	19.313292   	25.32758    	22.08503    	 6.947896600
25/03/2011  	19.699736   	24.64798    	22.13829    	 7.271687915
26/03/2011  	20.137335   	24.45359    	22.24657    	 7.449909101
27/03/2011  	20.107363   	25.03410    	22.54122    	 7.355823268
28/03/2011  	21.308851   	24.65495    	23.13478    	 7.320501496
29/03/2011  	21.448204   	25.11365    	23.17586    	 7.313714465
30/03/2011  	21.885920   	25.44911    	23.56578    	 7.399594893
31/03/2011  	22.493383   	25.86790    	24.37200    	 7.555749734
01/04/2011  	23.547760   	25.52633    	24.62984    	 7.855641683
02/04/2011  	23.541710   	25.52793    	24.58922    	 8.112352808
03/04/2011  	24.212124   	25.62007    	24.93626    	 8.375075271
04/04/2011  	24.365013   	25.83987    	24.98293    	 8.620106836
05/04/2011  	24.219940   	26.60410    	25.17563    	 8.769290308
06/04/2011  	24.531059   	26.26307    	25.36679    	 8.943382800
07/04/2011  	24.752924   	26.31727    	25.41439    	 9.339433968
08/04/2011  	24.739250   	26.35302    	25.49465    	 9.759605189
09/04/2011  	24.558773   	26.20496    	25.38772    	 9.995699485
10/04/2011  	24.627703   	26.56053    	25.38091    	10.227640986
11/04/2011  	24.657894   	26.91306    	25.54374    	10.554527899
12/04/2011  	24.759005   	26.93206    	25.67831    	10.604829292
13/04/2011  	24.919590   	27.49391    	25.84663    	10.347350677
14/04/2011  	24.897600   	26.87953    	25.52128    	10.508431276
15/04/2011  	24.890295   	27.73767    	25.68654    	10.590406815
16/04/2011  	25.042084   	28.17329    	26.19597    	10.659531494
17/04/2011  	25.045095   	28.19713    	26.22412    	10.938343565
18/04/2011  	25.060707   	28.38472    	26.32500    	11.317804893
19/04/2011  	25.132721   	28.27638    	26.51589    	11.644671241
20/04/2011  	25.292921   	28.13672    	26.53636    	12.072541753
21/04/2011  	25.404627   	28.45896    	26.61915    	12.557492236
22/04/2011  	25.501429   	28.31180    	26.74470    	13.029216886
23/04/2011  	25.655674   	28.46527    	26.93833    	13.452674369
24/04/2011  	25.879801   	28.50231    	27.02267    	13.879013240
25/04/2011  	25.965178   	28.34098    	26.85947    	14.347551624
26/04/2011  	26.026083   	28.17821    	26.82357    	14.560224791
27/04/2011  	25.941385   	27.97980    	26.51578    	13.918408116
28/04/2011  	26.101095   	28.76525    	27.02131    	13.067526340
29/04/2011  	26.203663   	29.94837    	27.61232    	13.163363536
30/04/2011  	26.405895   	30.05541    	28.34089    	12.882575353
01/05/2011  	27.231323   	29.72649    	28.56294    	12.741753320
02/05/2011  	27.491951   	29.88876    	28.59835    	12.426233908
03/05/2011  	27.829020   	30.24671    	28.91651    	11.766615768
04/05/2011  	28.031958   	30.13925    	28.96287    	11.607094189
05/05/2011  	28.242920   	30.87387    	29.36812    	11.552044988
06/05/2011  	28.426630   	31.03335    	29.57906    	11.821282923
07/05/2011  	28.594917   	31.10768    	29.71276    	12.243161341
08/05/2011  	28.678850   	31.05300    	30.01694    	12.559016983
09/05/2011  	29.201792   	30.95698    	30.25594    	12.857069850
10/05/2011  	29.686081   	30.79349    	30.22498    	13.219922105
11/05/2011  	29.700058   	30.92890    	30.22848    	13.715700626
12/05/2011  	29.779343   	30.74789    	30.22747    	14.234610975
13/05/2011  	29.768152   	30.75544    	30.17931    	14.605560501
14/05/2011  	29.762302   	30.77480    	30.21008    	14.910460869
15/05/2011  	30.047192   	31.27839    	30.51753    	14.954350034
16/05/2011  	30.303556   	31.50287    	30.85932    	14.477958083
17/05/2011  	30.387854   	31.47321    	30.89629    	14.466302375
18/05/2011  	30.427149   	31.47704    	30.97097    	14.555519481
19/05/2011  	30.753296   	31.25257    	31.00719    	14.791355352
20/05/2011  	30.822741   	31.92923    	31.19024    	15.120198190
21/05/2011  	30.887787   	31.63867    	31.23963    	15.539794008
22/05/2011  	30.940317   	31.89168    	31.35446    	16.006279210
23/05/2011  	31.031677   	31.71813    	31.36609    	16.057095329
24/05/2011  	30.735497   	31.80138    	31.34012    	15.919508398
25/05/2011  	30.896980   	31.55869    	31.31407    	15.602077047
26/05/2011  	30.721651   	31.46103    	31.04819    	15.859413584
27/05/2011  	30.573654   	30.99722    	30.82604    	15.612222314
28/05/2011  	30.096504   	31.05746    	30.57284    	15.188708027
29/05/2011  	29.637064   	30.79155    	30.26213    	15.051723301
30/05/2011  	29.595533   	30.52976    	30.10973    	15.161510587
31/05/2011  	29.690163   	30.34428    	30.12404    	15.583829105
01/06/2011  	29.928589   	30.46287    	30.24515    	15.908392688
02/06/2011  	30.009140   	30.53169    	30.30291    	16.268583318
03/06/2011  	30.077263   	30.66432    	30.43991    	16.772790829
04/06/2011  	30.282492   	30.78706    	30.56494    	17.309864799
05/06/2011  	30.448490   	31.12495    	30.70929    	17.383125265
06/06/2011  	30.648428   	31.16973    	30.87260    	17.096823851
07/06/2011  	29.905243   	31.42782    	30.75655    	17.233075460
08/06/2011  	29.165913   	31.39005    	30.42038    	17.525220831
09/06/2011  	28.970055   	31.36248    	30.41455    	17.355679671
10/06/2011  	29.022697   	31.15469    	30.39630    	17.381849527
11/06/2011  	29.220032   	30.86128    	30.28142    	17.377273242
12/06/2011  	29.089754   	30.96443    	30.25132    	17.244760354
13/06/2011  	28.827188   	30.64892    	30.15678    	17.123974601
14/06/2011  	29.439951   	30.66329    	30.21468    	17.240121802
15/06/2011  	28.075382   	30.62680    	29.63062    	17.581695954
16/06/2011  	28.378740   	30.60344    	29.70900    	17.692399661
17/06/2011  	28.663685   	30.44065    	29.65087    	17.772731980
18/06/2011  	28.689508   	30.52702    	29.84530    	17.541319251
19/06/2011  	29.500090   	30.47574    	30.09534    	16.882079919
20/06/2011  	29.468370   	30.27789    	29.78592    	16.613631308
21/06/2011  	28.423332   	29.99477    	29.50199    	17.059257666
22/06/2011  	28.752703   	29.82776    	29.52084    	17.074093223
23/06/2011  	28.639757   	29.68969    	29.30824    	17.012146552
24/06/2011  	28.346685   	29.75423    	29.12159    	17.047876159
25/06/2011  	28.113739   	29.63219    	28.87262    	17.054765979
26/06/2011  	27.850807   	28.90380    	28.34099    	17.347080866
27/06/2011  	27.577177   	28.96155    	28.12697    	18.049839139
28/06/2011  	27.447878   	29.10287    	28.23942    	18.654784560
29/06/2011  	26.479813   	29.22482    	27.72269    	19.172237515
30/06/2011  	24.923042   	28.01164    	26.84419    	19.490291039
01/07/2011  	24.437891   	28.75875    	26.41775    	19.034395933
02/07/2011  	21.782476   	28.29637    	25.50146    	18.445056637
03/07/2011  	20.859863   	27.62783    	24.57127    	17.658365568
04/07/2011  	21.480583   	28.61333    	24.92240    	17.207359393
05/07/2011  	22.411619   	28.78399    	25.37718    	17.439288259
06/07/2011  	22.852005   	29.08377    	26.23892    	17.856838226
07/07/2011  	24.323483   	28.25682    	26.54901    	18.090224187
08/07/2011  	24.991489   	28.57253    	26.85394    	18.333720287
09/07/2011  	25.612833   	27.71460    	26.96597    	18.508130074
10/07/2011  	26.156050   	27.63231    	27.11838    	18.577033043
11/07/2011  	25.629038   	27.37143    	26.79873    	18.899055560
12/07/2011  	24.400066   	27.38223    	26.27766    	19.212613344
13/07/2011  	22.754232   	26.96261    	24.74763    	18.369102200
14/07/2011  	24.310318   	29.39095    	26.16540    	17.252018313
15/07/2011  	23.646503   	28.94658    	26.77200    	17.192813834
16/07/2011  	23.627054   	27.69928    	25.33379    	17.603655418
17/07/2011  	23.975592   	26.37918    	25.05625    	17.643742045
18/07/2011  	22.885603   	26.13828    	24.41628    	17.508435249
19/07/2011  	21.102156   	26.28397    	23.65306    	17.318027059
20/07/2011  	21.521442   	25.17760    	23.12416    	17.586965720
21/07/2011  	21.516129   	25.09190    	23.14647    	17.994122028
22/07/2011  	20.362505   	24.43667    	22.28609    	17.961554090
23/07/2011  	21.042362   	25.65952    	23.14869    	16.516572098
24/07/2011  	23.157696   	27.14732    	25.05918    	15.768204371
25/07/2011  	24.819975   	26.76315    	25.65025    	15.448988775
26/07/2011  	23.442566   	24.77221    	23.99170    	15.803673387
27/07/2011  	22.173918   	23.65122    	23.00077    	16.255423685
28/07/2011  	21.238146   	23.72715    	22.35111    	16.826125979
29/07/2011  	19.319067   	23.99706    	21.71478    	17.133074204
30/07/2011  	18.700384   	24.62202    	21.75115    	16.997374813
31/07/2011  	18.175621   	25.67691    	22.03677    	16.775034746
01/08/2011  	19.951775   	25.69073    	23.13497    	16.879647573
02/08/2011  	20.122938   	25.70065    	22.85472    	17.353173852
03/08/2011  	19.336758   	26.00995    	22.95102    	17.831731558
04/08/2011  	19.907003   	25.93625    	22.83576    	18.361862381
05/08/2011  	20.312151   	25.23582    	22.86841    	18.916378458
06/08/2011  	20.911062   	25.15183    	22.90227    	19.337361773
07/08/2011  	20.844814   	25.25966    	23.21515    	19.397662759
08/08/2011  	22.250818   	24.72862    	23.43175    	18.909485420
09/08/2011  	22.744194   	25.76831    	23.87447    	17.715477308
10/08/2011  	22.570200   	25.61414    	23.91672    	16.501210848
11/08/2011  	21.062546   	24.02125    	22.57823    	16.788642406
12/08/2011  	20.747906   	23.75414    	22.07023    	17.065376560
13/08/2011  	19.673159   	23.36331    	21.38632    	17.451736410
14/08/2011  	19.669533   	23.46692    	21.73963    	17.763444821
15/08/2011  	18.989103   	23.32544    	21.44672    	18.029703776
16/08/2011  	18.309748   	24.71344    	21.51660    	18.266056498
17/08/2011  	19.004025   	23.74376    	21.63724    	18.375668089
18/08/2011  	18.631870   	24.33739    	21.56023    	18.310185035
19/08/2011  	18.738792   	23.11491    	21.17289    	18.238917311
20/08/2011  	16.944525   	23.36775    	20.97635    	18.072515806
21/08/2011  	20.303797   	23.38247    	21.78323    	18.211105625
22/08/2011  	20.368118   	23.06634    	21.65840    	18.419221282
23/08/2011  	20.625868   	22.90438    	21.57137    	18.566349626
24/08/2011  	21.960270   	23.83913    	22.97409    	18.674719135
25/08/2011  	21.416061   	23.43844    	22.45125    	18.778018554
26/08/2011  	21.175213   	23.49130    	22.22751    	18.879061739
27/08/2011  	21.084997   	23.49038    	22.18865    	18.802501162
28/08/2011  	20.603518   	23.71379    	21.88228    	18.462105354
29/08/2011  	20.537838   	23.69956    	21.83210    	17.567433635
30/08/2011  	20.779760   	23.06248    	21.80886    	16.116841733
31/08/2011  	18.946266   	24.31589    	21.41926    	15.920131286
01/09/2011  	17.490973   	25.16608    	21.78179    	15.806470037
02/09/2011  	19.460974   	25.31200    	22.58105    	15.830099424
03/09/2011  	20.664934   	24.99289    	22.66002    	16.123112758
04/09/2011  	20.659468   	24.05386    	22.21772    	16.601660848
05/09/2011  	20.347773   	24.16917    	22.71894    	16.878567537
06/09/2011  	21.743595   	24.13405    	23.14564    	16.662111600
07/09/2011  	22.408823   	25.37106    	24.00564    	16.281086087
08/09/2011  	22.588511   	27.31493    	24.95308    	15.974994143
09/09/2011  	23.087311   	26.54059    	24.65894    	15.986302872
10/09/2011  	22.685242   	26.42454    	24.35525    	16.336753448
11/09/2011  	22.444118   	25.83139    	23.97728    	16.660758376
12/09/2011  	21.797020   	25.86148    	23.79810    	16.748868148
13/09/2011  	21.040422   	26.44695    	23.61107    	16.448153019
14/09/2011  	21.330540   	25.67979    	23.12368    	15.781152844
15/09/2011  	21.752985   	24.65564    	23.16019    	15.230099042
16/09/2011  	20.620232   	25.71337    	22.87928    	15.038433691
17/09/2011  	21.076059   	25.53366    	23.58981    	15.075951040
18/09/2011  	22.811258   	25.00993    	23.42392    	15.113238712
19/09/2011  	22.479506   	23.84570    	22.94616    	14.952645004
20/09/2011  	21.280561   	24.29848    	22.61093    	15.001893520
21/09/2011  	20.831846   	24.86209    	22.53196    	15.251921773
22/09/2011  	21.002811   	24.41710    	22.05256    	15.168369035
23/09/2011  	20.998489   	22.79342    	21.93064    	14.907985389
24/09/2011  	21.203768   	23.74231    	22.30312    	14.947247744
25/09/2011  	20.731852   	24.25321    	22.32587    	15.030876219
26/09/2011  	20.081789   	24.58660    	22.43623    	15.211288194
27/09/2011  	20.118793   	24.62649    	22.43027    	15.445757568
28/09/2011  	19.576935   	25.19733    	22.45956    	15.663652857
29/09/2011  	19.976044   	25.10920    	22.51001    	16.019190212
30/09/2011  	19.814741   	24.63097    	22.12382    	16.369218071
01/10/2011  	19.285778   	23.77303    	21.66877    	16.693358779
02/10/2011  	18.619278   	23.02265    	21.03796    	17.011260311
03/10/2011  	18.416004   	23.30328    	21.01275    	17.235947847
04/10/2011  	20.155245   	23.91527    	21.96473    	17.201413353
05/10/2011  	19.558437   	22.90099    	21.08262    	16.950323701
06/10/2011  	20.991562   	24.64583    	22.51185    	16.413770298
07/10/2011  	22.008745   	26.18509    	23.74893    	14.840121984
08/10/2011  	23.669008   	27.53659    	25.34648    	12.851254483
09/10/2011  	22.334684   	25.11643    	23.41368    	12.702892403
10/10/2011  	22.271013   	25.10764    	23.07258    	13.027482808
11/10/2011  	21.592913   	24.52831    	22.76343    	13.601263285
12/10/2011  	21.645317   	24.65217    	22.95529    	13.525199513
13/10/2011  	20.623047   	23.82240    	22.04567    	13.299692909
14/10/2011  	19.221357   	24.78277    	21.58272    	13.063296338
15/10/2011  	19.413797   	24.59577    	22.06826    	12.613771717
16/10/2011  	20.739471   	23.62736    	22.25979    	12.302766244
17/10/2011  	20.681427   	22.72812    	21.75118    	12.180037498
18/10/2011  	20.297905   	22.56970    	21.42632    	12.169811070
19/10/2011  	20.236168   	22.22128    	21.52119    	11.271781047
20/10/2011  	21.301411   	23.87184    	22.45188    	10.189347704
21/10/2011  	20.463589   	21.90734    	21.49165    	10.058418790
22/10/2011  	20.061655   	22.78004    	21.36931    	10.082374195
23/10/2011  	20.133659   	22.99833    	21.43904    	10.205228130
24/10/2011  	20.214432   	23.51904    	22.07958    	10.084237039
25/10/2011  	20.202381   	24.78128    	23.36929    	10.140098333
26/10/2011  	23.675896   	24.60934    	24.14715    	10.222053806
27/10/2011  	23.815866   	24.89734    	24.39742    	10.232073605
28/10/2011  	24.033504   	25.34136    	24.72472    	10.354989787
29/10/2011  	23.997280   	24.95886    	24.48437    	10.404544214
30/10/2011  	24.016794   	26.03393    	24.71292    	10.712571601
31/10/2011  	24.080692   	25.98594    	24.81630    	11.034672042
01/11/2011  	23.903439   	25.80848    	24.79794    	11.188741227
02/11/2011  	23.066223   	25.94549    	24.69780    	11.372923632
03/11/2011  	23.766951   	25.61167    	24.86911    	11.453171531
04/11/2011  	24.943100   	26.32719    	25.59162    	11.771747470
05/11/2011  	25.242514   	25.91825    	25.63523    	11.926553011
06/11/2011  	24.583416   	26.08200    	25.57753    	11.933275998
07/11/2011  	22.932493   	25.57040    	24.60962    	11.740700126
08/11/2011  	22.720179   	25.61560    	24.38775    	11.398692667
09/11/2011  	22.772909   	25.95435    	24.70818    	11.112334410
10/11/2011  	22.999615   	25.69493    	24.68165    	10.847048302
11/11/2011  	23.369970   	26.02724    	24.92084    	10.420969764
12/11/2011  	24.200315   	26.06467    	25.25750    	 9.919756532
13/11/2011  	24.488970   	26.06514    	25.38525    	 9.675766051
14/11/2011  	23.978167   	25.72964    	24.85235    	 8.932256838
15/11/2011  	23.657927   	25.85517    	24.82203    	 8.256149977
16/11/2011  	23.719315   	26.21951    	24.91229    	 7.537973017
17/11/2011  	24.280056   	26.40089    	25.46185    	 7.372873416
18/11/2011  	24.888531   	26.51186    	25.79694    	 7.554281016
19/11/2011  	25.614862   	26.88971    	26.18241    	 7.618758519
20/11/2011  	25.772346   	26.87106    	26.25823    	 7.571063628
21/11/2011  	25.674974   	27.01741    	26.21693    	 7.459178468
22/11/2011  	25.351133   	27.13118    	26.13412    	 7.282317112
23/11/2011  	25.336573   	26.81070    	25.94397    	 7.116674691
24/11/2011  	25.178492   	27.75755    	26.23045    	 7.407696615
25/11/2011  	24.819416   	27.76897    	26.27312    	 7.738172630
26/11/2011  	25.191671   	26.88770    	25.97137    	 7.716253887
27/11/2011  	24.905994   	27.14360    	26.11827    	 8.218215217
28/11/2011  	24.998178   	27.08680    	26.20725    	 8.231736541
29/11/2011  	24.782192   	28.47092    	26.17345    	 8.054556916
30/11/2011  	24.773046   	28.50388    	26.02867    	 7.993566463
01/12/2011  	23.182608   	26.12742    	24.70994    	 7.987682750
02/12/2011  	23.510818   	26.29147    	24.69997    	 7.985297928
03/12/2011  	23.605909   	25.20792    	24.18257    	 7.794518898
04/12/2011  	23.431089   	26.09066    	25.07390    	 7.614184201
05/12/2011  	24.987328   	26.87259    	25.55110    	 7.200942338
06/12/2011  	25.053087   	26.10800    	25.28901    	 6.620672315
07/12/2011  	24.684885   	25.54501    	24.99828    	 6.304977208
08/12/2011  	24.934151   	26.41516    	25.52849    	 6.229359041
09/12/2011  	25.006462   	26.36328    	25.61666    	 6.164601892
10/12/2011  	25.244356   	26.12567    	25.67599    	 5.812109679
11/12/2011  	24.799847   	26.04646    	25.58363    	 5.566037277
12/12/2011  	24.313643   	26.20893    	25.18873    	 5.667145818
13/12/2011  	23.175901   	27.11387    	25.35713    	 5.773251762
14/12/2011  	22.104099   	28.05669    	24.83610    	 5.911548744
15/12/2011  	22.521570   	28.41488    	25.54431    	 5.934191177
16/12/2011  	23.848585   	28.36992    	26.02716    	 5.903350671
17/12/2011  	20.982307   	27.19502    	23.78077    	 5.438302388
18/12/2011  	19.887953   	25.18800    	23.64629    	 4.736696035
19/12/2011  	19.430054   	24.45990    	22.54869    	 4.585451861
20/12/2011  	19.746401   	26.72615    	23.01133    	 4.565979669
21/12/2011  	21.104828   	25.76789    	22.89986    	 4.585943649
22/12/2011  	18.420540   	23.42306    	20.77984    	 4.720244606
23/12/2011  	16.873472   	22.49092    	20.07797    	 5.129694651
24/12/2011  	18.084129   	23.04436    	19.76686    	 5.463030537
25/12/2011  	17.013443   	19.86974    	18.49425    	 5.572409928
26/12/2011  	15.526849   	19.76738    	17.47438    	 6.048795780
27/12/2011  	15.655357   	20.53628    	17.46205    	 6.422161241
28/12/2011  	15.705644   	20.92700    	17.39855    	 6.324132582
29/12/2011  	16.418859   	22.27233    	19.00108    	 5.971463273
30/12/2011  	17.440014   	22.60409    	20.58399    	 5.567568292
