date	smin	smax	smean	tmean
01/01/2009 	14.405106  	17.932446  	16.419317  	-0.22009997
02/01/2009 	16.433794  	18.761501  	17.663033  	 0.28451899
03/01/2009 	16.676701  	21.940170  	19.159501  	 0.34521848
04/01/2009 	19.769629  	25.999027  	22.360326  	 1.68271765
05/01/2009 	15.553686  	25.376772  	19.748713  	 0.88685365
06/01/2009 	14.718607  	20.141008  	17.039321  	-0.52325928
07/01/2009 	15.924485  	22.379393  	19.341511  	-0.08118333
08/01/2009 	18.190609  	22.069473  	20.022656  	 0.23323247
09/01/2009 	18.813116  	20.387793  	19.378491  	 0.01202376
10/01/2009 	18.043245  	20.243505  	19.061343  	-0.46247056
11/01/2009 	18.238295  	23.599501  	21.384041  	 0.11182069
12/01/2009 	22.108452  	24.736807  	23.436314  	 1.12865217
13/01/2009 	22.081738  	24.532970  	23.358323  	 1.62122082
14/01/2009 	22.204048  	24.213440  	23.091847  	 1.94854925
15/01/2009 	19.199436  	23.949493  	21.752906  	 1.76345492
16/01/2009 	15.776919  	24.480982  	19.078562  	 1.36740862
17/01/2009 	19.348949  	24.533270  	23.132427  	 2.10444270
18/01/2009 	22.665537  	24.873499  	23.788964  	 2.77802027
19/01/2009 	22.091410  	25.597265  	23.002625  	 2.81260488
20/01/2009 	25.513468  	27.217524  	26.294073  	 3.01280109
21/01/2009 	25.230564  	26.238947  	25.598918  	 2.76115071
22/01/2009 	25.314674  	28.164658  	26.696892  	 2.65200552
23/01/2009 	24.836401  	28.607479  	26.527909  	 2.72103725
24/01/2009 	25.476522  	27.687618  	26.720265  	 2.99792844
25/01/2009 	25.942333  	27.402254  	26.493156  	 2.83526775
26/01/2009 	21.922415  	26.808941  	25.563229  	 2.39456908
27/01/2009 	19.892273  	24.639038  	22.326206  	 1.55753933
28/01/2009 	17.702240  	24.878588  	20.696571  	 1.21722202
29/01/2009 	16.185057  	22.258801  	18.470781  	 0.95595470
30/01/2009 	15.934071  	22.292461  	17.972173  	 0.69771270
31/01/2009 	19.909859  	22.718132  	21.152713  	 0.49722467
01/02/2009 	18.282631  	21.809961  	20.588505  	-0.42000995
02/02/2009 	19.850418  	22.889431  	21.663195  	-0.04789534
03/02/2009 	22.855003  	23.158014  	22.990728  	 0.47495585
04/02/2009 	21.131868  	23.206766  	22.276476  	 0.64879858
05/02/2009 	21.448009  	23.243290  	22.790804  	 0.89386598
06/02/2009 	22.553534  	23.747013  	23.215897  	 1.37797026
07/02/2009 	21.945808  	23.391178  	22.653290  	 1.70173256
08/02/2009 	21.907135  	23.712622  	22.801185  	 1.47824147
09/02/2009 	21.358482  	23.056559  	22.450586  	 1.54258495
10/02/2009 	17.669670  	23.241610  	21.094513  	 1.58152679
11/02/2009 	15.328446  	24.050091  	20.286932  	 1.83675613
12/02/2009 	20.408962  	24.698994  	22.738708  	 2.09223266
13/02/2009 	21.848188  	25.189600  	23.564711  	 2.30434174
14/02/2009 	16.362150  	24.698956  	19.908100  	 1.65650740
15/02/2009 	15.588135  	20.975197  	19.295510  	 1.81978640
16/02/2009 	20.444935  	23.622004  	22.181706  	 2.76065335
17/02/2009 	16.154459  	23.296898  	19.892726  	 3.10914599
18/02/2009 	14.499905  	18.155439  	16.115520  	 2.44336127
19/02/2009 	14.396908  	19.130573  	16.216821  	 2.38064996
20/02/2009 	17.377918  	20.896330  	19.450553  	 3.12626629
21/02/2009 	16.282476  	20.924093  	18.663619  	 3.34764772
22/02/2009 	17.018209  	21.376932  	18.933045  	 3.80194537
23/02/2009 	17.800858  	23.740715  	21.279485  	 4.18964637
24/02/2009 	14.571065  	22.858028  	17.481175  	 4.24578509
25/02/2009 	13.076362  	18.289515  	15.993622  	 4.31554716
26/02/2009 	15.962760  	18.867893  	17.592827  	 4.66111979
27/02/2009 	16.898521  	21.554922  	18.713568  	 5.05388957
28/02/2009 	15.287360  	21.812229  	18.766358  	 5.52325874
01/03/2009 	15.224401  	19.702505  	17.203267  	 5.28402998
02/03/2009 	15.399384  	20.950874  	18.060093  	 5.39568562
03/03/2009 	15.679237  	18.929602  	17.196815  	 5.26635634
04/03/2009 	17.917225  	20.342253  	18.748487  	 4.93715534
05/03/2009 	17.525530  	21.006111  	19.299609  	 4.91815346
06/03/2009 	14.892061  	20.090136  	17.918158  	 4.84334569
07/03/2009 	15.546359  	18.590551  	17.057047  	 4.57166828
08/03/2009 	15.203889  	20.861082  	18.329261  	 5.17428775
09/03/2009 	18.079937  	21.223001  	19.336148  	 4.96415068
10/03/2009 	18.508602  	21.175949  	19.683117  	 4.97505794
11/03/2009 	19.828346  	20.921515  	20.466607  	 4.89964403
12/03/2009 	16.746893  	20.889584  	19.613325  	 5.41362585
13/03/2009 	17.027239  	21.082598  	19.993901  	 5.71335674
14/03/2009 	13.934137  	20.147280  	17.418763  	 5.89461454
15/03/2009 	18.462330  	22.409370  	20.494680  	 6.05362172
16/03/2009 	12.871338  	22.133871  	17.322992  	 6.34067321
17/03/2009 	13.533926  	18.948427  	15.724548  	 6.63575919
18/03/2009 	10.246241  	15.798163  	12.990986  	 6.37802065
19/03/2009 	 9.462896  	14.083972  	11.314580  	 6.28216562
20/03/2009 	 8.102391  	11.587382  	 9.240910  	 5.65828073
21/03/2009 	 7.640605  	13.657576  	10.039911  	 6.09271108
22/03/2009 	10.711061  	17.238575  	14.352841  	 6.71100683
23/03/2009 	14.197886  	19.557228  	16.931063  	 6.72161561
24/03/2009 	16.870352  	24.594639  	19.973093  	 6.48085064
25/03/2009 	14.360124  	23.580141  	17.471993  	 6.48892874
26/03/2009 	14.833694  	20.441866  	16.513065  	 6.65445845
27/03/2009 	15.206009  	16.807009  	15.969122  	 6.50506501
28/03/2009 	15.053588  	16.562948  	15.478694  	 6.55713109
29/03/2009 	15.179621  	17.778124  	16.634897  	 6.38770666
30/03/2009 	14.101748  	17.183245  	16.502659  	 6.21677259
31/03/2009 	13.988086  	16.996296  	15.566142  	 6.55116289
01/04/2009 	13.521785  	17.196234  	15.301272  	 6.85221768
02/04/2009 	 8.251240  	14.892398  	10.964261  	 7.54913224
03/04/2009 	 8.113155  	14.254213  	 9.851948  	 8.17883913
04/04/2009 	 9.579948  	15.120319  	11.822316  	 8.45197697
05/04/2009 	11.402566  	16.562849  	13.544438  	 8.64605091
06/04/2009 	10.247552  	16.696056  	13.073401  	 8.96541774
07/04/2009 	 9.553261  	17.439371  	13.007202  	 9.47876944
08/04/2009 	11.866382  	21.301065  	18.232594  	 8.86287608
09/04/2009 	18.910717  	21.276392  	19.902241  	 8.77265463
10/04/2009 	17.260370  	20.074121  	18.915721  	 9.65098735
11/04/2009 	16.558079  	19.484785  	18.562062  	10.57280562
12/04/2009 	15.571692  	19.431587  	17.856459  	10.99912435
13/04/2009 	16.047344  	19.573795  	17.412871  	10.99668944
14/04/2009 	16.371264  	19.096937  	17.236752  	11.18302542
15/04/2009 	16.367317  	18.774433  	17.117534  	11.31261983
16/04/2009 	16.469398  	19.484129  	17.360581  	11.52995368
17/04/2009 	16.792522  	19.298300  	17.556560  	11.30154637
18/04/2009 	16.823662  	19.748764  	18.935487  	10.30593258
19/04/2009 	17.089289  	19.848269  	18.194341  	10.69281771
20/04/2009 	16.931086  	20.049658  	17.770959  	11.78897897
21/04/2009 	16.935320  	19.727180  	17.689961  	12.29718240
22/04/2009 	17.248497  	20.195261  	18.549452  	12.10824265
23/04/2009 	18.733284  	20.987078  	19.723042  	11.91684896
24/04/2009 	18.989363  	21.373091  	19.833470  	12.35004024
25/04/2009 	18.378571  	20.531155  	19.176593  	12.42909803
26/04/2009 	18.439781  	20.144108  	19.426577  	12.94534252
27/04/2009 	18.935068  	21.416533  	20.322875  	13.06345413
28/04/2009 	19.499233  	21.725752  	20.382759  	12.78988902
29/04/2009 	19.915546  	21.546762  	20.798582  	12.72644601
30/04/2009 	20.247755  	21.682148  	20.979126  	12.91650935
01/05/2009 	20.559114  	21.608997  	21.088000  	13.45221239
02/05/2009 	20.685995  	22.426544  	21.379114  	13.79740439
03/05/2009 	20.874619  	23.491817  	21.787977  	13.57223791
04/05/2009 	22.335732  	23.566381  	23.134942  	12.19623212
05/05/2009 	21.055185  	23.500845  	22.215919  	12.29753834
06/05/2009 	18.823656  	23.000969  	20.783605  	12.68967992
07/05/2009 	19.470215  	21.195787  	20.404975  	12.86206798
08/05/2009 	20.142517  	22.513315  	21.048931  	12.92455671
09/05/2009 	20.825748  	22.774296  	21.747625  	12.67272051
10/05/2009 	20.972567  	22.302675  	21.623406  	13.15384058
11/05/2009 	20.444792  	21.249014  	20.872076  	12.40899442
12/05/2009 	20.408276  	21.052126  	20.778135  	12.07354295
13/05/2009 	20.919643  	21.526863  	21.161951  	12.68385001
14/05/2009 	21.105536  	22.254995  	21.442753  	12.85354547
15/05/2009 	21.554102  	23.076241  	22.144434  	13.19972134
16/05/2009 	22.182741  	25.438353  	23.953851  	13.32267127
17/05/2009 	23.576427  	25.386717  	24.605855  	13.60466866
18/05/2009 	24.933384  	25.253506  	25.055404  	13.34094091
19/05/2009 	23.043497  	25.219826  	24.631853  	13.37734179
20/05/2009 	22.485428  	24.919956  	23.958998  	13.85085088
21/05/2009 	22.630901  	25.053783  	24.001469  	14.44596863
22/05/2009 	22.782658  	25.207724  	24.112780  	14.81734455
23/05/2009 	23.088743  	25.222298  	24.610343  	15.51848735
24/05/2009 	23.861029  	25.206587  	24.862559  	16.29766444
25/05/2009 	23.704870  	25.153555  	24.733573  	16.94343273
26/05/2009 	23.202818  	25.127745  	24.499222  	17.46897658
27/05/2009 	24.726021  	26.172997  	25.355221  	15.79645920
28/05/2009 	25.569878  	26.296244  	26.053921  	15.37107970
29/05/2009 	22.583353  	26.578739  	25.218558  	15.77958314
30/05/2009 	17.429350  	23.831551  	19.922207  	15.23989127
31/05/2009 	16.055958  	21.886278  	18.504943  	15.82718990
01/06/2009 	16.677179  	21.181612  	19.210534  	16.68121405
02/06/2009 	19.289162  	23.622009  	21.818578  	16.34766442
03/06/2009 	23.575047  	29.780258  	26.755792  	15.14174587
04/06/2009 	26.582830  	30.855318  	29.204576  	14.03974714
05/06/2009 	25.156456  	30.971512  	28.984415  	13.42523934
06/06/2009 	25.289125  	31.031075  	28.374301  	13.39846013
07/06/2009 	24.771049  	26.801310  	25.724429  	13.63284781
08/06/2009 	24.658318  	26.575485  	25.555295  	14.78789622
09/06/2009 	24.526121  	27.164957  	25.524849  	15.63561730
10/06/2009 	24.573332  	28.053665  	26.363163  	15.65525140
11/06/2009 	25.012392  	28.350330  	26.929153  	15.40275389
12/06/2009 	25.950861  	29.055115  	27.936934  	15.41378434
13/06/2009 	21.289341  	28.998861  	24.369758  	15.57128406
14/06/2009 	19.780342  	24.670240  	22.330885  	16.39410895
15/06/2009 	21.152649  	24.504000  	22.848427  	16.88845368
16/06/2009 	17.403191  	23.213509  	20.514342  	16.57511226
17/06/2009 	16.913330  	22.776403  	19.002057  	16.48303576
18/06/2009 	19.131063  	25.809942  	23.129661  	16.90910621
19/06/2009 	21.554575  	26.579472  	24.985909  	16.84707832
20/06/2009 	24.660957  	26.856762  	26.071018  	16.41447085
21/06/2009 	24.833134  	27.707006  	26.396975  	16.32287727
22/06/2009 	23.037285  	27.643866  	25.109060  	15.95345632
23/06/2009 	21.741777  	24.614134  	23.177424  	16.79707774
24/06/2009 	19.617779  	23.611767  	21.484457  	17.37091164
25/06/2009 	19.217299  	22.722649  	20.797257  	17.47647484
26/06/2009 	19.884338  	24.119190  	22.324935  	18.31372190
27/06/2009 	21.107771  	24.610146  	22.363502  	19.29890827
28/06/2009 	20.751604  	25.147406  	22.326031  	19.96594906
29/06/2009 	21.721596  	25.622204  	23.034948  	20.91148241
30/06/2009 	22.311146  	24.669094  	23.354441  	21.38226052
01/07/2009 	22.989445  	24.505674  	23.627192  	21.19929246
02/07/2009 	21.362745  	24.160439  	23.313826  	21.10246491
03/07/2009 	21.539474  	24.910395  	23.168967  	21.76454719
04/07/2009 	22.705740  	26.257647  	24.673232  	22.37979523
05/07/2009 	23.865082  	26.125675  	25.063195  	22.75926340
06/07/2009 	24.776836  	27.253447  	25.833848  	22.20581110
07/07/2009 	25.570042  	27.019802  	26.252702  	20.85633115
08/07/2009 	25.986383  	27.690254  	27.003890  	19.78111863
09/07/2009 	27.300220  	28.914104  	27.974101  	18.60423231
10/07/2009 	26.790689  	31.354362  	28.889371  	16.83149769
11/07/2009 	28.434786  	32.392895  	30.822617  	15.37678105
12/07/2009 	25.911131  	31.435865  	28.303804  	16.79206065
13/07/2009 	23.349379  	28.588867  	26.651506  	18.22602220
14/07/2009 	23.608093  	28.807419  	26.784668  	19.27159345
15/07/2009 	23.878082  	27.461920  	25.062607  	19.79871655
16/07/2009 	22.464706  	25.154739  	24.043109  	19.23572648
17/07/2009 	23.399267  	24.413647  	23.932450  	19.46211771
18/07/2009 	22.239973  	25.433586  	23.589569  	19.13499888
19/07/2009 	22.458759  	25.388102  	23.610827  	18.84317442
20/07/2009 	22.411060  	25.230583  	23.950451  	18.70436728
21/07/2009 	22.620443  	25.243620  	23.942390  	18.82713318
22/07/2009 	22.737791  	25.112947  	23.718621  	19.31164622
23/07/2009 	22.906851  	25.064306  	23.794667  	19.19169668
24/07/2009 	22.893257  	24.393803  	23.462398  	18.88240794
25/07/2009 	22.941931  	24.964809  	24.072764  	18.48653591
26/07/2009 	24.257948  	25.170959  	24.760431  	18.62869092
27/07/2009 	23.689016  	25.178968  	24.786208  	19.13891280
28/07/2009 	23.311680  	25.015421  	24.430408  	18.94020331
29/07/2009 	22.544872  	25.355423  	23.971626  	19.17898631
30/07/2009 	22.763334  	24.601158  	23.657977  	19.25871611
31/07/2009 	23.647240  	24.654417  	24.106760  	18.19209254
01/08/2009 	22.647388  	24.329212  	23.436548  	18.38778774
02/08/2009 	22.079933  	25.301109  	23.250738  	18.90392311
03/08/2009 	22.959465  	25.335045  	24.040266  	19.04179573
04/08/2009 	22.351187  	25.502375  	23.695824  	19.60176718
05/08/2009 	21.569218  	24.506021  	22.944829  	20.22794565
06/08/2009 	21.225775  	23.751463  	22.428167  	21.00262340
07/08/2009 	19.824898  	22.696051  	21.489712  	21.24525797
08/08/2009 	20.819197  	24.574171  	22.923608  	20.78727949
09/08/2009 	20.701775  	24.119984  	21.851625  	20.43545401
10/08/2009 	21.045824  	22.600653  	21.691059  	20.41883405
11/08/2009 	21.351004  	24.181133  	22.551102  	20.57947826
12/08/2009 	23.086430  	25.026508  	24.257214  	20.05423450
13/08/2009 	23.786366  	25.766331  	24.919759  	19.88813766
14/08/2009 	23.792221  	26.250681  	25.130340  	19.95345998
15/08/2009 	22.985123  	24.030777  	23.562141  	20.01906653
16/08/2009 	23.119381  	25.407310  	23.946685  	20.18715187
17/08/2009 	23.209320  	26.035789  	24.287178  	20.04102186
18/08/2009 	23.560280  	26.878380  	25.183091  	19.70833437
19/08/2009 	22.208202  	26.268473  	24.162148  	20.01361795
20/08/2009 	21.806242  	24.673288  	23.337668  	20.40317365
21/08/2009 	22.261591  	25.005527  	24.117070  	19.94286279
22/08/2009 	23.952972  	26.365763  	25.188792  	19.15109845
23/08/2009 	23.792990  	26.672195  	25.494214  	19.19007941
24/08/2009 	24.134047  	26.494881  	24.901103  	19.02524010
25/08/2009 	23.922720  	26.705017  	25.146313  	19.55659350
26/08/2009 	24.043097  	26.602671  	25.182486  	19.15508684
27/08/2009 	24.557512  	26.089565  	25.130517  	19.63904107
28/08/2009 	23.981371  	26.573006  	25.566599  	18.99627161
29/08/2009 	25.315632  	26.411501  	25.910524  	17.92229597
30/08/2009 	24.473257  	26.194393  	25.514984  	17.29332229
31/08/2009 	22.926287  	24.801966  	23.553735  	17.80615473
01/09/2009 	22.860079  	26.125021  	24.316050  	17.96640205
02/09/2009 	24.663937  	26.400414  	25.360691  	17.59472140
03/09/2009 	23.874588  	29.368996  	27.186052  	17.56218588
04/09/2009 	22.750103  	29.188187  	27.125640  	16.78487519
05/09/2009 	26.681076  	29.239586  	28.144052  	16.45777675
06/09/2009 	27.992764  	29.088934  	28.544110  	16.07965608
07/09/2009 	27.198538  	29.164120  	28.265228  	16.04914033
08/09/2009 	26.829222  	29.107038  	28.269432  	16.61724087
09/09/2009 	27.842424  	29.043251  	28.549128  	16.95731755
10/09/2009 	24.205687  	28.367754  	25.564001  	16.49292034
11/09/2009 	24.266224  	28.068817  	26.771628  	15.58794814
12/09/2009 	26.000921  	28.194500  	27.580055  	15.58701756
13/09/2009 	27.911705  	29.532598  	28.780612  	15.70938905
14/09/2009 	26.847498  	29.501680  	28.188745  	15.55592541
15/09/2009 	26.254627  	27.200649  	26.810074  	15.41212799
16/09/2009 	26.599081  	27.520155  	27.150528  	15.86449192
17/09/2009 	27.060404  	29.046906  	27.950621  	15.49988774
18/09/2009 	27.232004  	28.446474  	27.973615  	14.80630310
19/09/2009 	27.228123  	28.510050  	28.009779  	15.50082493
20/09/2009 	27.850166  	29.747887  	28.945746  	15.92704630
21/09/2009 	28.613573  	29.799328  	29.298499  	15.74668680
22/09/2009 	27.884993  	29.936806  	29.513364  	15.79809372
23/09/2009 	29.597267  	30.717134  	29.985584  	16.06490169
24/09/2009 	29.932968  	31.272238  	30.743242  	15.81953869
25/09/2009 	29.936504  	31.987024  	31.180104  	15.84896845
26/09/2009 	29.388416  	32.020741  	31.007717  	15.90890948
27/09/2009 	29.195595  	32.068497  	30.873975  	16.17203148
28/09/2009 	29.053772  	32.047630  	30.757717  	16.30848879
29/09/2009 	29.337673  	32.038414  	31.027629  	16.31745207
30/09/2009 	28.218754  	31.978893  	29.791964  	16.02269455
01/10/2009 	28.516775  	32.349072  	31.136944  	15.43713230
02/10/2009 	30.317860  	32.534882  	31.660089  	14.13848172
03/10/2009 	25.134302  	31.421722  	28.711503  	14.39134534
04/10/2009 	23.627676  	28.410915  	26.800623  	13.61025745
05/10/2009 	25.134703  	28.595613  	27.018375  	12.97012897
06/10/2009 	25.453415  	27.991486  	26.676739  	13.18149191
07/10/2009 	25.493471  	25.917059  	25.670163  	14.06336548
08/10/2009 	25.485929  	26.837345  	25.843040  	13.54604038
09/10/2009 	22.747028  	27.623491  	25.918496  	12.49794956
10/10/2009 	18.015217  	24.842922  	21.809923  	12.02311766
11/10/2009 	22.362450  	27.151310  	24.967366  	11.88936081
12/10/2009 	21.583143  	28.205805  	24.784746  	11.41776498
13/10/2009 	19.764948  	29.977020  	26.675885  	10.34437285
14/10/2009 	19.677700  	24.831802  	22.006885  	10.15690273
15/10/2009 	19.533318  	26.330967  	22.771786  	 9.38169181
16/10/2009 	22.107872  	32.847401  	28.767029  	10.15685838
17/10/2009 	26.736921  	33.457893  	32.399099  	10.29518322
18/10/2009 	27.212698  	31.373863  	29.415707  	 9.26049161
19/10/2009 	26.512213  	31.028250  	28.312710  	 9.51265659
20/10/2009 	26.527618  	27.495869  	26.833492  	 9.42955567
21/10/2009 	24.496918  	28.482632  	27.099702  	 9.17349963
22/10/2009 	19.841492  	28.400150  	25.706785  	 8.72614154
23/10/2009 	21.759956  	28.282618  	24.813898  	 8.99206597
24/10/2009 	22.912617  	28.162958  	26.480544  	 9.73884304
25/10/2009 	27.957609  	28.767744  	28.310964  	10.61800603
26/10/2009 	28.551851  	28.883215  	28.711715  	10.97013865
27/10/2009 	28.591658  	28.882492  	28.726940  	11.24057486
28/10/2009 	28.162699  	28.805658  	28.530291  	11.27722551
29/10/2009 	26.629044  	28.789656  	28.218652  	11.46693579
30/10/2009 	25.484804  	28.757853  	27.595153  	11.51912286
31/10/2009 	23.388369  	27.786524  	26.256062  	10.82824161
01/11/2009 	25.681089  	28.668402  	27.680765  	11.31723376
02/11/2009 	27.792789  	28.743277  	28.451444  	11.41825293
03/11/2009 	27.239883  	28.648827  	27.894310  	10.84656149
04/11/2009 	27.324226  	28.535442  	27.956117  	10.79581904
05/11/2009 	27.050034  	28.232271  	27.500136  	10.49218267
06/11/2009 	27.016020  	27.793627  	27.294695  	10.33397943
07/11/2009 	25.635433  	28.269037  	27.548179  	10.36695790
08/11/2009 	26.465395  	28.209793  	27.447530  	 9.53242151
09/11/2009 	22.993528  	28.411533  	25.698896  	 8.58111189
10/11/2009 	23.060921  	27.170069  	24.564152  	 8.42900207
11/11/2009 	23.719244  	27.212738  	25.785294  	 8.49622118
12/11/2009 	23.655169  	26.574835  	25.000829  	 8.61786876
13/11/2009 	24.456062  	26.821983  	25.345361  	 9.54706107
14/11/2009 	23.996254  	28.162973  	26.229640  	10.11078286
15/11/2009 	23.969906  	28.280972  	26.410692  	10.19905420
16/11/2009 	24.394901  	26.821295  	25.679016  	10.11184156
17/11/2009 	25.605282  	27.468750  	26.722524  	10.26174698
18/11/2009 	25.188437  	30.268511  	28.110281  	10.42919381
19/11/2009 	22.417841  	27.843136  	25.071720  	10.27848178
20/11/2009 	25.404469  	28.952808  	26.918119  	10.26545664
21/11/2009 	25.918482  	28.682280  	27.274195  	10.54953764
22/11/2009 	26.321257  	28.934681  	27.458080  	10.59774969
23/11/2009 	25.233248  	29.952841  	27.816769  	10.38411546
24/11/2009 	25.657122  	30.156944  	28.492190  	10.31772550
25/11/2009 	26.086935  	30.283915  	29.185827  	10.18526397
26/11/2009 	29.652987  	30.565956  	30.419440  	10.02526549
27/11/2009 	30.182932  	30.568195  	30.432734  	 9.57434505
28/11/2009 	28.965628  	30.331453  	29.972525  	 9.00855839
29/11/2009 	26.829882  	29.863144  	28.236589  	 8.74730575
30/11/2009 	26.831816  	28.901560  	27.781809  	 8.29444434
01/12/2009 	25.306946  	28.057816  	27.484784  	 7.32633069
02/12/2009 	19.230646  	27.679075  	23.934816  	 6.89972310
03/12/2009 	24.428757  	27.646097  	26.169049  	 7.71970708
04/12/2009 	23.626362  	26.823862  	25.451496  	 7.62130588
05/12/2009 	23.698761  	26.324780  	24.952000  	 7.46410568
06/12/2009 	23.554996  	24.992092  	24.499579  	 7.95120711
07/12/2009 	22.086021  	24.753353  	23.674034  	 7.82023721
08/12/2009 	23.024197  	23.885288  	23.437317  	 7.78853419
09/12/2009 	22.185932  	23.996231  	23.296169  	 7.72298897
10/12/2009 	23.131407  	24.157475  	23.521869  	 8.08310469
11/12/2009 	18.623621  	23.929525  	21.967247  	 7.92402901
12/12/2009 	13.685122  	19.858492  	16.494448  	 6.73666928
13/12/2009 	13.021955  	17.424057  	15.018690  	 5.50194285
14/12/2009 	12.843948  	16.995337  	14.134762  	 4.37634044
15/12/2009 	12.267816  	17.166819  	13.787236  	 3.21485525
16/12/2009 	12.526731  	19.331942  	16.158938  	 3.98486367
17/12/2009 	13.142772  	18.814297  	16.344480  	 4.33713593
18/12/2009 	10.878718  	17.763668  	14.824931  	 3.03166079
19/12/2009 	11.535860  	19.853247  	13.885595  	 1.82897364
20/12/2009 	19.100653  	21.587187  	20.078672  	 3.02767375
21/12/2009 	19.360153  	21.414610  	20.162165  	 2.69275948
22/12/2009 	18.915119  	21.701895  	19.710720  	 2.54868833
23/12/2009 	19.592216  	21.656672  	20.417480  	 2.62070711
24/12/2009 	20.047466  	21.334103  	20.568476  	 2.57302387
25/12/2009 	17.643406  	25.539700  	21.329507  	 2.66124907
26/12/2009 	20.752829  	25.189890  	22.549727  	 3.50673536
27/12/2009 	21.713243  	24.332777  	23.058025  	 3.67769478
28/12/2009 	23.739767  	25.766117  	24.653017  	 4.03109543
29/12/2009 	17.020578  	24.439892  	21.222328  	 2.96177111
30/12/2009 	12.819833  	20.357922  	16.418598  	 2.09429501
31/12/2009 	13.739255  	20.177057  	16.222492  	 1.79509028
01/01/2010 	13.353744  	20.063961  	16.201972  	 1.48240144
02/01/2010 	15.362537  	19.048141  	16.555015  	 1.26792044
03/01/2010 	12.247970  	18.366642  	14.886888  	 0.70092684
04/01/2010 	14.469901  	18.903841  	16.346135  	 0.82764218
05/01/2010 	16.717058  	19.593267  	17.868397  	 1.28016991
06/01/2010 	17.258581  	19.124630  	18.202205  	 1.38210742
07/01/2010 	16.012064  	19.366251  	17.818821  	 1.03248810
08/01/2010 	13.556240  	18.305790  	16.112408  	 0.19344808
09/01/2010 	10.804451  	15.824297  	13.375657  	-0.44323136
10/01/2010 	 6.940920  	12.393757  	10.632160  	-0.10620993
11/01/2010 	 6.936586  	14.680301  	11.316238  	 0.01767484
12/01/2010 	10.601963  	16.544725  	13.166550  	-0.13536085
13/01/2010 	10.332165  	20.443336  	15.778263  	-0.72824872
14/01/2010 	15.725531  	21.640207  	19.064428  	-0.39469218
15/01/2010 	13.885258  	20.837227  	17.104171  	-0.52073159
16/01/2010 	14.474341  	22.095051  	19.525244  	 0.18463844
17/01/2010 	21.211664  	22.569660  	21.880720  	 0.84198563
18/01/2010 	20.491692  	22.072891  	21.368312  	 1.09151770
19/01/2010 	18.627913  	21.778416  	20.744669  	 1.48237685
20/01/2010 	15.256473  	20.476465  	17.966863  	 0.97728532
21/01/2010 	10.948545  	19.488396  	15.069223  	 0.62533431
22/01/2010 	13.041992  	20.011885  	15.391112  	 0.41413834
23/01/2010 	12.812339  	21.448881  	17.526275  	 0.72359936
24/01/2010 	16.226656  	21.870811  	18.259737  	 0.40483261
25/01/2010 	14.909517  	21.198614  	17.668365  	-0.27654623
26/01/2010 	14.161901  	18.803074  	15.624609  	-0.83095041
27/01/2010 	14.371474  	21.522421  	17.604640  	-0.32782385
28/01/2010 	17.053167  	21.939135  	19.462310  	 0.46824637
29/01/2010 	17.826122  	24.687721  	20.339122  	 0.95341375
30/01/2010 	19.217087  	26.587635  	23.005562  	 0.89884894
31/01/2010 	21.695217  	25.173780  	23.349282  	 1.02055878
01/02/2010 	21.858232  	25.910715  	23.472194  	 1.16584555
02/02/2010 	20.647236  	24.593761  	22.038347  	 1.26626418
03/02/2010 	21.183495  	26.352190  	22.967955  	 1.24947017
04/02/2010 	17.820290  	22.288076  	20.969169  	 1.41022353
05/02/2010 	14.404841  	20.427229  	17.239467  	 1.52277633
06/02/2010 	14.464576  	19.614798  	16.603086  	 1.74085303
07/02/2010 	12.586055  	17.541264  	14.134439  	 1.27055299
08/02/2010 	 9.716483  	16.164755  	12.144045  	 0.21716256
09/02/2010 	 9.969377  	15.639706  	11.746277  	-0.35060548
10/02/2010 	10.117023  	13.575279  	11.222712  	-0.52009049
11/02/2010 	 9.251889  	15.956962  	13.483153  	-0.37757339
12/02/2010 	11.910718  	17.966740  	14.214064  	-0.59024146
13/02/2010 	12.630877  	19.372961  	16.264340  	-0.76230200
14/02/2010 	15.755879  	19.266306  	17.907530  	-0.93358914
15/02/2010 	15.876508  	19.081984  	17.534400  	-0.91303634
16/02/2010 	16.070040  	21.415348  	19.119028  	-0.62277712
17/02/2010 	19.676699  	21.442114  	20.688281  	-0.63561736
18/02/2010 	19.110596  	21.256550  	20.273407  	-0.45343011
19/02/2010 	19.009937  	22.984314  	20.900792  	 0.39693696
20/02/2010 	21.492245  	23.692062  	22.549134  	 0.90456769
21/02/2010 	21.163908  	23.624395  	22.264633  	 0.84397893
22/02/2010 	20.889675  	22.278288  	21.537289  	 1.20667662
23/02/2010 	17.307159  	22.067348  	20.176520  	 1.14626677
24/02/2010 	17.393187  	21.694349  	19.485851  	 1.17809076
25/02/2010 	18.449678  	23.398041  	20.681489  	 1.98430955
26/02/2010 	18.695406  	25.158031  	22.617780  	 2.49483206
27/02/2010 	19.973686  	25.410919  	23.658230  	 2.57286903
28/02/2010 	21.461449  	24.651857  	23.613292  	 3.13721285
01/03/2010 	24.075117  	25.474951  	24.647063  	 3.01746162
02/03/2010 	24.086256  	25.157358  	24.572824  	 3.17735203
03/03/2010 	19.658602  	24.660025  	22.824170  	 3.02231909
04/03/2010 	16.289492  	23.395954  	20.065645  	 2.84964425
05/03/2010 	16.828924  	22.671219  	20.381802  	 2.83718850
06/03/2010 	11.592948  	24.808594  	16.745787  	 2.21080255
07/03/2010 	11.265253  	15.736921  	13.787908  	 1.48948209
08/03/2010 	11.457095  	16.468349  	14.360930  	 1.43639769
09/03/2010 	 8.678130  	13.931342  	11.769364  	 1.56763869
10/03/2010 	 7.790771  	12.562873  	10.412898  	 1.74903883
11/03/2010 	 7.637495  	13.930311  	10.055594  	 1.91170687
12/03/2010 	12.956695  	16.102510  	14.669256  	 2.46496720
13/03/2010 	14.255949  	18.200607  	16.534638  	 2.74717048
14/03/2010 	17.087601  	23.698792  	19.045292  	 3.53724172
15/03/2010 	16.305979  	25.520617  	20.753421  	 3.88299099
16/03/2010 	16.575085  	25.285187  	19.565252  	 4.29308382
17/03/2010 	14.717690  	20.534517  	17.504672  	 4.47439199
18/03/2010 	13.975509  	18.320000  	16.403592  	 4.88701189
19/03/2010 	14.008904  	18.930048  	16.051424  	 5.33023077
20/03/2010 	15.408379  	19.298082  	17.228263  	 5.89911044
21/03/2010 	16.464861  	18.767124  	17.592260  	 6.88954343
22/03/2010 	15.469460  	18.317558  	17.180014  	 6.92097836
23/03/2010 	14.813002  	19.193626  	16.773618  	 6.71167073
24/03/2010 	13.353942  	18.532200  	14.970948  	 6.88463664
25/03/2010 	12.660781  	18.270609  	14.708198  	 7.49576859
26/03/2010 	13.797606  	19.061998  	15.824925  	 7.81393301
27/03/2010 	14.177965  	21.577341  	17.330938  	 7.53804831
28/03/2010 	15.608779  	21.669415  	18.785450  	 7.48477811
29/03/2010 	17.579988  	21.224459  	19.338486  	 7.65624668
30/03/2010 	15.980697  	21.043179  	17.972416  	 8.03420826
31/03/2010 	16.648010  	24.552336  	22.220744  	 7.15239175
01/04/2010 	24.310265  	24.724051  	24.457276  	 6.50282926
02/04/2010 	23.204973  	24.583670  	24.018842  	 6.65271194
03/04/2010 	19.972908  	23.970688  	22.482842  	 7.12797738
04/04/2010 	18.500309  	23.651688  	20.591858  	 7.41181413
05/04/2010 	18.400305  	22.584465  	20.974379  	 7.31030196
06/04/2010 	15.238305  	22.559256  	18.103252  	 7.76715459
07/04/2010 	12.659868  	21.547583  	16.600492  	 8.17649532
08/04/2010 	14.938937  	21.438421  	18.252299  	 8.64975506
09/04/2010 	14.931417  	21.649036  	17.779399  	 9.29104042
10/04/2010 	14.804807  	20.008562  	16.602933  	 9.56049329
11/04/2010 	13.894371  	17.752163  	15.841387  	 8.77845818
12/04/2010 	13.617276  	17.652643  	15.454506  	 8.55123036
13/04/2010 	14.880632  	20.021591  	17.677429  	 8.46440880
14/04/2010 	16.974945  	19.865232  	18.739263  	 8.59526041
15/04/2010 	16.702991  	20.773344  	18.741187  	 8.62559789
16/04/2010 	19.229656  	22.505135  	21.139206  	 8.70488440
17/04/2010 	18.628191  	23.034901  	21.197224  	 8.98272093
18/04/2010 	19.590387  	23.242689  	21.524026  	 9.65119155
19/04/2010 	19.720976  	23.548590  	21.578121  	 9.60953609
20/04/2010 	18.334393  	24.993935  	21.565458  	 9.33018500
21/04/2010 	23.217577  	28.371670  	25.829158  	 8.65512574
22/04/2010 	21.019983  	29.994278  	25.360287  	 8.42211885
23/04/2010 	21.009043  	24.349277  	22.480361  	 8.93362590
24/04/2010 	19.409021  	22.898642  	21.071381  	 9.48643617
25/04/2010 	18.431454  	22.677496  	20.122743  	10.02282393
26/04/2010 	19.641550  	23.159903  	21.266154  	10.68481656
27/04/2010 	19.592348  	23.532774  	21.792231  	11.26069554
28/04/2010 	19.136187  	23.226118  	20.803119  	12.03579144
29/04/2010 	19.654612  	23.393442  	21.256658  	12.48759045
30/04/2010 	20.972181  	23.973572  	22.728814  	12.59172821
01/05/2010 	22.826290  	25.095421  	23.774659  	12.28890075
02/05/2010 	17.600306  	25.223850  	21.812788  	11.44803200
03/05/2010 	14.396569  	27.778360  	21.511084  	 9.54694698
04/05/2010 	20.122791  	29.593735  	26.172353  	 9.16437475
05/05/2010 	20.228411  	29.566254  	25.032941  	 9.43216413
06/05/2010 	16.160507  	26.290363  	20.323918  	 8.95685329
07/05/2010 	15.231144  	20.717270  	17.880042  	 9.25748080
08/05/2010 	15.293827  	21.825533  	18.649342  	 9.60548500
09/05/2010 	18.656796  	22.742004  	20.807022  	10.03351663
10/05/2010 	20.165789  	23.208385  	21.580375  	10.20116254
11/05/2010 	20.540100  	23.471062  	22.183532  	 9.78893536
12/05/2010 	19.350374  	28.989548  	23.474649  	 8.79835477
13/05/2010 	22.221142  	29.059345  	25.292894  	 8.88874602
14/05/2010 	21.121313  	24.595825  	22.753781  	 9.60009483
15/05/2010 	21.067970  	26.793295  	23.206725  	10.38486139
16/05/2010 	24.476133  	28.401358  	26.532034  	10.45707695
17/05/2010 	24.902567  	28.230652  	26.484106  	10.97993531
18/05/2010 	23.317764  	27.505869  	25.274025  	11.69049996
19/05/2010 	21.742077  	27.143757  	23.834247  	12.10737379
20/05/2010 	19.035454  	23.949226  	21.389561  	12.78269917
21/05/2010 	18.424164  	23.271547  	20.963356  	13.78742470
22/05/2010 	19.751909  	22.875986  	21.454075  	14.41782486
23/05/2010 	19.080318  	23.648893  	21.175038  	15.14339119
24/05/2010 	19.989344  	24.391153  	22.744697  	16.10752654
25/05/2010 	22.424620  	25.664555  	24.235961  	15.82575192
26/05/2010 	20.773794  	24.347702  	22.797352  	14.71710511
27/05/2010 	18.761654  	22.695705  	20.666999  	13.87684039
28/05/2010 	19.749708  	25.985916  	22.463617  	14.39559084
29/05/2010 	20.938057  	26.039516  	23.197223  	14.27774914
30/05/2010 	20.766081  	26.698542  	23.768248  	14.35995976
31/05/2010 	23.391535  	27.848637  	26.423685  	14.38011448
01/06/2010 	21.819166  	27.606573  	23.437646  	14.50551049
02/06/2010 	20.811823  	25.114836  	22.876481  	15.14985116
03/06/2010 	19.470480  	25.989857  	21.562264  	15.73072203
04/06/2010 	19.193743  	24.021402  	20.701442  	16.05585996
05/06/2010 	19.567038  	23.938116  	20.831364  	16.33175095
06/06/2010 	19.507021  	24.386076  	21.067853  	16.86197217
07/06/2010 	20.691097  	25.871250  	23.050865  	17.00020961
08/06/2010 	21.756998  	25.538500  	23.267946  	17.23086715
09/06/2010 	21.595011  	24.792389  	23.028900  	17.88050203
10/06/2010 	18.683664  	23.266504  	21.599388  	18.26804686
11/06/2010 	19.708963  	23.840694  	21.667672  	18.65396146
12/06/2010 	21.077766  	25.601805  	23.295557  	17.82832980
13/06/2010 	21.401003  	24.947807  	22.895899  	17.30609945
14/06/2010 	20.221495  	24.529385  	22.306726  	17.31087637
15/06/2010 	18.520792  	24.392162  	20.388757  	16.45438619
16/06/2010 	16.797586  	25.168783  	20.614253  	15.34116864
17/06/2010 	18.577551  	27.082848  	22.067076  	15.61371086
18/06/2010 	20.528917  	30.261477  	26.770546  	15.14740513
19/06/2010 	28.374157  	32.783985  	31.512330  	14.41146896
20/06/2010 	30.510014  	32.907635  	32.423462  	13.66306545
21/06/2010 	30.047216  	32.975670  	32.306952  	13.62322479
22/06/2010 	29.674862  	32.983227  	31.782895  	14.57600202
23/06/2010 	29.336081  	32.976658  	30.789718  	16.09221329
24/06/2010 	28.684706  	31.945740  	30.403160  	17.52716291
25/06/2010 	29.406744  	31.725544  	30.362004  	18.21635191
26/06/2010 	28.101557  	30.645576  	29.478601  	19.19003153
27/06/2010 	25.421074  	29.180132  	26.964006  	18.71187210
28/06/2010 	25.383154  	28.579756  	26.805309  	20.17567929
29/06/2010 	25.879314  	28.399443  	27.327980  	20.58498665
30/06/2010 	26.349836  	28.879097  	27.674053  	20.70958738
01/07/2010 	26.422716  	28.393909  	27.374539  	20.61921926
02/07/2010 	26.389803  	28.960722  	27.303553  	21.11776090
03/07/2010 	26.286880  	28.476713  	27.375768  	21.69707382
04/07/2010 	26.625360  	28.759682  	27.689051  	21.72405779
05/07/2010 	26.609100  	29.432457  	28.185006  	21.48788508
06/07/2010 	28.044374  	29.452091  	28.614041  	21.08953806
07/07/2010 	27.939461  	29.431238  	28.826727  	19.75402272
08/07/2010 	27.818689  	29.465199  	28.618993  	19.92653783
09/07/2010 	27.596609  	29.199480  	28.300775  	20.75051391
10/07/2010 	26.801321  	29.018482  	28.087520  	21.61513615
11/07/2010 	26.693716  	28.872953  	27.721592  	22.15573382
12/07/2010 	26.178982  	29.171385  	27.463185  	22.50627462
13/07/2010 	27.064720  	29.690868  	27.992231  	21.18027425
14/07/2010 	25.858162  	28.602627  	27.491944  	22.02535645
15/07/2010 	26.596750  	30.018995  	28.637518  	21.46944245
16/07/2010 	28.773312  	29.713703  	29.212314  	20.34136268
17/07/2010 	28.489531  	29.431227  	29.110129  	20.16848238
18/07/2010 	28.545713  	29.720610  	29.207184  	19.13464963
19/07/2010 	28.657860  	29.647463  	29.225356  	19.32161315
20/07/2010 	27.846386  	29.620119  	29.129408  	19.91121010
21/07/2010 	26.520678  	29.470469  	28.282790  	20.45929042
22/07/2010 	27.974339  	29.424952  	28.872508  	20.48067514
23/07/2010 	26.396143  	29.420898  	28.427563  	20.47061698
24/07/2010 	26.082724  	29.338678  	27.618204  	20.03704083
25/07/2010 	25.626715  	29.183167  	26.690922  	20.01723973
26/07/2010 	24.942467  	28.620359  	26.703140  	19.87419383
27/07/2010 	24.571882  	28.376425  	25.660120  	19.84888367
28/07/2010 	23.910654  	27.448381  	25.481284  	20.09101478
29/07/2010 	24.689312  	28.119074  	26.277972  	19.83187334
30/07/2010 	25.031376  	28.232214  	26.388349  	19.38079532
31/07/2010 	22.897415  	27.579325  	25.090668  	19.37874611
01/08/2010 	22.752026  	27.199902  	24.624158  	19.62894150
02/08/2010 	23.540567  	25.998596  	24.595208  	19.90703944
03/08/2010 	23.292055  	26.169682  	24.856096  	19.92852600
04/08/2010 	23.154003  	26.386614  	24.981299  	19.85032606
05/08/2010 	24.661572  	27.225206  	26.108315  	18.95051428
06/08/2010 	22.041698  	26.667971  	25.243310  	18.80450551
07/08/2010 	20.420328  	25.445015  	23.067050  	19.24537623
08/08/2010 	21.068502  	26.039366  	24.139713  	19.22173810
09/08/2010 	20.911070  	25.562368  	23.902671  	19.31188353
10/08/2010 	20.954643  	25.833555  	23.046862  	19.59158611
11/08/2010 	21.569427  	26.308149  	24.011631  	19.33662101
12/08/2010 	22.698488  	25.692636  	24.319702  	19.00065962
13/08/2010 	22.346687  	25.787701  	23.759659  	18.61000701
14/08/2010 	19.681765  	24.317862  	22.494135  	18.69998682
15/08/2010 	15.357593  	22.694532  	19.338787  	18.82348669
16/08/2010 	17.301186  	21.975256  	20.474848  	18.74621061
17/08/2010 	19.249952  	24.822987  	22.073172  	19.02477781
18/08/2010 	21.741282  	25.078495  	23.339048  	18.56235123
19/08/2010 	20.614923  	23.314861  	22.383713  	18.33130344
20/08/2010 	19.526382  	22.184229  	20.550898  	18.67748749
21/08/2010 	19.390768  	20.775906  	20.287508  	19.03992478
22/08/2010 	19.502813  	20.988827  	20.330298  	19.30532579
23/08/2010 	19.729378  	24.814840  	21.509634  	19.31050487
24/08/2010 	20.019583  	25.222492  	23.019065  	18.47076702
25/08/2010 	20.283175  	24.319769  	21.631208  	17.54426527
26/08/2010 	20.635155  	24.110790  	23.000588  	16.65313204
27/08/2010 	21.074577  	24.423080  	22.601502  	16.23916998
28/08/2010 	20.865105  	23.127918  	21.679510  	15.42591798
29/08/2010 	22.195728  	24.179251  	23.291846  	15.52488128
30/08/2010 	19.849211  	27.819546  	25.330397  	14.99524627
31/08/2010 	19.002193  	21.919083  	20.055492  	15.15338433
01/09/2010 	17.941156  	21.609375  	19.635077  	15.33138172
02/09/2010 	17.717730  	20.869608  	18.756752  	15.51711112
03/09/2010 	13.880252  	19.349949  	16.686293  	15.79768149
04/09/2010 	11.990183  	16.093210  	13.886339  	16.01614253
05/09/2010 	 9.631485  	14.225620  	11.892410  	15.93995609
06/09/2010 	 8.487633  	14.442376  	10.352950  	15.60092912
07/09/2010 	 8.135007  	19.020552  	15.617193  	14.74869947
08/09/2010 	12.897241  	19.416843  	15.874324  	14.87914004
09/09/2010 	13.971408  	19.180050  	16.392203  	15.55620134
10/09/2010 	14.379640  	19.101101  	17.243386  	15.81703204
11/09/2010 	16.536247  	20.659212  	18.946356  	16.35955789
12/09/2010 	18.172264  	20.640871  	19.826591  	16.82443531
13/09/2010 	18.667244  	20.613787  	19.779779  	16.29110426
14/09/2010 	17.083467  	21.316877  	20.475577  	16.75213289
15/09/2010 	17.081121  	23.219393  	20.207600  	15.91997015
16/09/2010 	17.769842  	22.703068  	20.319157  	15.09375185
17/09/2010 	16.973289  	23.611879  	20.232235  	14.47503813
18/09/2010 	20.220076  	25.119013  	23.325107  	13.64976962
19/09/2010 	17.254356  	23.697687  	20.448123  	13.71859805
20/09/2010 	17.701227  	19.406206  	18.799276  	14.19502793
21/09/2010 	17.266005  	19.462730  	18.683091  	14.73056229
22/09/2010 	14.721980  	19.103245  	17.075451  	15.04542494
23/09/2010 	14.057696  	18.490545  	15.835203  	15.27214785
24/09/2010 	13.413185  	19.310944  	15.957977  	15.58884388
25/09/2010 	12.888315  	19.659052  	17.474275  	14.23500951
26/09/2010 	15.408098  	18.242933  	16.748516  	13.74298078
27/09/2010 	14.589290  	17.371883  	16.135101  	13.60922194
28/09/2010 	11.121443  	16.691263  	13.717108  	13.95396507
29/09/2010 	11.120220  	16.451641  	12.507682  	13.47721952
30/09/2010 	10.508658  	18.477921  	13.226378  	13.15011726
01/10/2010 	12.595158  	18.493155  	15.182550  	13.57869985
02/10/2010 	18.212002  	20.682783  	19.451541  	13.99643854
03/10/2010 	17.735926  	20.855188  	19.833360  	14.63731033
04/10/2010 	19.896772  	22.080870  	20.741347  	15.11740714
05/10/2010 	19.930107  	21.948204  	20.451332  	15.52634710
06/10/2010 	19.284191  	22.681063  	21.401047  	15.54555180
07/10/2010 	19.472940  	22.589155  	21.195557  	15.46392691
08/10/2010 	16.863207  	21.280710  	18.560450  	15.35815819
09/10/2010 	14.775571  	18.534586  	16.278780  	14.37706447
10/10/2010 	13.586526  	18.081858  	15.148306  	13.20730654
11/10/2010 	12.483682  	17.066311  	13.876749  	12.37428141
12/10/2010 	11.964173  	15.832155  	13.702754  	12.35042731
13/10/2010 	13.576196  	16.468668  	14.987716  	12.24831311
14/10/2010 	14.657865  	18.090185  	16.533995  	12.12333514
15/10/2010 	16.477192  	20.470140  	18.082872  	12.06040263
16/10/2010 	13.719358  	20.564688  	16.451380  	11.06913139
17/10/2010 	14.688545  	17.119467  	15.812482  	10.01552310
18/10/2010 	14.730990  	20.955717  	18.080621  	10.87571768
19/10/2010 	18.463106  	21.393908  	19.948928  	10.68948166
20/10/2010 	20.362288  	25.446657  	21.750653  	 9.72876223
21/10/2010 	20.451145  	26.121313  	21.997116  	 9.15257657
22/10/2010 	19.842894  	21.670221  	20.673460  	 9.66678536
23/10/2010 	18.492306  	21.668900  	20.063367  	 9.51392559
24/10/2010 	19.632137  	23.325798  	21.423617  	 9.06769154
25/10/2010 	20.812115  	24.455889  	22.398213  	 8.18743011
26/10/2010 	18.896215  	25.415754  	22.278132  	 8.00934367
27/10/2010 	18.465433  	21.828476  	19.819480  	 8.61497144
28/10/2010 	18.080149  	20.082788  	19.037679  	 9.17666143
29/10/2010 	18.592505  	20.576807  	19.087780  	 9.23410823
30/10/2010 	19.681154  	21.330643  	20.352794  	 9.69034884
31/10/2010 	19.172684  	20.938871  	20.010145  	 9.72034351
01/11/2010 	17.190411  	20.607368  	19.215089  	 9.74463872
02/11/2010 	17.107450  	23.416471  	21.333579  	10.20488375
03/11/2010 	21.838064  	25.979773  	24.547617  	10.83470978
04/11/2010 	22.301125  	25.623844  	23.579497  	11.18190215
05/11/2010 	20.600073  	24.944477  	22.266366  	11.54213180
06/11/2010 	21.613663  	24.595970  	23.676384  	11.30113190
07/11/2010 	20.593477  	24.518896  	22.965627  	10.28281969
08/11/2010 	15.038116  	22.374928  	18.175653  	 9.01289687
09/11/2010 	10.106867  	20.982082  	15.871423  	 7.94884748
10/11/2010 	12.531319  	19.042067  	15.976727  	 7.18054560
11/11/2010 	15.931916  	24.026457  	19.920941  	 7.60703364
12/11/2010 	19.093447  	24.835905  	23.040997  	 8.35596905
13/11/2010 	18.984453  	21.252869  	19.965061  	 8.05533139
14/11/2010 	19.351679  	20.665197  	19.931585  	 8.34077839
15/11/2010 	19.859068  	22.147518  	20.679183  	 8.18615034
16/11/2010 	19.175024  	21.634766  	20.381126  	 7.67096381
17/11/2010 	13.038318  	20.616159  	16.478980  	 6.96508260
18/11/2010 	12.436377  	20.518913  	16.122257  	 6.85444365
19/11/2010 	14.635489  	20.622730  	17.119484  	 6.81370835
20/11/2010 	14.812416  	19.585220  	16.801091  	 6.68283466
21/11/2010 	14.398681  	18.924780  	15.676849  	 6.68646460
22/11/2010 	11.791687  	17.394159  	14.279862  	 6.40976349
23/11/2010 	12.089543  	19.985300  	15.468321  	 6.02075252
24/11/2010 	14.564911  	20.051308  	17.322715  	 5.18078290
25/11/2010 	14.384506  	20.363306  	17.845116  	 4.68040136
26/11/2010 	14.248414  	18.064735  	16.238618  	 4.44450205
27/11/2010 	13.181811  	18.212511  	14.568142  	 3.77524047
28/11/2010 	12.077222  	18.254244  	13.766633  	 3.36523299
29/11/2010 	10.159506  	17.477631  	12.966931  	 2.12204235
30/11/2010 	11.314498  	16.225157  	14.434372  	 1.60635956
01/12/2010 	11.113618  	16.856550  	15.072621  	 0.22277555
02/12/2010 	15.069845  	20.289919  	17.623856  	 0.04735408
03/12/2010 	16.384211  	19.707159  	17.880217  	-0.27032555
04/12/2010 	17.517351  	23.879791  	22.012998  	 1.70283384
05/12/2010 	22.251513  	24.196016  	23.689588  	 2.46670266
06/12/2010 	22.509100  	24.130896  	23.602101  	 2.37996528
07/12/2010 	21.127214  	23.955055  	22.735956  	 1.60516224
08/12/2010 	20.146021  	22.712675  	21.602058  	 1.04888030
09/12/2010 	21.046864  	27.375084  	24.345927  	 1.40106061
10/12/2010 	23.088221  	28.386938  	25.319699  	 1.74587187
11/12/2010 	23.388025  	30.345222  	27.055125  	 3.43223270
12/12/2010 	24.321619  	29.962070  	29.022867  	 4.12121143
13/12/2010 	23.602104  	29.102392  	25.531666  	 2.63407907
14/12/2010 	16.789104  	25.693138  	20.362915  	 1.49493384
15/12/2010 	18.895447  	24.492737  	21.966634  	 1.60357331
16/12/2010 	19.243710  	27.445320  	22.078775  	 2.01737588
17/12/2010 	20.202154  	26.026251  	23.739320  	 1.71257394
18/12/2010 	18.082014  	22.950325  	20.083619  	 1.42983224
19/12/2010 	15.660269  	21.419579  	18.285166  	 0.07652611
20/12/2010 	16.296782  	21.448400  	18.542528  	-0.52649791
21/12/2010 	16.938421  	21.724239  	19.071355  	-0.67333142
22/12/2010 	15.864855  	19.587528  	17.574410  	-0.92564827
23/12/2010 	14.525635  	21.686090  	16.772873  	-0.29168378
24/12/2010 	14.109468  	25.677481  	19.530668  	-0.54412806
25/12/2010 	20.162821  	29.126469  	24.412078  	-0.82462969
26/12/2010 	20.312618  	27.185369  	23.913417  	-0.61280932
27/12/2010 	19.543715  	27.292423  	23.556528  	 0.01656009
28/12/2010 	19.513599  	21.956675  	20.562703  	-0.16632288
29/12/2010 	17.621353  	20.805971  	19.447804  	-0.27937610
30/12/2010 	18.342684  	20.881926  	19.347546  	-0.17385606
31/12/2010 	18.325294  	21.037666  	19.626573  	 0.29326867
01/01/2011 	18.725060  	22.446774  	20.616011  	 1.02640655
02/01/2011 	19.678158  	23.083805  	21.178113  	 1.25354716
03/01/2011 	19.523088  	23.081308  	21.008175  	 1.68446266
04/01/2011 	18.594425  	22.959457  	19.731445  	 1.32239578
05/01/2011 	18.528078  	20.995108  	19.838556  	 0.75924976
06/01/2011 	19.549662  	21.621859  	20.697054  	 1.01610403
07/01/2011 	17.673124  	20.995583  	20.108726  	 1.22396711
08/01/2011 	17.576132  	22.744730  	20.609534  	 2.07231413
09/01/2011 	20.479496  	22.804062  	21.923223  	 2.14259528
10/01/2011 	20.136297  	22.144741  	21.342572  	 1.86759886
11/01/2011 	20.084648  	21.329239  	20.478113  	 1.95671286
12/01/2011 	20.234293  	21.210350  	20.734816  	 2.31467321
13/01/2011 	19.459101  	20.927340  	20.396038  	 2.79381234
14/01/2011 	18.549009  	20.775953  	19.455667  	 3.34251001
15/01/2011 	16.867243  	21.962498  	20.175668  	 3.50401295
16/01/2011 	16.477936  	19.817225  	18.100929  	 3.98951315
17/01/2011 	17.019175  	19.225006  	17.896784  	 4.33429717
18/01/2011 	15.991139  	20.241987  	18.027948  	 4.48677527
19/01/2011 	17.555603  	21.711504  	19.528017  	 4.42177197
20/01/2011 	12.940868  	18.798174  	15.738874  	 3.48293885
21/01/2011 	 9.595489  	15.244935  	12.547094  	 3.02308844
22/01/2011 	 9.977021  	15.865844  	13.072003  	 3.40418044
23/01/2011 	 9.532070  	16.607780  	13.134923  	 3.75246618
24/01/2011 	 9.844956  	16.627089  	13.719540  	 4.18033852
25/01/2011 	12.081272  	21.324268  	17.363034  	 4.23717540
26/01/2011 	 9.755627  	15.884830  	12.727803  	 3.45256159
27/01/2011 	 6.663795  	12.035097  	 8.816213  	 1.87966022
28/01/2011 	 4.800486  	10.425344  	 6.564548  	 0.56262547
29/01/2011 	 5.229418  	 9.934514  	 7.146205  	 0.31200488
30/01/2011 	 5.994412  	10.303458  	 7.939952  	 0.13246387
31/01/2011 	 7.127685  	12.113374  	 9.243895  	 0.53763688
01/02/2011 	 7.953030  	15.030122  	11.586176  	 1.17867333
02/02/2011 	10.550417  	15.704289  	13.828232  	 1.94779178
03/02/2011 	15.458015  	18.372047  	16.606422  	 2.58728285
04/02/2011 	15.046234  	25.379360  	18.205513  	 3.24683482
05/02/2011 	16.400362  	27.568060  	22.938126  	 4.56024442
06/02/2011 	23.638123  	29.184422  	26.730235  	 5.33928373
07/02/2011 	25.276909  	28.885038  	27.588057  	 5.44407565
08/02/2011 	22.211050  	28.910067  	27.553444  	 5.10044209
09/02/2011 	19.336906  	26.292812  	23.322127  	 4.67199945
10/02/2011 	17.502455  	25.667318  	21.837748  	 5.03030853
11/02/2011 	19.486521  	25.236181  	21.808657  	 5.16908652
12/02/2011 	16.303486  	23.325455  	19.005849  	 4.54467878
13/02/2011 	18.455307  	24.082603  	21.029170  	 4.81800398
14/02/2011 	20.459824  	23.316822  	21.579681  	 4.76502966
15/02/2011 	19.018301  	23.122501  	21.720906  	 4.76073123
16/02/2011 	18.623249  	22.879480  	21.540168  	 4.78750465
17/02/2011 	17.009493  	22.776636  	19.742983  	 4.46406776
18/02/2011 	16.115114  	19.719856  	17.471296  	 3.37638956
19/02/2011 	14.671653  	19.336725  	16.555454  	 2.98571670
20/02/2011 	12.314033  	20.633602  	16.266354  	 2.18356301
21/02/2011 	14.803374  	20.781918  	17.773618  	 1.24621367
22/02/2011 	16.974596  	20.921478  	19.317326  	 0.58716336
23/02/2011 	17.575121  	22.033239  	20.143946  	 1.04690807
24/02/2011 	21.256161  	22.450771  	21.860328  	 1.71145246
25/02/2011 	20.130625  	22.321053  	21.628533  	 2.46681162
26/02/2011 	20.227865  	22.605028  	21.901242  	 2.86737652
27/02/2011 	21.306870  	22.368216  	22.020556  	 3.57248390
28/02/2011 	16.918146  	21.962646  	20.235880  	 3.07642467
01/03/2011 	13.497349  	18.918200  	17.022995  	 2.84010157
02/03/2011 	11.486167  	17.266653  	14.051255  	 2.30579200
03/03/2011 	12.450089  	16.391041  	13.912702  	 1.83464070
04/03/2011 	12.625438  	16.588076  	14.509210  	 1.69305039
05/03/2011 	13.517753  	18.400326  	16.494722  	 2.35704465
06/03/2011 	15.078144  	19.291933  	17.872190  	 2.76940241
07/03/2011 	14.594389  	17.999718  	15.968298  	 2.47103006
08/03/2011 	14.953256  	18.986359  	16.144502  	 2.48950995
09/03/2011 	15.705002  	22.629545  	20.204070  	 3.31409758
10/03/2011 	19.851488  	22.708654  	21.247158  	 3.94314202
11/03/2011 	19.465012  	22.284105  	21.216076  	 4.10103053
12/03/2011 	18.770390  	20.615191  	19.924466  	 4.14482840
13/03/2011 	18.883919  	19.970255  	19.445102  	 4.82820807
14/03/2011 	18.335600  	19.759336  	18.969057  	 5.42038996
15/03/2011 	15.854377  	19.325779  	17.335876  	 5.91679934
16/03/2011 	13.863301  	19.826040  	17.166386  	 5.58840812
17/03/2011 	14.365368  	21.091412  	17.594911  	 5.77461251
18/03/2011 	14.908292  	20.362028  	17.719493  	 5.90139029
19/03/2011 	15.719722  	19.654573  	17.229412  	 5.98478103
20/03/2011 	16.164959  	19.628252  	17.616445  	 6.14912786
21/03/2011 	17.009506  	20.131300  	18.409279  	 6.21620713
22/03/2011 	17.935123  	20.673540  	19.681229  	 6.58507815
23/03/2011 	18.944098  	20.930758  	20.187889  	 7.12749837
24/03/2011 	19.073784  	21.044357  	20.220491  	 7.47081092
25/03/2011 	18.789814  	21.351547  	20.526486  	 7.74847665
26/03/2011 	20.057037  	22.061430  	21.016100  	 7.32113513
27/03/2011 	19.073307  	21.329466  	19.991715  	 5.76843816
28/03/2011 	19.801924  	22.142122  	20.804845  	 5.95472472
29/03/2011 	19.825443  	22.493681  	21.024877  	 6.01727925
30/03/2011 	20.073357  	22.667557  	21.071501  	 6.51471536
31/03/2011 	20.204096  	25.650438  	22.405867  	 7.49303465
01/04/2011 	23.004200  	25.766127  	25.267636  	 8.03906635
02/04/2011 	23.808458  	25.733650  	24.995521  	 8.67284249
03/04/2011 	24.063251  	25.534128  	24.989475  	 9.61978861
04/04/2011 	24.257362  	25.617693  	25.091403  	 9.87521277
05/04/2011 	24.960934  	26.239405  	25.585510  	 9.16063710
06/04/2011 	25.543781  	26.508171  	25.989044  	 9.10405634
07/04/2011 	25.952063  	26.558279  	26.281200  	 9.72787201
08/04/2011 	25.845842  	26.329971  	26.074529  	 9.90418508
09/04/2011 	25.831158  	26.761030  	26.133036  	10.33242130
10/04/2011 	25.483665  	26.950760  	26.234033  	10.20096368
11/04/2011 	25.441736  	26.698767  	26.080205  	10.61176872
12/04/2011 	26.155619  	27.986853  	27.280176  	10.63071499
13/04/2011 	26.388582  	28.870945  	27.832476  	 9.97699344
14/04/2011 	25.786663  	27.942362  	27.091701  	10.09622216
15/04/2011 	24.956356  	28.282246  	26.916429  	10.31504395
16/04/2011 	25.103699  	28.154268  	26.833572  	10.56924860
17/04/2011 	25.406605  	28.065359  	26.747017  	11.24431157
18/04/2011 	24.377405  	26.742134  	25.531945  	11.98867583
19/04/2011 	24.203709  	25.611479  	24.694116  	12.39806414
20/04/2011 	24.293158  	25.581293  	25.012307  	13.06885741
21/04/2011 	24.481171  	25.915348  	25.326182  	13.45453735
22/04/2011 	24.742182  	25.886219  	25.272517  	13.84996440
23/04/2011 	24.970566  	25.857780  	25.246777  	14.06098745
24/04/2011 	25.116590  	26.252350  	25.633600  	14.61778514
25/04/2011 	25.296558  	26.581287  	25.943879  	14.81728917
26/04/2011 	25.689657  	27.109419  	26.151603  	13.64308906
27/04/2011 	25.860428  	30.552668  	28.074359  	12.10922859
28/04/2011 	27.812437  	31.048183  	29.585416  	11.76095206
29/04/2011 	26.525999  	29.842123  	27.685828  	13.18310684
30/04/2011 	26.479773  	27.282024  	26.727499  	12.59915986
01/05/2011 	26.698872  	27.550274  	27.032791  	11.79132406
02/05/2011 	27.285631  	28.677042  	27.890525  	11.41545496
03/05/2011 	27.999813  	30.440742  	28.738429  	10.26390826
04/05/2011 	29.411495  	31.188868  	30.550554  	10.27287181
05/05/2011 	29.906027  	31.427696  	30.842668  	10.43637941
06/05/2011 	29.968998  	31.442982  	30.634320  	11.41609546
07/05/2011 	29.349197  	31.043564  	30.177287  	12.56952663
08/05/2011 	29.181644  	30.001715  	29.481551  	13.25702898
09/05/2011 	29.202023  	30.082491  	29.637560  	14.01333928
10/05/2011 	29.314722  	30.561928  	30.011852  	14.59439369
11/05/2011 	29.669006  	30.572268  	30.204200  	15.26036835
12/05/2011 	29.898663  	31.048708  	30.494966  	15.79795080
13/05/2011 	30.101288  	31.234287  	30.856266  	15.66090790
14/05/2011 	30.650732  	31.533573  	31.216169  	15.42643207
15/05/2011 	31.291281  	32.084293  	31.636216  	14.83569664
16/05/2011 	31.158190  	32.085987  	31.671561  	14.24062053
17/05/2011 	31.193144  	32.289860  	31.621780  	14.26330133
18/05/2011 	31.249117  	32.300144  	31.719510  	14.53159253
19/05/2011 	31.236599  	32.374317  	31.686735  	15.05283376
20/05/2011 	31.572973  	32.430695  	32.196974  	15.17149792
21/05/2011 	31.831205  	32.468006  	32.365917  	15.97413679
22/05/2011 	31.791733  	32.471275  	32.195277  	16.35030695
23/05/2011 	31.467144  	32.085850  	31.761556  	15.79277674
24/05/2011 	31.161041  	31.471710  	31.281848  	15.00009779
25/05/2011 	30.934389  	31.664795  	31.321102  	15.22325246
26/05/2011 	30.630014  	31.501286  	31.077422  	15.27245140
27/05/2011 	30.637615  	30.895033  	30.749789  	15.08636959
28/05/2011 	30.405430  	30.878801  	30.663479  	14.78675010
29/05/2011 	30.322363  	30.523325  	30.425943  	14.95586437
30/05/2011 	30.352823  	30.449528  	30.429822  	15.66686312
31/05/2011 	30.372948  	30.473125  	30.423865  	16.09711836
01/06/2011 	30.442192  	30.558022  	30.495720  	15.81836158
02/06/2011 	30.489868  	30.598471  	30.554819  	16.84823994
03/06/2011 	30.567171  	30.684666  	30.635573  	17.20906095
04/06/2011 	30.582903  	31.258970  	30.757235  	17.18048012
05/06/2011 	31.150202  	31.584925  	31.420936  	16.20943677
06/06/2011 	31.412251  	31.629679  	31.548689  	16.01881514
07/06/2011 	31.355314  	31.659327  	31.568136  	16.36020720
08/06/2011 	30.669334  	31.632566  	31.415433  	16.73414268
09/06/2011 	31.074884  	31.639233  	31.470822  	16.25849440
10/06/2011 	30.131243  	31.600426  	31.159529  	16.19790216
11/06/2011 	29.581345  	31.547733  	30.746856  	16.27288818
12/06/2011 	28.973536  	31.496897  	30.404024  	16.32592521
13/06/2011 	28.280136  	31.121880  	30.237466  	16.84339654
14/06/2011 	29.362408  	30.779284  	30.523629  	17.50150454
15/06/2011 	28.872128  	30.918648  	30.207139  	17.77809791
16/06/2011 	28.898764  	30.711092  	29.964341  	17.86302066
17/06/2011 	29.043423  	30.836645  	30.471604  	17.21753267
18/06/2011 	29.026955  	30.660273  	30.305397  	16.95644744
19/06/2011 	29.770632  	30.491379  	30.089100  	16.41477772
20/06/2011 	29.952126  	30.591244  	30.187215  	16.62817206
21/06/2011 	29.694111  	30.648220  	30.216824  	17.32007333
22/06/2011 	29.915079  	30.088379  	29.979065  	16.94288639
23/06/2011 	29.111696  	29.963324  	29.779734  	16.81196932
24/06/2011 	28.989443  	29.882769  	29.655282  	16.76367557
25/06/2011 	27.521650  	29.848927  	28.985522  	16.61474733
26/06/2011 	27.609074  	29.788841  	28.355351  	17.87510065
27/06/2011 	26.401100  	29.314583  	27.912279  	19.39995392
28/06/2011 	26.358788  	28.572233  	27.299069  	20.55758349
29/06/2011 	26.219666  	29.839516  	28.400155  	20.51656993
30/06/2011 	27.114393  	29.558725  	28.508509  	19.22544126
01/07/2011 	27.048222  	29.467730  	28.533993  	18.34569490
02/07/2011 	25.935570  	29.203333  	27.697681  	17.19789724
03/07/2011 	26.932570  	30.168749  	28.639011  	16.09561535
04/07/2011 	24.392723  	30.482138  	27.829988  	15.72197439
05/07/2011 	24.501570  	29.184917  	26.446376  	16.73746016
06/07/2011 	22.980137  	27.611053  	25.185750  	17.69227473
07/07/2011 	23.213858  	27.406826  	24.844754  	17.74225688
08/07/2011 	23.569420  	27.249493  	24.962132  	18.13000667
09/07/2011 	23.811178  	28.231840  	26.052638  	18.44204823
10/07/2011 	26.446854  	28.174328  	27.351289  	18.44086711
11/07/2011 	25.330261  	27.825485  	26.846201  	19.20766175
12/07/2011 	21.415863  	27.235268  	25.166150  	19.16226490
13/07/2011 	20.002592  	30.168495  	24.848444  	16.44505771
14/07/2011 	25.483444  	30.593025  	29.027490  	16.63286638
15/07/2011 	25.562819  	30.802252  	29.586661  	17.22255981
16/07/2011 	23.473566  	30.236971  	26.055588  	17.65740863
17/07/2011 	22.932533  	25.552118  	24.401670  	17.62136904
18/07/2011 	20.573881  	25.005083  	23.527581  	17.30656560
19/07/2011 	20.576488  	22.775572  	21.708100  	17.19558609
20/07/2011 	21.345219  	22.508490  	21.961213  	17.64591567
21/07/2011 	21.512045  	23.810486  	22.548970  	18.15323154
22/07/2011 	22.529192  	25.098700  	23.931570  	17.45825112
23/07/2011 	23.714476  	26.638685  	25.212087  	16.44687764
24/07/2011 	23.057808  	26.460220  	25.126327  	16.16790561
25/07/2011 	24.455532  	28.130943  	26.706125  	15.60842554
26/07/2011 	23.820494  	26.911676  	25.629748  	16.33301989
27/07/2011 	21.194187  	25.289232  	23.668618  	17.27036854
28/07/2011 	19.760773  	24.243755  	22.087612  	18.17941884
29/07/2011 	20.705109  	26.643494  	24.228966  	17.74666019
30/07/2011 	22.159542  	26.383341  	24.347450  	16.79230819
31/07/2011 	19.807310  	24.465784  	22.294218  	16.18886497
01/08/2011 	18.371679  	22.781351  	20.347202  	16.62797085
02/08/2011 	17.609684  	21.910807  	19.501559  	17.46086045
03/08/2011 	17.365505  	21.696537  	19.603523  	18.43409264
04/08/2011 	18.732771  	22.711588  	20.382049  	19.13766682
05/08/2011 	19.505943  	22.994417  	21.272912  	19.57535040
06/08/2011 	19.357115  	22.881117  	21.074937  	19.87610881
07/08/2011 	20.724009  	24.205477  	22.803995  	19.26294720
08/08/2011 	22.725998  	25.470680  	23.801651  	18.49357454
09/08/2011 	23.598427  	25.895857  	24.738433  	17.35723937
10/08/2011 	22.757683  	27.456772  	24.945054  	16.25841723
11/08/2011 	21.372852  	24.186720  	22.554197  	17.02669803
12/08/2011 	20.561800  	23.174715  	21.919107  	17.78180504
13/08/2011 	18.945908  	23.952175  	21.396797  	18.44263816
14/08/2011 	18.357988  	21.983694  	20.344737  	18.58934923
15/08/2011 	19.923988  	23.800356  	22.019667  	18.70934776
16/08/2011 	20.144838  	24.080376  	21.797948  	18.43093276
17/08/2011 	19.011402  	23.831474  	21.839305  	18.15038617
18/08/2011 	17.754190  	24.007521  	20.505217  	17.71891161
19/08/2011 	17.761822  	23.196301  	19.910518  	17.45617545
20/08/2011 	18.369951  	21.498417  	19.639999  	17.29672750
21/08/2011 	17.100645  	20.076687  	18.707873  	17.78207807
22/08/2011 	17.610401  	20.921761  	19.495787  	18.21374671
23/08/2011 	15.348961  	20.522419  	16.983393  	18.45473663
24/08/2011 	15.813684  	19.998222  	17.779468  	18.99582120
25/08/2011 	16.782345  	20.316618  	18.474622  	18.92692113
26/08/2011 	16.242474  	20.299780  	18.621563  	19.00128098
27/08/2011 	18.378773  	22.177326  	20.488839  	18.38938455
28/08/2011 	19.542173  	23.029533  	21.956747  	17.45814375
29/08/2011 	22.852772  	23.582827  	23.156874  	16.66389545
30/08/2011 	23.359461  	26.190424  	24.260898  	15.63941151
31/08/2011 	22.400717  	26.617928  	24.654860  	15.25727230
01/09/2011 	20.375536  	26.081993  	23.247757  	15.17158137
02/09/2011 	17.329359  	23.991938  	19.782751  	15.28949561
03/09/2011 	17.557634  	21.730671  	19.185986  	16.04945445
04/09/2011 	17.005571  	21.123709  	19.067554  	16.90871811
05/09/2011 	17.908880  	23.844000  	21.498473  	16.86520747
06/09/2011 	19.949518  	25.510433  	24.176552  	16.60897227
07/09/2011 	24.653818  	29.441595  	26.924263  	16.43409586
08/09/2011 	22.448627  	27.742542  	25.041732  	15.71113481
09/09/2011 	22.752884  	26.313631  	23.726981  	16.06272225
10/09/2011 	21.452009  	25.228445  	22.977077  	16.72562679
11/09/2011 	21.391685  	24.540300  	23.130867  	16.89679794
12/09/2011 	20.868784  	26.256222  	23.903542  	16.76555451
13/09/2011 	19.505945  	26.884912  	22.202315  	16.16557926
14/09/2011 	20.737673  	25.757597  	23.320666  	15.36875929
15/09/2011 	24.033890  	26.484291  	24.933540  	15.03889098
16/09/2011 	19.679590  	27.574957  	23.764228  	14.44467618
17/09/2011 	18.916048  	24.179470  	21.699964  	14.81680262
18/09/2011 	22.142952  	24.104401  	23.071608  	14.70253452
19/09/2011 	21.863167  	23.340561  	22.723836  	14.23155687
20/09/2011 	21.072510  	22.785034  	21.912632  	15.00567377
21/09/2011 	19.936579  	22.792913  	21.060700  	15.36811928
22/09/2011 	22.513113  	24.639723  	23.333461  	14.85693190
23/09/2011 	22.344355  	23.786758  	23.260497  	14.42051164
24/09/2011 	20.822676  	23.402763  	22.643767  	14.47317030
25/09/2011 	21.252848  	23.772989  	22.636353  	14.79323705
26/09/2011 	19.733410  	23.959024  	21.663904  	15.47590061
27/09/2011 	20.781874  	23.557375  	22.356072  	15.93581196
28/09/2011 	18.658901  	22.552752  	20.388006  	16.37868867
29/09/2011 	15.843375  	21.861242  	18.747327  	16.59541392
30/09/2011 	14.894987  	20.960896  	17.521822  	16.81888998
01/10/2011 	15.288373  	19.732906  	17.227788  	17.11167999
02/10/2011 	15.729181  	19.658638  	17.245220  	17.38636478
03/10/2011 	16.310181  	21.432602  	18.192631  	17.42464189
04/10/2011 	17.062269  	21.974617  	19.795154  	17.13110507
05/10/2011 	19.880491  	22.691992  	21.619360  	16.63835824
06/10/2011 	21.379398  	25.731407  	24.021880  	16.23304218
07/10/2011 	19.396021  	27.462696  	23.884716  	14.75117093
08/10/2011 	24.731482  	28.403116  	26.823846  	12.18300740
09/10/2011 	22.619450  	26.568104  	24.722873  	11.88548358
10/10/2011 	23.022045  	25.961344  	24.350620  	13.36178217
11/10/2011 	20.514318  	25.707165  	23.453521  	13.78285778
12/10/2011 	22.072517  	24.765131  	23.687235  	13.30676891
13/10/2011 	21.439571  	24.757305  	23.487972  	12.69610202
14/10/2011 	15.733657  	23.408625  	19.140361  	12.03717915
15/10/2011 	12.672018  	20.269426  	16.115818  	11.30966653
16/10/2011 	12.334150  	21.352724  	16.737847  	11.26225390
17/10/2011 	16.051956  	21.662781  	18.598267  	11.66385146
18/10/2011 	19.699465  	22.709728  	21.750659  	11.98425148
19/10/2011 	19.950432  	22.839764  	21.902026  	11.04390738
20/10/2011 	21.795769  	24.062735  	23.025935  	 9.88593580
21/10/2011 	20.419836  	23.974909  	22.051191  	 9.75137105
22/10/2011 	18.720001  	20.838453  	19.576332  	 9.85083864
23/10/2011 	19.653214  	21.002491  	20.353453  	 9.64052077
24/10/2011 	20.250521  	22.031424  	20.907674  	 9.24623569
25/10/2011 	21.129147  	23.939133  	22.936267  	 9.67213430
26/10/2011 	22.726370  	24.386551  	23.772888  	10.03002413
27/10/2011 	23.901747  	24.566124  	24.195052  	10.03923752
28/10/2011 	23.916828  	24.537657  	24.169043  	10.27212149
29/10/2011 	23.599792  	24.208858  	23.928564  	10.37950760
30/10/2011 	23.884846  	24.412886  	24.083072  	11.04153192
31/10/2011 	23.926662  	24.378149  	24.130543  	11.49356661
01/11/2011 	23.907869  	24.844057  	24.222711  	11.34207563
02/11/2011 	23.816208  	24.836983  	24.206941  	11.34923768
03/11/2011 	23.179100  	24.837198  	24.060147  	11.54101264
04/11/2011 	24.962387  	25.946667  	25.379601  	11.85957350
05/11/2011 	25.061584  	26.088757  	25.439784  	12.00930635
06/11/2011 	23.598963  	25.855236  	25.019349  	11.92785178
07/11/2011 	19.462790  	24.773399  	22.263561  	11.24258536
08/11/2011 	18.262602  	23.068239  	21.253495  	10.40562036
09/11/2011 	20.662279  	23.439079  	21.905698  	 9.93602961
10/11/2011 	19.388849  	23.520227  	21.591435  	 9.38077070
11/11/2011 	20.559338  	24.128939  	23.082093  	 9.05026750
12/11/2011 	24.133961  	24.693218  	24.496412  	 8.43140829
13/11/2011 	21.757204  	24.698004  	24.200938  	 7.64682516
14/11/2011 	19.917246  	24.298527  	21.897598  	 5.99928544
15/11/2011 	19.861425  	23.954605  	21.902201  	 5.50120623
16/11/2011 	21.331591  	23.739180  	22.695016  	 5.56654902
17/11/2011 	22.871778  	25.241360  	23.751069  	 5.97247458
18/11/2011 	23.972515  	25.992317  	24.580003  	 6.85569322
19/11/2011 	23.885496  	26.107090  	24.821002  	 6.94946339
20/11/2011 	23.418402  	25.837740  	24.344759  	 6.55102290
21/11/2011 	22.805670  	25.493168  	23.859394  	 6.13772284
22/11/2011 	22.813612  	25.481602  	23.728192  	 5.90909301
23/11/2011 	22.887012  	25.319647  	23.834519  	 6.28226396
24/11/2011 	23.143173  	25.512110  	24.535563  	 7.16294098
25/11/2011 	24.073156  	27.646364  	25.971452  	 7.73146001
26/11/2011 	26.560562  	27.735731  	27.204646  	 7.96555937
27/11/2011 	25.714367  	28.270912  	26.984721  	 8.41936092
28/11/2011 	26.114574  	27.190712  	26.771556  	 7.97256065
29/11/2011 	25.421072  	26.808313  	26.064859  	 7.86955514
30/11/2011 	25.252340  	27.322464  	25.916916  	 7.81833404
01/12/2011 	23.229530  	25.235161  	24.303924  	 8.09799408
02/12/2011 	24.320200  	25.660082  	25.027393  	 7.89393162
03/12/2011 	24.483519  	26.363499  	25.543290  	 7.90288819
04/12/2011 	23.886662  	26.478804  	25.760696  	 7.63859235
05/12/2011 	23.323351  	26.386505  	24.825425  	 6.97924674
06/12/2011 	24.312870  	25.778307  	24.861748  	 6.50928153
07/12/2011 	24.827141  	25.731129  	25.086100  	 6.31732929
08/12/2011 	25.134331  	25.811903  	25.327073  	 6.31914178
09/12/2011 	25.615774  	26.532854  	26.128320  	 6.03629751
10/12/2011 	26.007349  	26.353466  	26.219302  	 5.63424778
11/12/2011 	24.887318  	26.348188  	26.019006  	 5.49990872
12/12/2011 	24.845636  	25.945505  	25.331538  	 5.59713501
13/12/2011 	21.494017  	27.717239  	25.289872  	 5.96954518
14/12/2011 	20.630259  	26.785021  	23.198841  	 5.76776268
15/12/2011 	23.141382  	28.104233  	24.530418  	 5.69089283
16/12/2011 	17.996786  	27.942135  	25.075147  	 5.48765754
17/12/2011 	19.555496  	26.475710  	24.699369  	 4.90761437
18/12/2011 	23.500210  	27.726654  	26.712417  	 4.58715625
19/12/2011 	20.712654  	27.710749  	24.710958  	 4.35735662
20/12/2011 	18.055449  	27.683870  	22.584022  	 4.53075833
21/12/2011 	19.673725  	28.137012  	24.118502  	 4.54126066
22/12/2011 	14.822354  	26.348616  	21.526102  	 5.12583613
23/12/2011 	17.160881  	26.471046  	20.074359  	 5.65911882
24/12/2011 	17.402233  	22.104666  	20.477585  	 5.52180911
25/12/2011 	15.025873  	21.721102  	18.941552  	 5.88261844
26/12/2011 	15.365920  	16.952900  	16.283634  	 6.37517994
27/12/2011 	15.071573  	17.390434  	15.951684  	 6.53682144
28/12/2011 	15.441131  	18.551865  	16.615536  	 6.20325089
29/12/2011 	14.716051  	23.979935  	19.097412  	 5.88003729
30/12/2011 	14.786539  	26.219009  	22.158729  	 5.53082543
