Station	Date	Tmin	Tmax	Tavg	I
613500	01/01/2018	4.3	7.4	5.7	0.9
613500	02/01/2018	2.8	5.7	4.4	2.3
613500	03/01/2018	0.8	6	3.3	0.7
613500	04/01/2018	0.1	4.4	3	2
613500	05/01/2018	0.3	3.5	2.4	1
613500	06/01/2018	-1.5	2.7	0.4	1.4
613500	07/01/2018	-4.5	1.5	-1.8	3.1
613500	08/01/2018	-4.9	3	-1.7	2.9
613500	09/01/2018	0.1	4.3	2.3	2.4
613500	10/01/2018	1.2	3.4	2	0.8
613500	11/01/2018	1.7	3.4	2.6	0.5
613500	12/01/2018	0.7	2.3	1.7	0.8
613500	13/01/2018	-1	1.9	0.6	0.8
613500	14/01/2018	-2.2	0.1	-0.9	1.1
613500	15/01/2018	-1.7	2.4	0.3	1.5
613500	16/01/2018	0.8	3.7	2.3	1.4
613500	17/01/2018	0.9	2.1	1.3	1.1
613500	18/01/2018	0.2	2.1	1.1	0.6
613500	19/01/2018	0.1	2.7	1.5	1.4
613500	20/01/2018	0.3	2	1.4	0.7
613500	21/01/2018	-2.6	2.4	-0.2	2.7
613500	22/01/2018	-1.1	0.3	-0.2	1.1
613500	23/01/2018	-0.3	5	1.5	1.1
613500	24/01/2018	4.9	10.5	7.7	0.8
613500	25/01/2018	4.4	6.3	5.5	1.4
613500	26/01/2018	2.4	4.9	3.5	1.7
613500	27/01/2018	3.25	6.4	4.95	1.4
613500	28/01/2018	3.25	6.4	4.95	1.4
613500	29/01/2018	4.1	7.9	6.4	1.1
613500	30/01/2018	3.2	5.8	4.4	3.8
613500	31/01/2018	2.2	6.1	3.7	0.7
613500	01/02/2018	1.6	3.5	2.7	1.3
613500	02/02/2018	-2.3	3.1	1.9	0.7
613500	03/02/2018	-3.4	-0.9	-2	1.4
613500	04/02/2018	-3.2	0.9	-0.8	4.9
613500	05/02/2018	-5.3	-1.2	-3.2	5.7
613500	06/02/2018	-6.8	-1.9	-3.9	3.6
613500	07/02/2018	-5.5	-0.5	-2.4	3.9
613500	08/02/2018	-3.9	1.4	-1.5	5.8
613500	09/02/2018	-3.5	0	-1.8	5.4
613500	10/02/2018	-4.6	0.8	-1.7	4.4
613500	11/02/2018	-0.5	2.8	0.9	1.4
613500	12/02/2018	0.9	3.1	2	3.7
613500	13/02/2018	-0.6	1.4	0.6	2.4
613500	14/02/2018	-1.9	3.4	0.4	7.1
613500	15/02/2018	-1.3	0.8	-0.4	3.5
613500	16/02/2018	0.4	4.8	2.4	5.9
613500	17/02/2018	1	4.2	2.3	3.5
613500	18/02/2018	0.2	3.3	1.7	5.4
613500	19/02/2018	-0.2	3.5	1	4.1
613500	20/02/2018	-0.7	3.5	1	5.8
613500	21/02/2018	-0.5	3.1	0.8	5.4
613500	22/02/2018	-2.3	2.1	-0.2	7.5
613500	23/02/2018	-4.1	1.9	-1.2	8.3
613500	24/02/2018	-3.8	-0.5	-1.8	8.5
613500	25/02/2018	-6.2	-2	-4	7.7
613500	26/02/2018	-7.7	-0.8	-4.4	9.5
613500	27/02/2018	-8.3	-4.1	-6.2	6.4
613500	28/02/2018	-9.4	-5.5	-7.6	6.5
613500	01/03/2018	-7.9	-3.4	-5.6	5
613500	02/03/2018	-6.2	-2.6	-4.4	5.2
613500	03/03/2018	-4.7	-0.5	-2.9	5.9
613500	04/03/2018	-4.8	-0.7	-2.7	8.8
613500	05/03/2018	-2.5	2.5	-0.5	3.7
613500	06/03/2018	-3.2	6.4	1.7	10.6
613500	07/03/2018	-0.3	2	0.4	3.7
613500	08/03/2018	-1.1	2	0.2	4.9
613500	09/03/2018	-0.9	1.9	0.6	3.6
613500	10/03/2018	-1.6	1.9	0	6.7
613500	11/03/2018	0.8	4.7	2.8	3.6
613500	12/03/2018	2.5	5.4	4	1.7
613500	13/03/2018	1.1	3.4	2.1	2.4
613500	14/03/2018	0.6	3.6	1.8	4.6
613500	15/03/2018	-0.6	1.3	0.3	3.3
613500	16/03/2018	-4.5	-0.2	-1.9	6.4
613500	17/03/2018	-5.4	-1	-3.5	9.6
613500	18/03/2018	-4.9	0.9	-2.1	14.2
613500	19/03/2018	-6.4	2.7	-1.2	15.1
613500	20/03/2018	-2.5	4.2	1	15.4
613500	21/03/2018	-2.6	5.7	1.3	6.5
613500	22/03/2018	-0.2	2.8	1.1	6.5
613500	23/03/2018	-0.2	1.9	0.8	3.5
613500	24/03/2018	1.1	4.8	2.8	6.6
613500	25/03/2018	2.7	5.7	4	2.9
613500	26/03/2018	0.7	6.4	3.5	8.7
613500	27/03/2018	0.9	5.6	3.1	7.6
613500	28/03/2018	-1.7	0.9	-0.2	5.9
613500	29/03/2018	-0.6	0.7	0.2	3
613500	30/03/2018	-3.3	4.3	0.6	16.6
613500	31/03/2018	-0.9	2.1	0.5	5.2
613500	01/04/2018	0.1	2.3	1	6.2
613500	02/04/2018	-1.2	6.4	2.3	17.7
613500	03/04/2018	0.4	8.6	4.1	3.8
613500	04/04/2018	7.3	11.7	9.2	12.2
613500	05/04/2018	2.8	9.9	6.3	6.6
613500	06/04/2018	1.9	9.9	5.3	18.9
613500	07/04/2018	3.7	13.4	7.9	17.1
613500	08/04/2018	5.1	17.7	11.5	18.7
613500	09/04/2018	7.4	17.5	11.9	15.1
613500	10/04/2018	4.8	11.8	7.9	16.5
613500	11/04/2018	2.9	11.3	6.3	19.5
613500	12/04/2018	4.1	13.8	8.3	17
613500	13/04/2018	7.6	14.8	10.7	14.5
613500	14/04/2018	6.4	11.2	8.3	4.6
613500	15/04/2018	4.6	8.8	7	4.3
613500	16/04/2018	2.8	14.5	8.7	13.9
613500	17/04/2018	5.7	14.7	9.4	14.5
613500	18/04/2018	6.5	19.7	12.9	19
613500	19/04/2018	6.2	21.3	14.6	21.1
613500	20/04/2018	10.5	23.9	16.4	21.1
613500	21/04/2018	7.2	17	11.7	21.1
613500	22/04/2018	3.2	16.4	10.5	21.2
613500	23/04/2018	7.9	15.9	11.9	17.9
613500	24/04/2018	7.4	13.3	9.7	12.5
613500	25/04/2018	5.7	12.1	8	12
613500	26/04/2018	6	11.6	8.3	13.1
613500	27/04/2018	6.7	12.9	9.4	16.9
613500	28/04/2018	7.1	16	10.9	14.8
613500	29/04/2018	7.2	15.4	10.6	15.7
613500	30/04/2018	7.9	16.7	10.7	11.5
613500	01/05/2018	6.1	10.4	8.2	4.5
613500	02/05/2018	4.4	13.4	9.3	24.6
613500	03/05/2018	5.4	13.1	9	19.5
613500	04/05/2018	1.9	12.9	8.1	21.7
613500	05/05/2018	2.9	17.5	10.9	24.6
613500	06/05/2018	4.7	19.4	13.4	25.5
613500	07/05/2018	7.4	21.8	15.4	25.6
613500	08/05/2018	7.6	22.9	15.9	25.7
613500	09/05/2018	9.2	22.9	16.1	25.4
613500	10/05/2018	10.5	23.5	16.2	20.7
613500	11/05/2018	8.7	16.6	12.1	16.2
613500	12/05/2018	6.4	18.6	12.8	19.7
613500	13/05/2018	8	23.2	15.4	24.4
613500	14/05/2018	11.2	25.1	18.1	25.9
613500	15/05/2018	10.4	23.2	17.2	23.4
613500	16/05/2018	10.3	24	17.8	21.6
613500	17/05/2018	9.9	19.4	14.2	25.9
613500	18/05/2018	8.5	18.8	14.2	24.1
613500	19/05/2018	9.5	19.2	14.5	22.3
613500	20/05/2018	6.5	20.4	14.2	27.3
613500	21/05/2018	6.6	19.5	13.8	23.1
613500	22/05/2018	9.3	22.7	15.6	21.6
613500	23/05/2018	7.3	24.7	16.7	25.9
613500	24/05/2018	9.7	22.7	16.8	28.2
613500	25/05/2018	11.1	22.5	16.8	27.8
613500	26/05/2018	11.9	24.7	17.6	21.2
613500	27/05/2018	12.1	21.7	16.3	15.5
613500	28/05/2018	13.3	21.4	16.6	11.7
613500	29/05/2018	14.7	25.9	20.4	26.8
613500	30/05/2018	14.4	26.8	20.7	28.1
613500	31/05/2018	15.4	23.1	19	24.9
613500	01/06/2018	13.6	26.6	19.9	27.1
613500	02/06/2018	11.8	26.9	20.4	28.1
613500	03/06/2018	13.1	24.3	18.6	25.2
613500	04/06/2018	14.4	23.3	18.7	26.4
613500	05/06/2018	13.2	24.1	18.5	29
613500	06/06/2018	9.8	21.4	16.2	29.4
613500	07/06/2018	9.5	23.6	17.2	29.6
613500	08/06/2018	10	27.5	19.6	27.3
613500	09/06/2018	12.1	27.2	20.3	24.3
613500	10/06/2018	15.7	24.9	18.9	13.1
613500	11/06/2018	11.2	19.1	15.2	14.6
613500	12/06/2018	12.9	18.7	15.1	14
613500	13/06/2018	12	19	15	27.2
613500	14/06/2018	10.9	21.1	15.9	23.7
613500	15/06/2018	11	20.4	15.9	28.5
613500	16/06/2018	9	20.8	15.5	13.6
613500	17/06/2018	12.5	19.9	16.1	18.7
613500	18/06/2018	10.5	18.8	15.5	15.8
613500	19/06/2018	12	20.3	16.6	24.4
613500	20/06/2018	10.7	23.6	17.2	21.4
613500	21/06/2018	10.5	17	13.5	13.2
613500	22/06/2018	9.5	18.4	13.3	22.7
613500	23/06/2018	9.8	17.8	13.8	28.7
613500	24/06/2018	11.4	19.3	14.6	19
613500	25/06/2018	9.8	23.3	16.6	22.8
613500	26/06/2018	12.6	25.7	19.4	27.1
613500	27/06/2018	11.9	23.9	18.6	29.4
613500	28/06/2018	8.5	26.6	19	29.1
613500	29/06/2018	11	23.6	18.5	28
613500	30/06/2018	8.3	23.4	16.9	23.8
613500	01/07/2018	10.2	22.8	16.7	21.4
613500	02/07/2018	9.1	23.2	17.6	29.3
613500	03/07/2018	10.3	24.5	18.1	29.8
613500	04/07/2018	9.7	21.2	16.6	29.1
613500	05/07/2018	14.6	19.6	16.4	8.8
613500	06/07/2018	13	21.8	17.1	27.9
613500	07/07/2018	12.2	24.3	17.7	27.6
613500	08/07/2018	14.5	24.2	18.9	23
613500	09/07/2018	12.6	19.8	16.1	24
613500	10/07/2018	10.6	20	15.7	16.5
613500	11/07/2018	15.3	26	19.6	21.8
613500	12/07/2018	14.4	28.2	21.9	26.7
613500	13/07/2018	15.3	26.7	20.5	25.3
613500	14/07/2018	13.6	20.4	16	14.2
613500	15/07/2018	11.6	24.6	18.5	26.5
613500	16/07/2018	10.9	28.4	21	25.6
613500	17/07/2018	13.7	29.1	21.7	16.8
613500	18/07/2018	17.3	25.2	20.5	20.6
613500	19/07/2018	13.9	23.2	18.8	27.9
613500	20/07/2018	11.7	24.2	18.3	27.6
613500	21/07/2018	10	26.2	19.4	26.7
613500	22/07/2018	15.6	27	21.3	21.5
613500	23/07/2018	14.4	26.7	20.7	23.9
613500	24/07/2018	16.8	29.4	23.2	26.2
613500	25/07/2018	15.5	32	24.8	24.8
613500	26/07/2018	19.3	31.1	25.3	24.9
613500	27/07/2018	17.2	30.2	24.1	25.7
613500	28/07/2018	18.3	29.4	23.4	23.5
613500	29/07/2018	0	24.4	19.8	24.5
613500	30/07/2018	19.6	29.6	24.4	17.3
613500	31/07/2018	20.2	31.7	25.5	20.6
613500	01/08/2018	16.4	25.8	21.4	20.5
613500	02/08/2018	12.7	26.3	20.7	24.5
613500	03/08/2018	14.3	28.4	22.2	24.3
613500	04/08/2018	17.4	25.6	21.4	20
613500	05/08/2018	17.1	23	19.4	15.7
613500	06/08/2018	15.6	25.1	19.8	21
613500	07/08/2018	13.8	31.1	23.3	23.3
613500	08/08/2018	19.6	30.1	25	17.3
613500	09/08/2018	14.9	26.5	21.1	20.7
613500	10/08/2018	13.8	21.8	19.1	21.4
613500	11/08/2018	13.1	19	15.8	12.9
613500	12/08/2018	13.2	17.9	14.5	2.6
613500	13/08/2018	15.4	20.9	18	7.5
613500	14/08/2018	15.5	21.2	18.5	15
613500	15/08/2018	15.5	21.9	18.6	13.1
613500	16/08/2018	16	25.6	20.7	18.8
613500	17/08/2018	14	20.9	17.7	12
613500	18/08/2018	9.7	21.8	17	14.2
613500	19/08/2018	17.3	21	19.1	9.4
613500	20/08/2018	15	20.6	18.2	17.3
613500	21/08/2018	12.7	20.4	16.4	20.8
613500	22/08/2018	12.7	25.1	19.7	20.9
613500	23/08/2018	14	22.7	18.5	17.6
613500	24/08/2018	13.6	18.9	16.4	11
613500	25/08/2018	10.8	17.2	13.6	11
613500	26/08/2018	11.6	18.7	14.4	16.4
613500	27/08/2018	13	19.1	15.2	6.4
613500	28/08/2018	12.8	18.9	16	11
613500	29/08/2018	12.6	21.5	16.7	12.8
613500	30/08/2018	14.4	16.9	15.8	2.1
613500	31/08/2018	13.7	18.5	15.6	9.7
613500	01/09/2018	11.8	18.5	15.1	12.6
613500	02/09/2018	12	20.7	16.3	10.5
613500	03/09/2018	13.6	21.5	17.4	13.3
613500	04/09/2018	12.3	22.1	16.7	16.4
613500	05/09/2018	10.7	22	16.6	15.3
613500	06/09/2018	11.7	21.2	16.6	13.3
613500	07/09/2018	12.2	19.3	16.5	6.7
613500	08/09/2018	10.9	17.9	14	9
613500	09/09/2018	13.5	18.9	16.2	13.1
613500	10/09/2018	13.4	19.8	16.8	8.9
613500	11/09/2018	13.1	17.6	15.1	2.6
613500	12/09/2018	12.2	15.7	14	6.5
613500	13/09/2018	8	17.3	13.4	14.1
613500	14/09/2018	10.9	17.3	14.7	10.8
613500	15/09/2018	9.5	16.4	14.1	10.2
613500	16/09/2018	4.9	18	13	10.4
613500	17/09/2018	13.6	19.6	16.8	9.1
613500	18/09/2018	11.8	25.6	18.7	15.2
613500	19/09/2018	14.3	22.1	17.6	11.4
613500	20/09/2018	16	19.9	17.8	6.7
613500	21/09/2018	11.1	21.8	15.9	5.2
613500	22/09/2018	10.3	15.5	12.2	12
613500	23/09/2018	9.7	13.7	11.3	9.4
613500	24/09/2018	8.6	13.1	10.5	12.5
613500	25/09/2018	7.5	13.7	10.6	13.6
613500	26/09/2018	10.9	15.3	13.2	2.8
613500	27/09/2018	12.6	18.1	15.5	6.7
613500	28/09/2018	9	13.6	11.2	11.8
613500	29/09/2018	5.8	13.8	10.4	8.6
613500	30/09/2018	10.3	14.5	12.4	7.3
613500	01/10/2018	5.3	12.8	9.4	10.5
613500	02/10/2018	6.9	9.6	8.4	1.5
613500	03/10/2018	7.9	13.7	10.5	11.6
613500	04/10/2018	5.7	15.3	11	4.8
613500	05/10/2018	10.4	15.5	13.4	4.6
613500	06/10/2018	5.9	15.6	10.9	6.6
613500	07/10/2018	6.1	11.9	9	10.1
613500	08/10/2018	6	12.8	10.6	5.3
613500	09/10/2018	9.8	15.1	12.6	9
613500	10/10/2018	6	18.5	12.4	10
613500	11/10/2018	12.3	18.4	14.5	9.8
613500	12/10/2018	12.2	19.5	15.2	9
613500	13/10/2018	13.2	21.8	17.4	8.9
613500	14/10/2018	12.3	17.9	15.3	9.1
613500	15/10/2018	9.7	19	14	8.9
613500	16/10/2018	8.1	19.1	13	8.1
613500	17/10/2018	8.5	18.4	12.9	7.1
613500	18/10/2018	6.7	13.8	11.3	8.2
613500	19/10/2018	1.5	12.3	7.4	7
613500	20/10/2018	6.9	13.1	10.4	6.5
613500	21/10/2018	4.6	13.4	10.7	3.1
613500	22/10/2018	8.2	12.9	10.2	7.7
613500	23/10/2018	9.2	12.7	10.9	4.4
613500	24/10/2018	7	10.2	8.8	7.8
613500	25/10/2018	8.1	11.5	10.2	6.6
613500	26/10/2018	4.3	10.7	8.4	2.1
613500	27/10/2018	0.1	8	4.5	4.4
613500	28/10/2018	-1.7	4.6	1.4	7
613500	29/10/2018	2	6.5	4.5	2.5
613500	30/10/2018	4.9	15.4	9.4	3.5
613500	31/10/2018	5.6	9.9	7.8	3.4
613500	01/11/2018	5.9	12.5	9	5
613500	02/11/2018	4.4	11.4	8.4	2.8
613500	03/11/2018	2.9	10.2	6.2	5.7
613500	04/11/2018	2.5	9.7	6.7	2.7
613500	05/11/2018	7.9	10.1	9.3	0.9
613500	06/11/2018	4.9	10.1	8	2.7
613500	07/11/2018	5.1	11.5	7.7	3.5
613500	08/11/2018	2	11.8	6.7	3.1
613500	09/11/2018	2.1	10	7.4	2.1
613500	10/11/2018	7.6	10.2	8.9	1.8
613500	11/11/2018	9.4	11.3	10.3	2.1
613500	12/11/2018	8.5	10.4	9.7	1.2
613500	13/11/2018	7	10.4	9.1	2.1
613500	14/11/2018	8.4	9.9	9.1	2.1
613500	15/11/2018	6.5	11.1	8.7	3.9
613500	16/11/2018	3.4	9.2	6.3	4.1
613500	17/11/2018	0	6.4	3.4	3.8
613500	18/11/2018	0.3	7.3	4.1	2.5
613500	19/11/2018	3.2	5.7	4.4	1.7
613500	20/11/2018	3.1	5.5	4.3	1.6
613500	21/11/2018	3.6	6.1	4.8	2.8
613500	22/11/2018	1.4	4.9	3.6	1.3
613500	23/11/2018	0.1	1.5	0.9	0.5
613500	24/11/2018	1.2	3.2	2.1	0.7
613500	25/11/2018	-0.2	3.4	2.1	0.8
613500	26/11/2018	-4.5	2.9	-0.9	3.4
613500	27/11/2018	-3.7	0.5	-1.7	3.3
613500	28/11/2018	-1.1	3.4	1.2	3.1
613500	29/11/2018	1.1	4.1	2.4	0.5
613500	30/11/2018	3.5	5.8	4.5	1.1
613500	01/12/2018	3.4	6.9	5.6	0.7

11/01/2018	1.7	3.4	2.6	0.5
12/01/2018	0.7	2.3	1.7	0.8
13/01/2018	-1	1.9	0.6	0.8
14/01/2018	-2.2	0.1	-0.9	1.1
15/01/2018	-1.7	2.4	0.3	1.5
16/01/2018	0.8	3.7	2.3	1.4
17/01/2018	0.9	2.1	1.3	1.1
18/01/2018	0.2	2.1	1.1	0.6
19/01/2018	0.1	2.7	1.5	1.4
20/01/2018	0.3	2	1.4	0.7
21/01/2018	-2.6	2.4	-0.2	2.7
22/01/2018	-1.1	0.3	-0.2	1.1
23/01/2018	-0.3	5	1.5	1.1
24/01/2018	4.9	10.5	7.7	0.8
25/01/2018	4.4	6.3	5.5	1.4
26/01/2018	2.4	4.9	3.5	1.7
27/01/2018	3.25	6.4	4.95	1.4
28/01/2018	3.25	6.4	4.95	1.4
29/01/2018	4.1	7.9	6.4	1.1
30/01/2018	3.2	5.8	4.4	3.8
31/01/2018	2.2	6.1	3.7	0.7
01/02/2018	1.6	3.5	2.7	1.3
02/02/2018	-2.3	3.1	1.9	0.7
03/02/2018	-3.4	-0.9	-2	1.4
04/02/2018	-3.2	0.9	-0.8	4.9
05/02/2018	-5.3	-1.2	-3.2	5.7
06/02/2018	-6.8	-1.9	-3.9	3.6
07/02/2018	-5.5	-0.5	-2.4	3.9
08/02/2018	-3.9	1.4	-1.5	5.8
09/02/2018	-3.5	0	-1.8	5.4
10/02/2018	-4.6	0.8	-1.7	4.4
11/02/2018	-0.5	2.8	0.9	1.4
12/02/2018	0.9	3.1	2	3.7
13/02/2018	-0.6	1.4	0.6	2.4
14/02/2018	-1.9	3.4	0.4	7.1
15/02/2018	-1.3	0.8	-0.4	3.5
16/02/2018	0.4	4.8	2.4	5.9
17/02/2018	1	4.2	2.3	3.5
18/02/2018	0.2	3.3	1.7	5.4
19/02/2018	-0.2	3.5	1	4.1
20/02/2018	-0.7	3.5	1	5.8
21/02/2018	-0.5	3.1	0.8	5.4
22/02/2018	-2.3	2.1	-0.2	7.5
23/02/2018	-4.1	1.9	-1.2	8.3
24/02/2018	-3.8	-0.5	-1.8	8.5
25/02/2018	-6.2	-2	-4	7.7
26/02/2018	-7.7	-0.8	-4.4	9.5
27/02/2018	-8.3	-4.1	-6.2	6.4
28/02/2018	-9.4	-5.5	-7.6	6.5
01/03/2018	-7.9	-3.4	-5.6	5
02/03/2018	-6.2	-2.6	-4.4	5.2
03/03/2018	-4.7	-0.5	-2.9	5.9
04/03/2018	-4.8	-0.7	-2.7	8.8
05/03/2018	-2.5	2.5	-0.5	3.7
06/03/2018	-3.2	6.4	1.7	10.6
07/03/2018	-0.3	2	0.4	3.7
08/03/2018	-1.1	2	0.2	4.9
09/03/2018	-0.9	1.9	0.6	3.6
10/03/2018	-1.6	1.9	0	6.7
11/03/2018	0.8	4.7	2.8	3.6
12/03/2018	2.5	5.4	4	1.7
13/03/2018	1.1	3.4	2.1	2.4
14/03/2018	0.6	3.6	1.8	4.6
15/03/2018	-0.6	1.3	0.3	3.3
16/03/2018	-4.5	-0.2	-1.9	6.4
17/03/2018	-5.4	-1	-3.5	9.6
18/03/2018	-4.9	0.9	-2.1	14.2
19/03/2018	-6.4	2.7	-1.2	15.1
20/03/2018	-2.5	4.2	1	15.4
21/03/2018	-2.6	5.7	1.3	6.5
22/03/2018	-0.2	2.8	1.1	6.5
23/03/2018	-0.2	1.9	0.8	3.5
24/03/2018	1.1	4.8	2.8	6.6
25/03/2018	2.7	5.7	4	2.9
26/03/2018	0.7	6.4	3.5	8.7
27/03/2018	0.9	5.6	3.1	7.6
28/03/2018	-1.7	0.9	-0.2	5.9
29/03/2018	-0.6	0.7	0.2	3
30/03/2018	-3.3	4.3	0.6	16.6
31/03/2018	-0.9	2.1	0.5	5.2
01/04/2018	0.1	2.3	1	6.2
02/04/2018	-1.2	6.4	2.3	17.7
03/04/2018	0.4	8.6	4.1	3.8
04/04/2018	7.3	11.7	9.2	12.2
05/04/2018	2.8	9.9	6.3	6.6
06/04/2018	1.9	9.9	5.3	18.9
07/04/2018	3.7	13.4	7.9	17.1
08/04/2018	5.1	17.7	11.5	18.7
09/04/2018	7.4	17.5	11.9	15.1
10/04/2018	4.8	11.8	7.9	16.5
11/04/2018	2.9	11.3	6.3	19.5
12/04/2018	4.1	13.8	8.3	17
13/04/2018	7.6	14.8	10.7	14.5
14/04/2018	6.4	11.2	8.3	4.6
15/04/2018	4.6	8.8	7	4.3
16/04/2018	2.8	14.5	8.7	13.9
17/04/2018	5.7	14.7	9.4	14.5
18/04/2018	6.5	19.7	12.9	19
19/04/2018	6.2	21.3	14.6	21.1
20/04/2018	10.5	23.9	16.4	21.1
21/04/2018	7.2	17	11.7	21.1
22/04/2018	3.2	16.4	10.5	21.2
23/04/2018	7.9	15.9	11.9	17.9
24/04/2018	7.4	13.3	9.7	12.5
25/04/2018	5.7	12.1	8	12
26/04/2018	6	11.6	8.3	13.1
27/04/2018	6.7	12.9	9.4	16.9
28/04/2018	7.1	16	10.9	14.8
29/04/2018	7.2	15.4	10.6	15.7
30/04/2018	7.9	16.7	10.7	11.5
01/05/2018	6.1	10.4	8.2	4.5
02/05/2018	4.4	13.4	9.3	24.6
03/05/2018	5.4	13.1	9	19.5
04/05/2018	1.9	12.9	8.1	21.7
05/05/2018	2.9	17.5	10.9	24.6
06/05/2018	4.7	19.4	13.4	25.5
07/05/2018	7.4	21.8	15.4	25.6
08/05/2018	7.6	22.9	15.9	25.7
09/05/2018	9.2	22.9	16.1	25.4
10/05/2018	10.5	23.5	16.2	20.7
11/05/2018	8.7	16.6	12.1	16.2
12/05/2018	6.4	18.6	12.8	19.7
13/05/2018	8	23.2	15.4	24.4
14/05/2018	11.2	25.1	18.1	25.9
15/05/2018	10.4	23.2	17.2	23.4
16/05/2018	10.3	24	17.8	21.6
17/05/2018	9.9	19.4	14.2	25.9
18/05/2018	8.5	18.8	14.2	24.1
19/05/2018	9.5	19.2	14.5	22.3
20/05/2018	6.5	20.4	14.2	27.3
21/05/2018	6.6	19.5	13.8	23.1
22/05/2018	9.3	22.7	15.6	21.6
23/05/2018	7.3	24.7	16.7	25.9
24/05/2018	9.7	22.7	16.8	28.2
25/05/2018	11.1	22.5	16.8	27.8
26/05/2018	11.9	24.7	17.6	21.2
27/05/2018	12.1	21.7	16.3	15.5
28/05/2018	13.3	21.4	16.6	11.7
29/05/2018	14.7	25.9	20.4	26.8
30/05/2018	14.4	26.8	20.7	28.1
31/05/2018	15.4	23.1	19	24.9
01/06/2018	13.6	26.6	19.9	27.1
02/06/2018	11.8	26.9	20.4	28.1
03/06/2018	13.1	24.3	18.6	25.2
04/06/2018	14.4	23.3	18.7	26.4
05/06/2018	13.2	24.1	18.5	29
06/06/2018	9.8	21.4	16.2	29.4
07/06/2018	9.5	23.6	17.2	29.6
08/06/2018	10	27.5	19.6	27.3
09/06/2018	12.1	27.2	20.3	24.3
10/06/2018	15.7	24.9	18.9	13.1
11/06/2018	11.2	19.1	15.2	14.6
12/06/2018	12.9	18.7	15.1	14
13/06/2018	12	19	15	27.2
14/06/2018	10.9	21.1	15.9	23.7
15/06/2018	11	20.4	15.9	28.5
16/06/2018	9	20.8	15.5	13.6
17/06/2018	12.5	19.9	16.1	18.7
18/06/2018	10.5	18.8	15.5	15.8
19/06/2018	12	20.3	16.6	24.4
20/06/2018	10.7	23.6	17.2	21.4
21/06/2018	10.5	17	13.5	13.2
22/06/2018	9.5	18.4	13.3	22.7
23/06/2018	9.8	17.8	13.8	28.7
24/06/2018	11.4	19.3	14.6	19
25/06/2018	9.8	23.3	16.6	22.8
26/06/2018	12.6	25.7	19.4	27.1
27/06/2018	11.9	23.9	18.6	29.4
28/06/2018	8.5	26.6	19	29.1
29/06/2018	11	23.6	18.5	28
30/06/2018	8.3	23.4	16.9	23.8
01/07/2018	10.2	22.8	16.7	21.4
02/07/2018	9.1	23.2	17.6	29.3
03/07/2018	10.3	24.5	18.1	29.8
04/07/2018	9.7	21.2	16.6	29.1
05/07/2018	14.6	19.6	16.4	8.8
06/07/2018	13	21.8	17.1	27.9
07/07/2018	12.2	24.3	17.7	27.6
08/07/2018	14.5	24.2	18.9	23
09/07/2018	12.6	19.8	16.1	24
10/07/2018	10.6	20	15.7	16.5
11/07/2018	15.3	26	19.6	21.8
12/07/2018	14.4	28.2	21.9	26.7
13/07/2018	15.3	26.7	20.5	25.3
14/07/2018	13.6	20.4	16	14.2
15/07/2018	11.6	24.6	18.5	26.5
16/07/2018	10.9	28.4	21	25.6
17/07/2018	13.7	29.1	21.7	16.8
18/07/2018	17.3	25.2	20.5	20.6
19/07/2018	13.9	23.2	18.8	27.9
20/07/2018	11.7	24.2	18.3	27.6
21/07/2018	10	26.2	19.4	26.7
22/07/2018	15.6	27	21.3	21.5
23/07/2018	14.4	26.7	20.7	23.9
24/07/2018	16.8	29.4	23.2	26.2
25/07/2018	15.5	32	24.8	24.8
26/07/2018	19.3	31.1	25.3	24.9
27/07/2018	17.2	30.2	24.1	25.7
28/07/2018	18.3	29.4	23.4	23.5
29/07/2018	0	24.4	19.8	24.5
30/07/2018	19.6	29.6	24.4	17.3
31/07/2018	20.2	31.7	25.5	20.6
01/08/2018	16.4	25.8	21.4	20.5
02/08/2018	12.7	26.3	20.7	24.5
03/08/2018	14.3	28.4	22.2	24.3
04/08/2018	17.4	25.6	21.4	20
05/08/2018	17.1	23	19.4	15.7
06/08/2018	15.6	25.1	19.8	21
07/08/2018	13.8	31.1	23.3	23.3
08/08/2018	19.6	30.1	25	17.3
09/08/2018	14.9	26.5	21.1	20.7
10/08/2018	13.8	21.8	19.1	21.4
11/08/2018	13.1	19	15.8	12.9
12/08/2018	13.2	17.9	14.5	2.6
13/08/2018	15.4	20.9	18	7.5
14/08/2018	15.5	21.2	18.5	15
15/08/2018	15.5	21.9	18.6	13.1
16/08/2018	16	25.6	20.7	18.8
17/08/2018	14	20.9	17.7	12
18/08/2018	9.7	21.8	17	14.2
19/08/2018	17.3	21	19.1	9.4
20/08/2018	15	20.6	18.2	17.3
21/08/2018	12.7	20.4	16.4	20.8
22/08/2018	12.7	25.1	19.7	20.9
23/08/2018	14	22.7	18.5	17.6
24/08/2018	13.6	18.9	16.4	11
25/08/2018	10.8	17.2	13.6	11
26/08/2018	11.6	18.7	14.4	16.4
27/08/2018	13	19.1	15.2	6.4
28/08/2018	12.8	18.9	16	11
29/08/2018	12.6	21.5	16.7	12.8
30/08/2018	14.4	16.9	15.8	2.1
31/08/2018	13.7	18.5	15.6	9.7
01/09/2018	11.8	18.5	15.1	12.6
02/09/2018	12	20.7	16.3	10.5
03/09/2018	13.6	21.5	17.4	13.3
04/09/2018	12.3	22.1	16.7	16.4
05/09/2018	10.7	22	16.6	15.3
06/09/2018	11.7	21.2	16.6	13.3
07/09/2018	12.2	19.3	16.5	6.7
08/09/2018	10.9	17.9	14	9
09/09/2018	13.5	18.9	16.2	13.1
10/09/2018	13.4	19.8	16.8	8.9
11/09/2018	13.1	17.6	15.1	2.6
12/09/2018	12.2	15.7	14	6.5
13/09/2018	8	17.3	13.4	14.1
14/09/2018	10.9	17.3	14.7	10.8
15/09/2018	9.5	16.4	14.1	10.2
16/09/2018	4.9	18	13	10.4
17/09/2018	13.6	19.6	16.8	9.1
18/09/2018	11.8	25.6	18.7	15.2
19/09/2018	14.3	22.1	17.6	11.4
20/09/2018	16	19.9	17.8	6.7
21/09/2018	11.1	21.8	15.9	5.2
22/09/2018	10.3	15.5	12.2	12
23/09/2018	9.7	13.7	11.3	9.4
24/09/2018	8.6	13.1	10.5	12.5
25/09/2018	7.5	13.7	10.6	13.6
26/09/2018	10.9	15.3	13.2	2.8
27/09/2018	12.6	18.1	15.5	6.7
28/09/2018	9	13.6	11.2	11.8
29/09/2018	5.8	13.8	10.4	8.6
30/09/2018	10.3	14.5	12.4	7.3
01/10/2018	5.3	12.8	9.4	10.5
02/10/2018	6.9	9.6	8.4	1.5
03/10/2018	7.9	13.7	10.5	11.6
04/10/2018	5.7	15.3	11	4.8
05/10/2018	10.4	15.5	13.4	4.6
06/10/2018	5.9	15.6	10.9	6.6
07/10/2018	6.1	11.9	9	10.1
08/10/2018	6	12.8	10.6	5.3
09/10/2018	9.8	15.1	12.6	9
10/10/2018	6	18.5	12.4	10
11/10/2018	12.3	18.4	14.5	9.8
12/10/2018	12.2	19.5	15.2	9
13/10/2018	13.2	21.8	17.4	8.9
14/10/2018	12.3	17.9	15.3	9.1
15/10/2018	9.7	19	14	8.9
16/10/2018	8.1	19.1	13	8.1
17/10/2018	8.5	18.4	12.9	7.1
18/10/2018	6.7	13.8	11.3	8.2
19/10/2018	1.5	12.3	7.4	7
20/10/2018	6.9	13.1	10.4	6.5
21/10/2018	4.6	13.4	10.7	3.1
22/10/2018	8.2	12.9	10.2	7.7
23/10/2018	9.2	12.7	10.9	4.4
24/10/2018	7	10.2	8.8	7.8
25/10/2018	8.1	11.5	10.2	6.6
26/10/2018	4.3	10.7	8.4	2.1
27/10/2018	0.1	8	4.5	4.4
28/10/2018	-1.7	4.6	1.4	7
29/10/2018	2	6.5	4.5	2.5
30/10/2018	4.9	15.4	9.4	3.5
31/10/2018	5.6	9.9	7.8	3.4
01/11/2018	5.9	12.5	9	5
02/11/2018	4.4	11.4	8.4	2.8
03/11/2018	2.9	10.2	6.2	5.7
04/11/2018	2.5	9.7	6.7	2.7
05/11/2018	7.9	10.1	9.3	0.9
06/11/2018	4.9	10.1	8	2.7
07/11/2018	5.1	11.5	7.7	3.5
08/11/2018	2	11.8	6.7	3.1
09/11/2018	2.1	10	7.4	2.1
10/11/2018	7.6	10.2	8.9	1.8
11/11/2018	9.4	11.3	10.3	2.1
12/11/2018	8.5	10.4	9.7	1.2
13/11/2018	7	10.4	9.1	2.1
14/11/2018	8.4	9.9	9.1	2.1
15/11/2018	6.5	11.1	8.7	3.9
16/11/2018	3.4	9.2	6.3	4.1
17/11/2018	0	6.4	3.4	3.8
18/11/2018	0.3	7.3	4.1	2.5
19/11/2018	3.2	5.7	4.4	1.7
20/11/2018	3.1	5.5	4.3	1.6
21/11/2018	3.6	6.1	4.8	2.8
22/11/2018	1.4	4.9	3.6	1.3
23/11/2018	0.1	1.5	0.9	0.5
24/11/2018	1.2	3.2	2.1	0.7
25/11/2018	-0.2	3.4	2.1	0.8
26/11/2018	-4.5	2.9	-0.9	3.4
27/11/2018	-3.7	0.5	-1.7	3.3
28/11/2018	-1.1	3.4	1.2	3.1
29/11/2018	1.1	4.1	2.4	0.5
30/11/2018	3.5	5.8	4.5	1.1
01/12/2018	3.4	6.9	5.6	0.7
