Date	T	E0	N	S	U
2019-10-04	12.8	2.595	1.12	24.87	0.05541
2019-10-05	12.32	7.141	1.309	24.77	0.04937
2019-10-06	12.03	8.36	1.498	24.68	0.06434
2019-10-07	11.8	8.68	1.687	24.59	0.0476
2019-10-08	11.62	7.357	1.876	24.5	0.05944
2019-10-09	11.59	4.634	2.065	24.41	0.05095
2019-10-10	11.57	6.46	2.254	24.32	0.05378
2019-10-11	11.57	3.666	2.443	24.23	0.05714
2019-10-12	11.59	6.723	2.632	24.14	0.07935
2019-10-13	11.67	2.469	2.822	24.05	0.1055
2019-10-14	11.75	5.908	3.011	23.96	0.06369
2019-10-15	11.99	7.117	3.2	23.87	0.08055
2019-10-16	12.16	2.433	3.389	23.77	0.05653
2019-10-17	11.94	3.538	3.578	23.68	0.08496
2019-10-18	11.95	2.71	3.767	23.59	0.07769
2019-10-19	11.95	5.847	3.956	23.5	0.09767
2019-10-20	11.88	4.196	4.145	23.41	0.101
2019-10-21	11.92	1.698	4.334	23.32	0.103
2019-10-22	11.92	3.446	4.523	23.23	0.08743
2019-10-23	11.79	4.12	4.712	23.14	0.1026
2019-10-24	11.75	2.553	4.902	23.05	0.1117
2019-10-25	11.74	5.452	5.091	22.96	0.05861
2019-10-26	11.76	0.7698	5.28	22.87	0.07077
2019-10-27	11.76	6.714	5.469	22.77	0.06943
2019-10-28	11.55	7.19	5.658	22.68	0.06914
2019-10-29	11.2	8.085	5.847	22.59	0.0718
2019-10-30	10.83	7.137	6.036	22.5	0.1406
2019-10-31	10.91	7.533	6.225	22.41	0.1066
2019-11-01	10.52	5.151	6.414	22.32	0.04375
2019-11-02	10.55	1.32	6.603	22.23	0.02666
2019-11-03	10.57	2.222	6.792	22.14	0.09991
2019-11-04	10.54	0.9432	6.982	22.05	0.09076
2019-11-05	10.27	0.8456	6.97	21.95	0.06637
2019-11-06	9.924	1.184	6.741	21.84	0.08278
2019-11-07	9.645	3.409	6.513	21.72	0.1187
2019-11-08	9.228	3.161	6.284	21.61	0.1153
2019-11-09	9.145	2.131	6.055	21.5	0.08941
2019-11-10	9.007	2.626	5.826	21.39	0.05486
2019-11-11	8.648	3.054	5.597	21.28	0.06446
2019-11-12	8.538	0.9368	5.368	21.17	0.05021
2019-11-13	8.422	2.529	5.139	21.06	0.08949
2019-11-14	8.505	1.773	5.16	20.98	0.08343
2019-11-15	8.562	0.9428	5.453	20.93	0.05604
2019-11-16	8.605	0.1939	5.745	20.88	0.09886
2019-11-17	8.548	2.84	6.038	20.83	0.05411
2019-11-18	8.486	0.4076	6.33	20.78	0.07034
2019-11-19	8.495	0.8118	6.623	20.73	0.04429
2019-11-20	8.483	2.286	6.915	20.68	0.1025
2019-11-21	8.267	0.5474	7.208	20.63	0.1066
2019-11-22	8.353	1.748	7.5	20.58	0.1139
2019-11-23	8.291	0.4842	7.793	20.53	0.08653
2019-11-24	8.235	0.4639	8.085	20.48	0.05875
2019-11-25	8.039	0.7192	8.378	20.43	0.07496
2019-11-26	7.805	0.4545	8.67	20.38	0.0549
2019-11-27	7.698	0.6301	8.963	20.33	0.05639
2019-11-28	7.703	0.7589	9.255	20.28	0.04674
2019-11-29	7.616	2.577	9.548	20.23	0.0603
2019-11-30	7.34	2.885	9.84	20.18	0.08811
2019-12-01	7.49	2.343	10.13	20.13	0.08906
2019-12-02	7.263	3.089	10.43	20.08	0.09138
2019-12-03	6.658	1.095	10.72	20.03	0.0694
2019-12-04	6.678	1.926	10.84	20.26	0.05726
2019-12-05	6.727	2.272	10.77	20.8	0.05653
2019-12-06	6.772	0.8353	10.7	21.33	0.0439
2019-12-07	6.817	2.034	10.63	21.87	0.07242
2019-12-08	6.862	1.038	10.56	22.41	0.03985
2019-12-09	6.907	1.722	10.49	22.95	0.03055
2019-12-10	6.952	2.018	10.42	23.49	0.07848
2019-12-11	6.998	1.376	10.35	24.03	0.08876
2019-12-12	7.043	1.162	10.28	24.57	0.04764
2019-12-13	7.088	1.324	10.21	25.1	0.0887
2019-12-14	7.133	0.6636	10.14	25.64	0.05447
2019-12-15	7.178	0.9263	10.08	26.18	0.04368
2019-12-16	7.223	0.9903	10.01	26.72	0.08774
2019-12-17	7.219	0.2699	10.12	27	0.1004
2019-12-18	7.252	1.626	10.43	27	0.102
2019-12-19	7.081	1.722	10.74	27	0.08795
2019-12-20	7.092	0.744	11.05	27	0.09122
2019-12-21	7.135	1.331	11.36	27	0.04795
2019-12-22	6.908	0.8368	11.67	27	0.05451
2019-12-23	6.892	0.6514	11.98	27	0.06351
2019-12-24	6.793	1.38	12.28	27	0.05962
2019-12-25	6.965	1.32	12.59	27	0.04754
2019-12-26	7.024	2.004	12.9	27	0.1001
2019-12-27	6.097	1.067	13.21	27	0.07289
2019-12-28	5.822	1.294	13.52	27	0.06818
2019-12-29	6.11	0.74	13.83	27	0.05215
2019-12-30	6.621	1.561	14.14	27	0.08214
2019-12-31	6.468	2.456	14.45	27	0.07622
2020-01-01	6.45	2.284	14.76	27	0.04537
2020-01-02	6.405	0.5873	15.07	27	0.05159
2020-01-03	6.353	1.025	15.38	27	0.06906
2020-01-04	6.231	2.358	15.69	27	0.0475
2020-01-05	6.065	1.6	16	27	0.03355
2020-01-06	6.21	0.9281	16.31	27	0.04827
2020-01-07	6.138	2.127	16.5	27	0.0971
2020-01-08	6.235	1.656	16.57	27	0.09066
2020-01-09	6.104	0.3681	16.64	27	0.1214
2020-01-10	6.15	0.6677	16.71	27	0.1185
2020-01-11	6.038	0.815	16.78	27	0.08324
2020-01-12	6.121	0.6687	16.85	27	0.09774
2020-01-13	6.021	1.433	16.92	27	0.07438
2020-01-14	6.037	1.555	16.99	27	0.06924
2020-01-15	6.228	0.5505	17.06	27	0.09191
2020-01-16	6.188	2.236	17.13	27	0.07175
2020-01-17	6.066	2.846	17.2	27	0.0655
2020-01-18	6.058	2.023	17.27	27	0.05986
2020-01-19	5.894	3.552	17.34	27	0.06928
2020-01-20	5.875	2.027	17.41	27	0.06869
2020-01-21	5.879	1.679	17.48	27	0.09394
2020-01-22	5.88	4.159	17.48	27	0.1291
2020-01-23	5.829	2.034	17.38	27	0.1235
2020-01-24	5.892	1.764	17.29	27	0.09574
2020-01-25	5.894	2.483	17.2	27	0.08154
2020-01-26	5.881	2.06	17.11	27	0.1079
2020-01-27	5.844	1.284	17.02	27	0.1244
2020-01-28	5.838	2.492	16.93	27	0.09132
2020-01-29	5.707	4.086	16.84	27	0.04775
2020-01-30	5.656	1.612	16.74	27	0.05515
2020-01-31	5.796	2.574	16.65	27	0.09199
2020-02-01	6	2.256	16.56	27	0.04072
2020-02-02	5.948	3.332	16.47	27	0.07367
2020-02-03	5.785	1.841	16.38	27	0.01864
2020-02-04	5.675	3.474	16.29	27	0.06729
2020-02-05	5.468	6.191	16.18	27	0.1276
2020-02-06	5.595	5.305	16.05	27	0.1151
2020-02-07	5.588	1.649	15.92	27	0.1326
2020-02-08	5.472	3.914	15.79	27	0.1225
2020-02-09	5.529	0.9161	15.66	27	0.1244
2020-02-10	5.598	2.766	15.54	27	0.117
2020-02-11	5.451	3.29	15.41	27	0.1039
2020-02-12	5.282	3.174	15.28	27	0.09203
2020-02-13	5.188	5.004	15.15	27	0.04066
2020-02-14	5.128	3.712	15.02	27	0.06333
2020-02-15	5.155	1.903	14.89	27	0.1259
2020-02-16	5.463	1.308	14.76	27	0.08766
2020-02-17	5.539	2.37	14.63	27	0.05677
2020-02-18	5.497	4.476	14.51	27	0.08544
2020-02-19	5.419	5.336	14.38	27	0.09886
2020-02-20	5.405	1.604	14.25	27	0.1172
2020-02-21	5.413	5.009	14.12	27	0.1281
2020-02-22	5.51	3.032	13.99	27	0.1339
2020-02-23	5.381	3.944	13.86	27	0.135
2020-02-24	5.235	4.602	13.73	27	0.1403
2020-02-25	5.148	5.299	13.61	27	0.1083
2020-02-26	4.981	3.116	13.48	27	0.08843
2020-02-27	4.955	7.438	13.13	26.89	0.05929
2020-02-28	4.954	8.797	12.56	26.67	0.05599
2020-02-29	4.876	2.534	11.98	26.45	0.08233
2020-03-01	4.889	4.332	11.41	26.23	0.05826
2020-03-02	4.92	7.262	10.83	26	0.058
2020-03-03	4.979	2.57	10.25	25.78	0.02692
2020-03-04	4.958	6.217	9.677	25.56	0.03741
2020-03-05	4.917	10.55	9.101	25.34	0.03818
2020-03-06	4.952	6.137	8.525	25.12	0.05933
2020-03-07	4.842	9.201	7.949	24.89	0.104
2020-03-08	4.873	2.463	7.373	24.67	0.08198
2020-03-09	5.045	7.273	6.797	24.45	0.1178
2020-03-10	5.153	3.516	6.221	24.23	0.1236
2020-03-11	5.305	13.93	5.645	24	0.08997
2020-03-12	5.378	8.063	5.068	23.78	0.04397
2020-03-13	5.303	9.664	4.492	23.56	0.0857
2020-03-14	5.26	16.14	3.916	23.34	0.06563
2020-03-15	5.229	3.879	3.34	23.12	0.05906
2020-03-16	5.39	8.174	3.183	22.95	0.05345
2020-03-17	5.558	10.23	3.481	22.85	0.05083
2020-03-18	5.695	6.047	3.779	22.75	0.05737
2020-03-19	5.805	15.78	4.077	22.65	0.09967
2020-03-20	5.847	16.6	4.375	22.55	0.05357
2020-03-21	5.779	17.36	4.673	22.45	0.08709
2020-03-22	5.644	18.47	4.971	22.35	0.06824
2020-03-23	5.51	17.98	5.269	22.25	0.1173
2020-03-24	5.464	17.83	5.567	22.15	0.1086
2020-03-25	5.528	20.69	5.865	22.05	0.129
2020-03-26	5.676	19.06	5.898	21.93	0.1338
2020-03-27	5.822	20.66	5.645	21.77	0.1285
2020-03-28	6.024	17.69	5.391	21.62	0.1034
2020-03-29	5.929	19.54	5.132	21.46	0.03548
2020-03-30	5.751	19.77	4.883	21.31	0.03993
2020-03-31	5.718	18.91	4.629	21.16	0.05139
2020-04-01	5.858	13.08	4.375	21	0.08094
2020-04-02	5.898	10.3	4.121	20.85	0.05251
2020-04-03	5.789	18.34	3.868	20.7	0.05616
2020-04-04	5.823	17.41	3.614	20.54	0.07094
2020-04-05	6.101	20.58	3.36	20.39	0.03957
2020-04-06	6.245	20.61	3.106	20.23	0.1524
2020-04-07	6.639	21.1	2.852	20.08	0.136
2020-04-08	7.119	19.98	2.719	20	0.1391
2020-04-09	7.109	22.93	2.717	20	0.1365
2020-04-10	6.787	21.07	2.715	20	0.1303
2020-04-11	6.697	8.748	2.713	20	0.09463
2020-04-12	7	23.3	2.711	20	0.09616
2020-04-13	6.577	21.62	2.709	20	0.08163
2020-04-14	6.655	19.9	2.707	20	0.04092
2020-04-15	6.889	22.64	2.705	20	0.0748
2020-04-16	7.138	25.33	2.703	20	0.06291
2020-04-17	7.387	26.5	2.701	20	0.05311
2020-04-18	7.644	26.92	2.699	20	0.04955
2020-04-19	7.805	27.33	2.697	20	0.1085
2020-04-20	8.388	28.25	2.695	20	0.02781
2020-04-21	8.952	27.7	2.693	20	0.1282
2020-04-22	9.157	27.36	2.691	20	0.1536
2020-04-23	9.464	25.25	2.773	20	0.1444
2020-04-24	8.71	23.13	2.947	20	0.08743
2020-04-25	9.392	19.05	3.121	20	0.07784
2020-04-26	9.421	12.35	3.295	20	0.03199
2020-04-27	9.365	5.743	3.469	20	0.03685
2020-04-28	9.44	19.22	3.581	20	0.03745
2020-04-29	9.571	11.62	3.624	20	0.04648
2020-04-30	9.268	7.521	3.667	20	0.04117
2020-05-01	9.3	13.36	3.71	20	0.06708
2020-05-02	9.534	15.52	3.753	20	0.1014
2020-05-03	9.639	23.79	3.796	20	0.08199
2020-05-04	9.748	27.64	3.839	20	0.1361
2020-05-05	9.758	26.64	3.882	20	0.1569
2020-05-06	9.865	28.06	3.925	20	0.1597
2020-05-07	10.05	30.56	3.968	20	0.1547
2020-05-08	10.26	27.44	4.011	20	0.1489
2020-05-09	10.68	27.56	4.054	20	0.1291
2020-05-10	10.91	25.85	4.097	20	0.06011
2020-05-11	10.56	30.31	4.14	20	0.09563
2020-05-12	10.28	21.6	4.183	20	0.09775
2020-05-13	10.57	32.07	4.226	20	0.08626
2020-05-14	10.37	29.54	4.269	20	0.03413
2020-05-15	10.25	21.06	4.312	20	0.05636
2020-05-16	10.08	17.63	4.355	20	0.06559
2020-05-17	10.02	19.41	4.398	20	0.03913
2020-05-18	10.2	9.519	4.429	19.97	0.0709
2020-05-19	10.5	31.88	4.448	19.91	0.1102
2020-05-20	10.92	34.17	4.466	19.85	0.1465
2020-05-21	11.12	32.16	4.485	19.78	0.1615
2020-05-22	12.08	18.24	4.504	19.72	0.1472
2020-05-23	12.13	26.33	4.523	19.66	0.144
2020-05-24	11.12	13.84	4.541	19.6	0.1252
2020-05-25	10.76	26.36	4.56	19.53	0.08749
2020-05-26	11.84	32.08	4.579	19.47	0.06033
2020-05-27	11.69	28.44	4.598	19.41	0.02551
2020-05-28	11.78	33.31	4.616	19.35	0.0458
2020-05-29	12.75	35.4	4.635	19.28	0.04085
2020-05-30	13.27	38.26	4.654	19.22	0.05004
2020-05-31	14.15	36.43	4.673	19.16	0.07705
2020-06-01	14.32	37.83	4.691	19.1	0.09626
2020-06-02	14.03	33.54	4.71	19.03	0.1259

