ScreenName	Uinsulation	heatingCost	lampCost	co2Cost	transpiration	condensation	ventedWater	screen1	screen2	screen3	light1	light2	light3	energySaving	iteration	step
character	character	NA	NA	NA	NA	NA	NA	NA	NA	NA	NA	NA	NA	NA	NA	NA
none	10e6	0.933393	0.645076	23.5194	1681.71	-685.412	-914.589	0.495422	0.074396	0.0	0.280529	0.0	0.0	0.0	1	175200
LS_Solaro_6827_O_FR	0.05	0.548102	0.645076	27.1925	1768.14	-706.192	-983.903	0.495422	0.074396	0.0	0.280529	0.0	0.0	0.27	2	175200
LS_Solaro_6827_O_FR	0.1	0.551659	0.645076	27.0594	1767.27	-707.674	-981.392	0.495422	0.074396	0.0	0.280529	0.0	0.0	0.27	3	175200
LS_Solaro_6827_O_FR	0.2	0.558518	0.645076	26.8176	1765.25	-710.248	-976.424	0.495422	0.074396	0.0	0.280529	0.0	0.0	0.27	4	175200
LS_Solaro_6827_O_FR	0.4	0.57212	0.645076	26.4201	1761.34	-714.005	-968.311	0.495422	0.074396	0.0	0.280529	0.0	0.0	0.27	5	175200
LS_Solaro_6827_O_FR	0.8	0.596528	0.645076	25.7621	1751.55	-717.523	-954.276	0.495422	0.074396	0.0	0.280529	0.0	0.0	0.27	6	175200
LS_Solaro_6827_O_FR	1.6	0.638234	0.645076	24.8991	1732.61	-717.273	-934.576	0.495422	0.074396	0.0	0.280529	0.0	0.0	0.27	7	175200
LS_Solaro_6827_O_FR	3.2	0.698104	0.645076	23.9623	1707.78	-713.982	-911.953	0.495422	0.074396	0.0	0.280529	0.0	0.0	0.27	8	175200
LS_Solaro_6827_O_FR	6.4	0.769364	0.645076	23.2214	1684.61	-708.415	-893.456	0.495422	0.074396	0.0	0.280529	0.0	0.0	0.27	9	175200
LS_Solaro_6827_O_FR	12.8	0.839545	0.645076	22.884	1670.39	-701.213	-885.875	0.495422	0.074396	0.0	0.280529	0.0	0.0	0.27	10	175200
LS_Solaro_6827_O_FR	25.6	0.895513	0.645076	22.8322	1664.87	-694.462	-886.698	0.495422	0.074396	0.0	0.280529	0.0	0.0	0.27	11	175200
LS_Solaro_6125_OA_E_AW	0.05	0.546591	0.645076	27.0923	1754.93	-696.114	-980.683	0.495422	0.074396	0.0	0.280529	0.0	0.0	0.25	12	175200
LS_Solaro_6125_OA_E_AW	0.1	0.549893	0.645076	26.9586	1754.28	-698.103	-977.914	0.495422	0.074396	0.0	0.280529	0.0	0.0	0.25	13	175200
LS_Solaro_6125_OA_E_AW	0.2	0.557267	0.645076	26.7408	1753.52	-701.158	-973.782	0.495422	0.074396	0.0	0.280529	0.0	0.0	0.25	14	175200
LS_Solaro_6125_OA_E_AW	0.4	0.570586	0.645076	26.3379	1751.13	-706.367	-965.712	0.495422	0.074396	0.0	0.280529	0.0	0.0	0.25	15	175200
LS_Solaro_6125_OA_E_AW	0.8	0.594693	0.645076	25.7108	1745.43	-713.055	-952.641	0.495422	0.074396	0.0	0.280529	0.0	0.0	0.25	16	175200
LS_Solaro_6125_OA_E_AW	1.6	0.636028	0.645076	24.8764	1730.94	-716.203	-934.068	0.495422	0.074396	0.0	0.280529	0.0	0.0	0.25	17	175200
LS_Solaro_6125_OA_E_AW	3.2	0.696163	0.645076	23.9478	1707.38	-713.751	-911.887	0.495422	0.074396	0.0	0.280529	0.0	0.0	0.25	18	175200
LS_Solaro_6125_OA_E_AW	6.4	0.767954	0.645076	23.2252	1685.07	-708.445	-893.94	0.495422	0.074396	0.0	0.280529	0.0	0.0	0.25	19	175200
LS_Solaro_6125_OA_E_AW	12.8	0.838417	0.645076	22.8861	1671.4	-701.743	-886.314	0.495422	0.074396	0.0	0.280529	0.0	0.0	0.25	20	175200
LS_Solaro_6125_OA_E_AW	25.6	0.894851	0.645076	22.8474	1666.43	-695.194	-887.519	0.495422	0.074396	0.0	0.280529	0.0	0.0	0.25	21	175200
Novavert_SHS_Shade_Therm_ANTIFIRE_B1	0.05	0.515628	0.645076	30.0169	1808.63	-669.27	-1059.41	0.495422	0.074396	0.0	0.280529	0.0	0.0	0.7	22	175200
Novavert_SHS_Shade_Therm_ANTIFIRE_B1	0.1	0.518592	0.645076	29.8228	1804.62	-671.799	-1055.65	0.495422	0.074396	0.0	0.280529	0.0	0.0	0.7	23	175200
Novavert_SHS_Shade_Therm_ANTIFIRE_B1	0.2	0.524246	0.645076	29.4616	1802.49	-676.546	-1048.59	0.495422	0.074396	0.0	0.280529	0.0	0.0	0.7	24	175200
Novavert_SHS_Shade_Therm_ANTIFIRE_B1	0.4	0.535178	0.645076	28.8263	1797.59	-684.219	-1035.6	0.495422	0.074396	0.0	0.280529	0.0	0.0	0.7	25	175200
Novavert_SHS_Shade_Therm_ANTIFIRE_B1	0.8	0.555787	0.645076	27.8328	1788.16	-695.352	-1014.45	0.495422	0.074396	0.0	0.280529	0.0	0.0	0.7	26	175200
Novavert_SHS_Shade_Therm_ANTIFIRE_B1	1.6	0.590816	0.645076	26.505	1772.93	-709.934	-983.741	0.495422	0.074396	0.0	0.280529	0.0	0.0	0.7	27	175200
Novavert_SHS_Shade_Therm_ANTIFIRE_B1	3.2	0.645415	0.645076	25.0738	1745.74	-717.049	-948.256	0.495422	0.074396	0.0	0.280529	0.0	0.0	0.7	28	175200
Novavert_SHS_Shade_Therm_ANTIFIRE_B1	6.4	0.714305	0.645076	23.8685	1709.59	-712.143	-915.652	0.495422	0.074396	0.0	0.280529	0.0	0.0	0.7	29	175200
Novavert_SHS_Shade_Therm_ANTIFIRE_B1	12.8	0.782979	0.645076	23.1939	1684.79	-704.987	-897.085	0.495422	0.074396	0.0	0.280529	0.0	0.0	0.7	30	175200
Novavert_SHS_Shade_Therm_ANTIFIRE_B1	25.6	0.840249	0.645076	23.0164	1674.38	-697.858	-893.302	0.495422	0.074396	0.0	0.280529	0.0	0.0	0.7	31	175200
XLS_Obscura_Revolux_AB_BW	0.05	0.507931	0.645076	30.1823	1880.98	-727.739	-1076.97	0.495422	0.074396	0.0	0.280529	0.0	0.0	0.75	32	175200
XLS_Obscura_Revolux_AB_BW	0.1	0.510814	0.645076	29.9815	1877.26	-728.543	-1072.27	0.495422	0.074396	0.0	0.280529	0.0	0.0	0.75	33	175200
XLS_Obscura_Revolux_AB_BW	0.2	0.516794	0.645076	29.604	1870.11	-729.701	-1063.63	0.495422	0.074396	0.0	0.280529	0.0	0.0	0.75	34	175200
XLS_Obscura_Revolux_AB_BW	0.4	0.52828	0.645076	28.9297	1855.87	-730.699	-1047.87	0.495422	0.074396	0.0	0.280529	0.0	0.0	0.75	35	175200
XLS_Obscura_Revolux_AB_BW	0.8	0.550213	0.645076	27.9006	1831.24	-730.223	-1022.85	0.495422	0.074396	0.0	0.280529	0.0	0.0	0.75	36	175200
XLS_Obscura_Revolux_AB_BW	1.6	0.588328	0.645076	26.5125	1795.75	-728.224	-988.156	0.495422	0.074396	0.0	0.280529	0.0	0.0	0.75	37	175200
XLS_Obscura_Revolux_AB_BW	3.2	0.645475	0.645076	25.0321	1753.86	-723.727	-949.385	0.495422	0.074396	0.0	0.280529	0.0	0.0	0.75	38	175200
XLS_Obscura_Revolux_AB_BW	6.4	0.714255	0.645076	23.8077	1713.13	-716.131	-914.968	0.495422	0.074396	0.0	0.280529	0.0	0.0	0.75	39	175200
XLS_Obscura_Revolux_AB_BW	12.8	0.783738	0.645076	23.1475	1686.19	-706.97	-896.387	0.495422	0.074396	0.0	0.280529	0.0	0.0	0.75	40	175200
XLS_Obscura_Revolux_AB_BW	25.6	0.841422	0.645076	22.982	1674.5	-698.272	-892.959	0.495422	0.074396	0.0	0.280529	0.0	0.0	0.75	41	175200
SLS_10_Ultra_plus	0.05	0.535991	0.645076	28.4287	1720.17	-632.305	-1008.22	0.495422	0.074396	0.0	0.280529	0.0	0.0	0.43	42	175200
SLS_10_Ultra_plus	0.1	0.539599	0.645076	28.2877	1719.79	-635.545	-1005.89	0.495422	0.074396	0.0	0.280529	0.0	0.0	0.43	43	175200
SLS_10_Ultra_plus	0.2	0.546043	0.645076	28.0015	1721.9	-641.999	-1001.36	0.495422	0.074396	0.0	0.280529	0.0	0.0	0.43	44	175200
SLS_10_Ultra_plus	0.4	0.558223	0.645076	27.5104	1725.14	-652.798	-992.872	0.495422	0.074396	0.0	0.280529	0.0	0.0	0.43	45	175200
SLS_10_Ultra_plus	0.8	0.580531	0.645076	26.7496	1727.73	-669.407	-978.779	0.495422	0.074396	0.0	0.280529	0.0	0.0	0.43	46	175200
SLS_10_Ultra_plus	1.6	0.617677	0.645076	25.7051	1728.53	-690.733	-957.604	0.495422	0.074396	0.0	0.280529	0.0	0.0	0.43	47	175200
SLS_10_Ultra_plus	3.2	0.672943	0.645076	24.5537	1719.75	-707.132	-931.436	0.495422	0.074396	0.0	0.280529	0.0	0.0	0.43	48	175200
SLS_10_Ultra_plus	6.4	0.7437	0.645076	23.6444	1701.53	-710.236	-909.062	0.495422	0.074396	0.0	0.280529	0.0	0.0	0.43	49	175200
SLS_10_Ultra_plus	12.8	0.816234	0.645076	23.1911	1686.94	-705.557	-898.438	0.495422	0.074396	0.0	0.280529	0.0	0.0	0.43	50	175200
SLS_10_Ultra_plus	25.6	0.87732	0.645076	23.1767	1683.86	-699.745	-900.644	0.495422	0.074396	0.0	0.280529	0.0	0.0	0.43	51	175200
LS_Tempa_7265_D_R_AW	0.05	0.546454	0.645076	27.081	1778.27	-717.678	-982.629	0.495422	0.074396	0.0	0.280529	0.0	0.0	0.65	52	175200
LS_Tempa_7265_D_R_AW	0.1	0.550127	0.645076	26.9552	1776.58	-718.472	-979.965	0.495422	0.074396	0.0	0.280529	0.0	0.0	0.65	53	175200
LS_Tempa_7265_D_R_AW	0.2	0.55732	0.645076	26.709	1773.02	-719.602	-974.928	0.495422	0.074396	0.0	0.280529	0.0	0.0	0.65	54	175200
LS_Tempa_7265_D_R_AW	0.4	0.571463	0.645076	26.3033	1766.21	-720.644	-966.536	0.495422	0.074396	0.0	0.280529	0.0	0.0	0.65	55	175200
LS_Tempa_7265_D_R_AW	0.8	0.596962	0.645076	25.6786	1752.93	-720.574	-952.527	0.495422	0.074396	0.0	0.280529	0.0	0.0	0.65	56	175200
LS_Tempa_7265_D_R_AW	1.6	0.639298	0.645076	24.8253	1732.72	-718.811	-933.104	0.495422	0.074396	0.0	0.280529	0.0	0.0	0.65	57	175200
LS_Tempa_7265_D_R_AW	3.2	0.699001	0.645076	23.884	1707.15	-715.115	-910.13	0.495422	0.074396	0.0	0.280529	0.0	0.0	0.65	58	175200
LS_Tempa_7265_D_R_AW	6.4	0.770252	0.645076	23.1654	1683.53	-708.882	-891.881	0.495422	0.074396	0.0	0.280529	0.0	0.0	0.65	59	175200
LS_Tempa_7265_D_R_AW	12.8	0.839794	0.645076	22.8273	1668.63	-701.274	-883.949	0.495422	0.074396	0.0	0.280529	0.0	0.0	0.65	60	175200
LS_Tempa_7265_D_R_AW	25.6	0.895364	0.645076	22.7759	1662.68	-694.272	-884.671	0.495422	0.074396	0.0	0.280529	0.0	0.0	0.65	61	175200
LS_Tempa_6965_FR_AW	0.05	0.516151	0.645076	29.7181	1826.47	-692.269	-1057.33	0.495422	0.074396	0.0	0.280529	0.0	0.0	0.65	62	175200
LS_Tempa_6965_FR_AW	0.1	0.519228	0.645076	29.5141	1824.36	-694.049	-1053.29	0.495422	0.074396	0.0	0.280529	0.0	0.0	0.65	63	175200
LS_Tempa_6965_FR_AW	0.2	0.525347	0.645076	29.1772	1820.42	-697.16	-1045.98	0.495422	0.074396	0.0	0.280529	0.0	0.0	0.65	64	175200
LS_Tempa_6965_FR_AW	0.4	0.536936	0.645076	28.5775	1813.46	-702.903	-1032.92	0.495422	0.074396	0.0	0.280529	0.0	0.0	0.65	65	175200
LS_Tempa_6965_FR_AW	0.8	0.55817	0.645076	27.6421	1802.12	-712.088	-1011.78	0.495422	0.074396	0.0	0.280529	0.0	0.0	0.65	66	175200
LS_Tempa_6965_FR_AW	1.6	0.594517	0.645076	26.34	1780.76	-720.729	-980.7	0.495422	0.074396	0.0	0.280529	0.0	0.0	0.65	67	175200
LS_Tempa_6965_FR_AW	3.2	0.651594	0.645076	24.9411	1745.29	-719.433	-945.208	0.495422	0.074396	0.0	0.280529	0.0	0.0	0.65	68	175200
LS_Tempa_6965_FR_AW	6.4	0.721109	0.645076	23.7847	1709.36	-713.68	-913.695	0.495422	0.074396	0.0	0.280529	0.0	0.0	0.65	69	175200
LS_Tempa_6965_FR_AW	12.8	0.790946	0.645076	23.1682	1685.7	-705.969	-896.881	0.495422	0.074396	0.0	0.280529	0.0	0.0	0.65	70	175200
LS_Tempa_6965_FR_AW	25.6	0.849477	0.645076	23.0348	1676.4	-698.274	-894.764	0.495422	0.074396	0.0	0.280529	0.0	0.0	0.65	71	175200
LS_Tempa_6562_D	0.05	0.547181	0.645076	27.1285	1773.39	-712.185	-983.217	0.495422	0.074396	0.0	0.280529	0.0	0.0	0.62	72	175200
LS_Tempa_6562_D	0.1	0.550975	0.645076	26.9998	1772.1	-713.289	-980.645	0.495422	0.074396	0.0	0.280529	0.0	0.0	0.62	73	175200
LS_Tempa_6562_D	0.2	0.557731	0.645076	26.7478	1769.46	-715.439	-975.548	0.495422	0.074396	0.0	0.280529	0.0	0.0	0.62	74	175200
LS_Tempa_6562_D	0.4	0.571371	0.645076	26.3378	1764.04	-718.096	-966.922	0.495422	0.074396	0.0	0.280529	0.0	0.0	0.62	75	175200
LS_Tempa_6562_D	0.8	0.596584	0.645076	25.7075	1752.23	-719.359	-953.128	0.495422	0.074396	0.0	0.280529	0.0	0.0	0.62	76	175200
LS_Tempa_6562_D	1.6	0.638615	0.645076	24.8464	1732.3	-718.062	-933.479	0.495422	0.074396	0.0	0.280529	0.0	0.0	0.62	77	175200
LS_Tempa_6562_D	3.2	0.69832	0.645076	23.9115	1707.1	-714.604	-910.625	0.495422	0.074396	0.0	0.280529	0.0	0.0	0.62	78	175200
LS_Tempa_6562_D	6.4	0.769952	0.645076	23.1942	1684.08	-708.603	-892.738	0.495422	0.074396	0.0	0.280529	0.0	0.0	0.62	79	175200
LS_Tempa_6562_D	12.8	0.839701	0.645076	22.8487	1669.45	-701.261	-884.83	0.495422	0.074396	0.0	0.280529	0.0	0.0	0.62	80	175200
LS_Tempa_6562_D	25.6	0.895495	0.645076	22.7993	1663.74	-694.388	-885.598	0.495422	0.074396	0.0	0.280529	0.0	0.0	0.62	81	175200
LS_Tempa_6360_FR_AW	0.05	0.548791	0.645076	27.4258	1726.0	-658.824	-985.632	0.495422	0.074396	0.0	0.280529	0.0	0.0	0.6	82	175200
LS_Tempa_6360_FR_AW	0.1	0.551941	0.645076	27.2736	1723.06	-661.604	-982.906	0.495422	0.074396	0.0	0.280529	0.0	0.0	0.6	83	175200
LS_Tempa_6360_FR_AW	0.2	0.558676	0.645076	27.0392	1724.44	-666.702	-978.661	0.495422	0.074396	0.0	0.280529	0.0	0.0	0.6	84	175200
LS_Tempa_6360_FR_AW	0.4	0.571317	0.645076	26.613	1725.44	-675.575	-970.637	0.495422	0.074396	0.0	0.280529	0.0	0.0	0.6	85	175200
LS_Tempa_6360_FR_AW	0.8	0.594342	0.645076	25.9733	1725.69	-688.01	-957.862	0.495422	0.074396	0.0	0.280529	0.0	0.0	0.6	86	175200
LS_Tempa_6360_FR_AW	1.6	0.632651	0.645076	25.0809	1721.87	-702.219	-939.072	0.495422	0.074396	0.0	0.280529	0.0	0.0	0.6	87	175200
LS_Tempa_6360_FR_AW	3.2	0.690037	0.645076	24.1087	1708.37	-709.995	-916.859	0.495422	0.074396	0.0	0.280529	0.0	0.0	0.6	88	175200
LS_Tempa_6360_FR_AW	6.4	0.76145	0.645076	23.3349	1688.01	-707.461	-898.043	0.495422	0.074396	0.0	0.280529	0.0	0.0	0.6	89	175200
LS_Tempa_6360_FR_AW	12.8	0.832675	0.645076	22.9816	1675.06	-701.749	-890.103	0.495422	0.074396	0.0	0.280529	0.0	0.0	0.6	90	175200
LS_Tempa_6360_FR_AW	25.6	0.890526	0.645076	22.9472	1671.33	-695.993	-891.735	0.495422	0.074396	0.0	0.280529	0.0	0.0	0.6	91	175200
LS_Tempa_5557_D	0.05	0.528764	0.645076	28.3316	1798.56	-700.761	-1020.25	0.495422	0.074396	0.0	0.280529	0.0	0.0	0.57	92	175200
LS_Tempa_5557_D	0.1	0.532443	0.645076	28.1847	1797.35	-702.404	-1017.26	0.495422	0.074396	0.0	0.280529	0.0	0.0	0.57	93	175200
LS_Tempa_5557_D	0.2	0.538978	0.645076	27.8805	1794.6	-705.694	-1010.95	0.495422	0.074396	0.0	0.280529	0.0	0.0	0.57	94	175200
LS_Tempa_5557_D	0.4	0.551958	0.645076	27.3996	1789.67	-710.713	-1000.51	0.495422	0.074396	0.0	0.280529	0.0	0.0	0.57	95	175200
LS_Tempa_5557_D	0.8	0.575284	0.645076	26.6229	1780.19	-717.776	-983.254	0.495422	0.074396	0.0	0.280529	0.0	0.0	0.57	96	175200
LS_Tempa_5557_D	1.6	0.615841	0.645076	25.5839	1761.23	-722.264	-958.786	0.495422	0.074396	0.0	0.280529	0.0	0.0	0.57	97	175200
LS_Tempa_5557_D	3.2	0.676152	0.645076	24.4414	1732.23	-720.39	-930.399	0.495422	0.074396	0.0	0.280529	0.0	0.0	0.57	98	175200
LS_Tempa_5557_D	6.4	0.749337	0.645076	23.5404	1704.59	-715.111	-906.943	0.495422	0.074396	0.0	0.280529	0.0	0.0	0.57	99	175200
LS_Tempa_5557_D	12.8	0.823741	0.645076	23.1552	1689.12	-707.75	-898.15	0.495422	0.074396	0.0	0.280529	0.0	0.0	0.57	100	175200
LS_Tempa_5557_D	25.6	0.885184	0.645076	23.1568	1684.98	-700.333	-900.977	0.495422	0.074396	0.0	0.280529	0.0	0.0	0.57	101	175200
LS_Tempa_5555_FR_AW	0.05	0.529299	0.645076	28.3185	1794.54	-697.536	-1019.44	0.495422	0.074396	0.0	0.280529	0.0	0.0	0.55	102	175200
LS_Tempa_5555_FR_AW	0.1	0.532903	0.645076	28.1788	1793.63	-699.367	-1016.51	0.495422	0.074396	0.0	0.280529	0.0	0.0	0.55	103	175200
LS_Tempa_5555_FR_AW	0.2	0.539559	0.645076	27.8889	1791.22	-702.667	-1010.5	0.495422	0.074396	0.0	0.280529	0.0	0.0	0.55	104	175200
LS_Tempa_5555_FR_AW	0.4	0.552605	0.645076	27.4152	1786.88	-708.046	-1000.37	0.495422	0.074396	0.0	0.280529	0.0	0.0	0.55	105	175200
LS_Tempa_5555_FR_AW	0.8	0.575825	0.645076	26.631	1777.81	-715.667	-982.975	0.495422	0.074396	0.0	0.280529	0.0	0.0	0.55	106	175200
LS_Tempa_5555_FR_AW	1.6	0.615811	0.645076	25.578	1760.01	-721.377	-958.428	0.495422	0.074396	0.0	0.280529	0.0	0.0	0.55	107	175200
LS_Tempa_5555_FR_AW	3.2	0.676024	0.645076	24.4336	1731.64	-720.091	-930.13	0.495422	0.074396	0.0	0.280529	0.0	0.0	0.55	108	175200
LS_Tempa_5555_FR_AW	6.4	0.749347	0.645076	23.5491	1704.43	-714.832	-907.061	0.495422	0.074396	0.0	0.280529	0.0	0.0	0.55	109	175200
LS_Tempa_5555_FR_AW	12.8	0.823726	0.645076	23.1613	1689.06	-707.628	-898.189	0.495422	0.074396	0.0	0.280529	0.0	0.0	0.55	110	175200
LS_Tempa_5555_FR_AW	25.6	0.884961	0.645076	23.1603	1684.9	-700.33	-900.94	0.495422	0.074396	0.0	0.280529	0.0	0.0	0.55	111	175200
LS_Solaro_7530_O_E_AW	0.05	0.546586	0.645076	27.0818	1776.8	-716.426	-982.435	0.495422	0.074396	0.0	0.280529	0.0	0.0	0.3	112	175200
LS_Solaro_7530_O_E_AW	0.1	0.550335	0.645076	26.9654	1775.44	-717.286	-980.023	0.495422	0.074396	0.0	0.280529	0.0	0.0	0.3	113	175200
LS_Solaro_7530_O_E_AW	0.2	0.557422	0.645076	26.7036	1772.06	-718.823	-974.744	0.495422	0.074396	0.0	0.280529	0.0	0.0	0.3	114	175200
LS_Solaro_7530_O_E_AW	0.4	0.571593	0.645076	26.3086	1765.51	-720.126	-966.383	0.495422	0.074396	0.0	0.280529	0.0	0.0	0.3	115	175200
LS_Solaro_7530_O_E_AW	0.8	0.596826	0.645076	25.669	1752.49	-720.408	-952.308	0.495422	0.074396	0.0	0.280529	0.0	0.0	0.3	116	175200
LS_Solaro_7530_O_E_AW	1.6	0.639082	0.645076	24.8286	1732.23	-718.554	-932.879	0.495422	0.074396	0.0	0.280529	0.0	0.0	0.3	117	175200
LS_Solaro_7530_O_E_AW	3.2	0.698952	0.645076	23.8965	1707.02	-714.907	-910.253	0.495422	0.074396	0.0	0.280529	0.0	0.0	0.3	118	175200
LS_Solaro_7530_O_E_AW	6.4	0.770215	0.645076	23.1702	1683.52	-708.838	-891.882	0.495422	0.074396	0.0	0.280529	0.0	0.0	0.3	119	175200
LS_Solaro_7530_O_E_AW	12.8	0.839977	0.645076	22.835	1668.86	-701.262	-884.221	0.495422	0.074396	0.0	0.280529	0.0	0.0	0.3	120	175200
LS_Solaro_7530_O_E_AW	25.6	0.895744	0.645076	22.7892	1663.13	-694.319	-885.112	0.495422	0.074396	0.0	0.280529	0.0	0.0	0.3	121	175200
PH_98_FP_plus_PH_1_FP	0.05	0.548886	0.645076	26.9679	1788.82	-728.103	-982.57	0.495422	0.074396	0.0	0.280529	0.0	0.0	0.78	122	175200
PH_98_FP_plus_PH_1_FP	0.1	0.552515	0.645076	26.8206	1786.05	-728.218	-979.446	0.495422	0.074396	0.0	0.280529	0.0	0.0	0.78	123	175200
PH_98_FP_plus_PH_1_FP	0.2	0.560119	0.645076	26.5911	1780.99	-728.015	-974.253	0.495422	0.074396	0.0	0.280529	0.0	0.0	0.78	124	175200
PH_98_FP_plus_PH_1_FP	0.4	0.574097	0.645076	26.151	1771.71	-727.658	-964.748	0.495422	0.074396	0.0	0.280529	0.0	0.0	0.78	125	175200
PH_98_FP_plus_PH_1_FP	0.8	0.599732	0.645076	25.5218	1756.69	-726.333	-950.262	0.495422	0.074396	0.0	0.280529	0.0	0.0	0.78	126	175200
PH_98_FP_plus_PH_1_FP	1.6	0.642131	0.645076	24.701	1734.6	-723.107	-930.423	0.495422	0.074396	0.0	0.280529	0.0	0.0	0.78	127	175200
PH_98_FP_plus_PH_1_FP	3.2	0.701148	0.645076	23.7613	1706.35	-717.792	-906.468	0.495422	0.074396	0.0	0.280529	0.0	0.0	0.78	128	175200
PH_98_FP_plus_PH_1_FP	6.4	0.771801	0.645076	23.0403	1680.42	-709.917	-887.663	0.495422	0.074396	0.0	0.280529	0.0	0.0	0.78	129	175200
PH_98_FP_plus_PH_1_FP	12.8	0.840244	0.645076	22.702	1663.44	-700.743	-879.319	0.495422	0.074396	0.0	0.280529	0.0	0.0	0.78	130	175200
PH_98_FP_plus_PH_1_FP	25.6	0.89384	0.645076	22.6298	1655.27	-692.636	-878.989	0.495422	0.074396	0.0	0.280529	0.0	0.0	0.78	131	175200
LS_Solaro_5120_O_E_AW	0.05	0.544721	0.645076	26.9623	1743.84	-688.957	-976.609	0.495422	0.074396	0.0	0.280529	0.0	0.0	0.2	132	175200
LS_Solaro_5120_O_E_AW	0.1	0.548166	0.645076	26.8223	1743.3	-691.054	-973.847	0.495422	0.074396	0.0	0.280529	0.0	0.0	0.2	133	175200
LS_Solaro_5120_O_E_AW	0.2	0.555176	0.645076	26.5922	1742.83	-694.69	-969.432	0.495422	0.074396	0.0	0.280529	0.0	0.0	0.2	134	175200
LS_Solaro_5120_O_E_AW	0.4	0.568632	0.645076	26.2066	1741.88	-700.71	-962.008	0.495422	0.074396	0.0	0.280529	0.0	0.0	0.2	135	175200
LS_Solaro_5120_O_E_AW	0.8	0.593241	0.645076	25.6241	1738.4	-708.657	-949.955	0.495422	0.074396	0.0	0.280529	0.0	0.0	0.2	136	175200
LS_Solaro_5120_O_E_AW	1.6	0.634098	0.645076	24.8071	1727.42	-714.804	-931.969	0.495422	0.074396	0.0	0.280529	0.0	0.0	0.2	137	175200
LS_Solaro_5120_O_E_AW	3.2	0.694763	0.645076	23.9299	1706.45	-713.439	-911.289	0.495422	0.074396	0.0	0.280529	0.0	0.0	0.2	138	175200
LS_Solaro_5120_O_E_AW	6.4	0.766855	0.645076	23.2272	1685.19	-708.547	-894.001	0.495422	0.074396	0.0	0.280529	0.0	0.0	0.2	139	175200
LS_Solaro_5120_O_E_AW	12.8	0.8374	0.645076	22.8865	1671.89	-702.051	-886.559	0.495422	0.074396	0.0	0.280529	0.0	0.0	0.2	140	175200
LS_Solaro_5120_O_E_AW	25.6	0.893939	0.645076	22.8477	1667.14	-695.813	-887.69	0.495422	0.074396	0.0	0.280529	0.0	0.0	0.2	141	175200
LS_Obscura_9950_FR_W	0.05	0.507653	0.645076	30.2571	1893.7	-735.502	-1081.87	0.495422	0.074396	0.0	0.280529	0.0	0.0	0.5	142	175200
LS_Obscura_9950_FR_W	0.1	0.510496	0.645076	30.0359	1888.75	-735.512	-1076.7	0.495422	0.074396	0.0	0.280529	0.0	0.0	0.5	143	175200
LS_Obscura_9950_FR_W	0.2	0.516681	0.645076	29.6442	1879.91	-735.526	-1067.55	0.495422	0.074396	0.0	0.280529	0.0	0.0	0.5	144	175200
LS_Obscura_9950_FR_W	0.4	0.528284	0.645076	28.9693	1863.98	-735.26	-1051.31	0.495422	0.074396	0.0	0.280529	0.0	0.0	0.5	145	175200
LS_Obscura_9950_FR_W	0.8	0.55011	0.645076	27.9037	1837.79	-734.374	-1025.14	0.495422	0.074396	0.0	0.280529	0.0	0.0	0.5	146	175200
LS_Obscura_9950_FR_W	1.6	0.588307	0.645076	26.5081	1800.7	-731.73	-989.502	0.495422	0.074396	0.0	0.280529	0.0	0.0	0.5	147	175200
LS_Obscura_9950_FR_W	3.2	0.645325	0.645076	25.0026	1756.72	-726.421	-949.461	0.495422	0.074396	0.0	0.280529	0.0	0.0	0.5	148	175200
LS_Obscura_9950_FR_W	6.4	0.714598	0.645076	23.7888	1714.71	-717.642	-914.971	0.495422	0.074396	0.0	0.280529	0.0	0.0	0.5	149	175200
LS_Obscura_9950_FR_W	12.8	0.784192	0.645076	23.1323	1686.8	-707.734	-896.174	0.495422	0.074396	0.0	0.280529	0.0	0.0	0.5	150	175200
LS_Obscura_9950_FR_W	25.6	0.84243	0.645076	22.981	1674.94	-698.283	-893.316	0.495422	0.074396	0.0	0.280529	0.0	0.0	0.5	151	175200
LS_Obscura_10075_FR_AB_BW	0.05	0.507931	0.645076	30.1823	1880.98	-727.739	-1076.97	0.495422	0.074396	0.0	0.280529	0.0	0.0	0.7	152	175200
LS_Obscura_10075_FR_AB_BW	0.1	0.510814	0.645076	29.9815	1877.26	-728.543	-1072.27	0.495422	0.074396	0.0	0.280529	0.0	0.0	0.7	153	175200
LS_Obscura_10075_FR_AB_BW	0.2	0.516794	0.645076	29.604	1870.11	-729.701	-1063.63	0.495422	0.074396	0.0	0.280529	0.0	0.0	0.7	154	175200
LS_Obscura_10075_FR_AB_BW	0.4	0.52828	0.645076	28.9297	1855.87	-730.699	-1047.87	0.495422	0.074396	0.0	0.280529	0.0	0.0	0.7	155	175200
LS_Obscura_10075_FR_AB_BW	0.8	0.550213	0.645076	27.9006	1831.24	-730.223	-1022.85	0.495422	0.074396	0.0	0.280529	0.0	0.0	0.7	156	175200
LS_Obscura_10075_FR_AB_BW	1.6	0.588328	0.645076	26.5125	1795.75	-728.224	-988.156	0.495422	0.074396	0.0	0.280529	0.0	0.0	0.7	157	175200
LS_Obscura_10075_FR_AB_BW	3.2	0.645475	0.645076	25.0321	1753.86	-723.727	-949.385	0.495422	0.074396	0.0	0.280529	0.0	0.0	0.7	158	175200
LS_Obscura_10075_FR_AB_BW	6.4	0.714255	0.645076	23.8077	1713.13	-716.131	-914.968	0.495422	0.074396	0.0	0.280529	0.0	0.0	0.7	159	175200
LS_Obscura_10075_FR_AB_BW	12.8	0.783738	0.645076	23.1475	1686.19	-706.97	-896.387	0.495422	0.074396	0.0	0.280529	0.0	0.0	0.7	160	175200
LS_Obscura_10075_FR_AB_BW	25.6	0.841422	0.645076	22.982	1674.5	-698.272	-892.959	0.495422	0.074396	0.0	0.280529	0.0	0.0	0.7	161	175200
LS_Obscura_10075_FR_AB_B	0.05	0.548527	0.645076	26.9316	1787.94	-728.232	-981.549	0.495422	0.074396	0.0	0.280529	0.0	0.0	0.75	162	175200
LS_Obscura_10075_FR_AB_B	0.1	0.552554	0.645076	26.8034	1785.56	-728.156	-979.021	0.495422	0.074396	0.0	0.280529	0.0	0.0	0.75	163	175200
LS_Obscura_10075_FR_AB_B	0.2	0.56007	0.645076	26.5639	1780.37	-727.994	-973.565	0.495422	0.074396	0.0	0.280529	0.0	0.0	0.75	164	175200
LS_Obscura_10075_FR_AB_B	0.4	0.57437	0.645076	26.1697	1771.45	-727.482	-964.611	0.495422	0.074396	0.0	0.280529	0.0	0.0	0.75	165	175200
LS_Obscura_10075_FR_AB_B	0.8	0.600072	0.645076	25.5294	1756.5	-726.188	-950.185	0.495422	0.074396	0.0	0.280529	0.0	0.0	0.75	166	175200
LS_Obscura_10075_FR_AB_B	1.6	0.641931	0.645076	24.6752	1733.98	-723.215	-929.671	0.495422	0.074396	0.0	0.280529	0.0	0.0	0.75	167	175200
LS_Obscura_10075_FR_AB_B	3.2	0.701486	0.645076	23.7778	1706.34	-717.657	-906.641	0.495422	0.074396	0.0	0.280529	0.0	0.0	0.75	168	175200
LS_Obscura_10075_FR_AB_B	6.4	0.771929	0.645076	23.0522	1680.29	-709.799	-887.662	0.495422	0.074396	0.0	0.280529	0.0	0.0	0.75	169	175200
LS_Obscura_10075_FR_AB_B	12.8	0.840517	0.645076	22.702	1663.4	-700.68	-879.332	0.495422	0.074396	0.0	0.280529	0.0	0.0	0.75	170	175200
LS_Obscura_10075_FR_AB_B	25.6	0.893907	0.645076	22.6303	1655.12	-692.61	-878.892	0.495422	0.074396	0.0	0.280529	0.0	0.0	0.75	171	175200
LS_Obscura_10070_R_FR_W	0.05	0.548527	0.645076	26.9316	1787.94	-728.232	-981.549	0.495422	0.074396	0.0	0.280529	0.0	0.0	0.7	172	175200
LS_Obscura_10070_R_FR_W	0.1	0.552554	0.645076	26.8034	1785.56	-728.156	-979.021	0.495422	0.074396	0.0	0.280529	0.0	0.0	0.7	173	175200
LS_Obscura_10070_R_FR_W	0.2	0.56007	0.645076	26.5639	1780.37	-727.994	-973.565	0.495422	0.074396	0.0	0.280529	0.0	0.0	0.7	174	175200
LS_Obscura_10070_R_FR_W	0.4	0.57437	0.645076	26.1697	1771.45	-727.482	-964.611	0.495422	0.074396	0.0	0.280529	0.0	0.0	0.7	175	175200
LS_Obscura_10070_R_FR_W	0.8	0.600072	0.645076	25.5294	1756.5	-726.188	-950.185	0.495422	0.074396	0.0	0.280529	0.0	0.0	0.7	176	175200
LS_Obscura_10070_R_FR_W	1.6	0.641931	0.645076	24.6752	1733.98	-723.215	-929.671	0.495422	0.074396	0.0	0.280529	0.0	0.0	0.7	177	175200
LS_Obscura_10070_R_FR_W	3.2	0.701486	0.645076	23.7778	1706.34	-717.657	-906.641	0.495422	0.074396	0.0	0.280529	0.0	0.0	0.7	178	175200
LS_Obscura_10070_R_FR_W	6.4	0.771929	0.645076	23.0522	1680.29	-709.799	-887.662	0.495422	0.074396	0.0	0.280529	0.0	0.0	0.7	179	175200
LS_Obscura_10070_R_FR_W	12.8	0.840517	0.645076	22.702	1663.4	-700.68	-879.332	0.495422	0.074396	0.0	0.280529	0.0	0.0	0.7	180	175200
LS_Obscura_10070_R_FR_W	25.6	0.893907	0.645076	22.6303	1655.12	-692.61	-878.892	0.495422	0.074396	0.0	0.280529	0.0	0.0	0.7	181	175200
LS_Obscura_10070_FR_WB_BW	0.05	0.548527	0.645076	26.9316	1787.94	-728.232	-981.549	0.495422	0.074396	0.0	0.280529	0.0	0.0	0.7	182	175200
LS_Obscura_10070_FR_WB_BW	0.1	0.552554	0.645076	26.8034	1785.56	-728.156	-979.021	0.495422	0.074396	0.0	0.280529	0.0	0.0	0.7	183	175200
LS_Obscura_10070_FR_WB_BW	0.2	0.56007	0.645076	26.5639	1780.37	-727.994	-973.565	0.495422	0.074396	0.0	0.280529	0.0	0.0	0.7	184	175200
LS_Obscura_10070_FR_WB_BW	0.4	0.57437	0.645076	26.1697	1771.45	-727.482	-964.611	0.495422	0.074396	0.0	0.280529	0.0	0.0	0.7	185	175200
LS_Obscura_10070_FR_WB_BW	0.8	0.600072	0.645076	25.5294	1756.5	-726.188	-950.185	0.495422	0.074396	0.0	0.280529	0.0	0.0	0.7	186	175200
LS_Obscura_10070_FR_WB_BW	1.6	0.641931	0.645076	24.6752	1733.98	-723.215	-929.671	0.495422	0.074396	0.0	0.280529	0.0	0.0	0.7	187	175200
LS_Obscura_10070_FR_WB_BW	3.2	0.701486	0.645076	23.7778	1706.34	-717.657	-906.641	0.495422	0.074396	0.0	0.280529	0.0	0.0	0.7	188	175200
LS_Obscura_10070_FR_WB_BW	6.4	0.771929	0.645076	23.0522	1680.29	-709.799	-887.662	0.495422	0.074396	0.0	0.280529	0.0	0.0	0.7	189	175200
LS_Obscura_10070_FR_WB_BW	12.8	0.840517	0.645076	22.702	1663.4	-700.68	-879.332	0.495422	0.074396	0.0	0.280529	0.0	0.0	0.7	190	175200
LS_Obscura_10070_FR_WB_BW	25.6	0.893907	0.645076	22.6303	1655.12	-692.61	-878.892	0.495422	0.074396	0.0	0.280529	0.0	0.0	0.7	191	175200
LS_Obscura_10070_FR_WB_B	0.05	0.548527	0.645076	26.9316	1787.94	-728.232	-981.549	0.495422	0.074396	0.0	0.280529	0.0	0.0	0.7	192	175200
LS_Obscura_10070_FR_WB_B	0.1	0.552554	0.645076	26.8034	1785.56	-728.156	-979.021	0.495422	0.074396	0.0	0.280529	0.0	0.0	0.7	193	175200
LS_Obscura_10070_FR_WB_B	0.2	0.56007	0.645076	26.5639	1780.37	-727.994	-973.565	0.495422	0.074396	0.0	0.280529	0.0	0.0	0.7	194	175200
LS_Obscura_10070_FR_WB_B	0.4	0.57437	0.645076	26.1697	1771.45	-727.482	-964.611	0.495422	0.074396	0.0	0.280529	0.0	0.0	0.7	195	175200
LS_Obscura_10070_FR_WB_B	0.8	0.600072	0.645076	25.5294	1756.5	-726.188	-950.185	0.495422	0.074396	0.0	0.280529	0.0	0.0	0.7	196	175200
LS_Obscura_10070_FR_WB_B	1.6	0.641931	0.645076	24.6752	1733.98	-723.215	-929.671	0.495422	0.074396	0.0	0.280529	0.0	0.0	0.7	197	175200
LS_Obscura_10070_FR_WB_B	3.2	0.701486	0.645076	23.7778	1706.34	-717.657	-906.641	0.495422	0.074396	0.0	0.280529	0.0	0.0	0.7	198	175200
LS_Obscura_10070_FR_WB_B	6.4	0.771929	0.645076	23.0522	1680.29	-709.799	-887.662	0.495422	0.074396	0.0	0.280529	0.0	0.0	0.7	199	175200
LS_Obscura_10070_FR_WB_B	12.8	0.840517	0.645076	22.702	1663.4	-700.68	-879.332	0.495422	0.074396	0.0	0.280529	0.0	0.0	0.7	200	175200
LS_Obscura_10070_FR_WB_B	25.6	0.893907	0.645076	22.6303	1655.12	-692.61	-878.892	0.495422	0.074396	0.0	0.280529	0.0	0.0	0.7	201	175200
LS_Luxous_1547_D_FR	0.05	0.549509	0.645076	27.7188	1715.08	-645.714	-990.784	0.495422	0.074396	0.0	0.280529	0.0	0.0	0.47	202	175200
LS_Luxous_1547_D_FR	0.1	0.553252	0.645076	27.5891	1717.88	-648.721	-988.718	0.495422	0.074396	0.0	0.280529	0.0	0.0	0.47	203	175200
LS_Luxous_1547_D_FR	0.2	0.559604	0.645076	27.3215	1721.33	-654.162	-984.135	0.495422	0.074396	0.0	0.280529	0.0	0.0	0.47	204	175200
LS_Luxous_1547_D_FR	0.4	0.572078	0.645076	26.8967	1719.35	-663.767	-976.321	0.495422	0.074396	0.0	0.280529	0.0	0.0	0.47	205	175200
LS_Luxous_1547_D_FR	0.8	0.594317	0.645076	26.2093	1721.35	-678.363	-963.07	0.495422	0.074396	0.0	0.280529	0.0	0.0	0.47	206	175200
LS_Luxous_1547_D_FR	1.6	0.631413	0.645076	25.2627	1719.28	-695.387	-943.365	0.495422	0.074396	0.0	0.280529	0.0	0.0	0.47	207	175200
LS_Luxous_1547_D_FR	3.2	0.687129	0.645076	24.2451	1708.95	-707.318	-920.222	0.495422	0.074396	0.0	0.280529	0.0	0.0	0.47	208	175200
LS_Luxous_1547_D_FR	6.4	0.75735	0.645076	23.4136	1689.27	-706.771	-900.138	0.495422	0.074396	0.0	0.280529	0.0	0.0	0.47	209	175200
LS_Luxous_1547_D_FR	12.8	0.828493	0.645076	23.0312	1675.96	-701.392	-891.416	0.495422	0.074396	0.0	0.280529	0.0	0.0	0.47	210	175200
LS_Luxous_1547_D_FR	25.6	0.886851	0.645076	22.9949	1672.24	-695.669	-893.045	0.495422	0.074396	0.0	0.280529	0.0	0.0	0.47	211	175200
LS_Luxous_1347_FR	0.05	0.540801	0.645076	28.2751	1688.63	-609.088	-998.957	0.495422	0.074396	0.0	0.280529	0.0	0.0	0.47	212	175200
LS_Luxous_1347_FR	0.1	0.544401	0.645076	28.1329	1690.05	-612.299	-997.053	0.495422	0.074396	0.0	0.280529	0.0	0.0	0.47	213	175200
LS_Luxous_1347_FR	0.2	0.551033	0.645076	27.8746	1693.08	-618.846	-993.121	0.495422	0.074396	0.0	0.280529	0.0	0.0	0.47	214	175200
LS_Luxous_1347_FR	0.4	0.563025	0.645076	27.3906	1696.24	-631.266	-985.577	0.495422	0.074396	0.0	0.280529	0.0	0.0	0.47	215	175200
LS_Luxous_1347_FR	0.8	0.585031	0.645076	26.6504	1707.04	-650.363	-972.72	0.495422	0.074396	0.0	0.280529	0.0	0.0	0.47	216	175200
LS_Luxous_1347_FR	1.6	0.621066	0.645076	25.6343	1708.64	-675.214	-953.006	0.495422	0.074396	0.0	0.280529	0.0	0.0	0.47	217	175200
LS_Luxous_1347_FR	3.2	0.674469	0.645076	24.5154	1705.98	-696.498	-928.312	0.495422	0.074396	0.0	0.280529	0.0	0.0	0.47	218	175200
LS_Luxous_1347_FR	6.4	0.741924	0.645076	23.5915	1693.1	-704.909	-906.137	0.495422	0.074396	0.0	0.280529	0.0	0.0	0.47	219	175200
LS_Luxous_1347_FR	12.8	0.811988	0.645076	23.1151	1679.12	-701.601	-894.612	0.495422	0.074396	0.0	0.280529	0.0	0.0	0.47	220	175200
LS_Luxous_1347_FR	25.6	0.87062	0.645076	23.0498	1674.57	-696.244	-894.939	0.495422	0.074396	0.0	0.280529	0.0	0.0	0.47	221	175200
LS_Harmony_7445_R_FR	0.05	0.546762	0.645076	27.0846	1782.24	-721.295	-982.99	0.495422	0.074396	0.0	0.280529	0.0	0.0	0.45	222	175200
LS_Harmony_7445_R_FR	0.1	0.550692	0.645076	26.9545	1780.21	-721.573	-980.445	0.495422	0.074396	0.0	0.280529	0.0	0.0	0.45	223	175200
LS_Harmony_7445_R_FR	0.2	0.558089	0.645076	26.7116	1776.05	-722.099	-975.451	0.495422	0.074396	0.0	0.280529	0.0	0.0	0.45	224	175200
LS_Harmony_7445_R_FR	0.4	0.572347	0.645076	26.2976	1767.91	-722.191	-966.624	0.495422	0.074396	0.0	0.280529	0.0	0.0	0.45	225	175200
LS_Harmony_7445_R_FR	0.8	0.598123	0.645076	25.6814	1754.12	-721.396	-952.819	0.495422	0.074396	0.0	0.280529	0.0	0.0	0.45	226	175200
LS_Harmony_7445_R_FR	1.6	0.640366	0.645076	24.8315	1733.38	-719.371	-933.105	0.495422	0.074396	0.0	0.280529	0.0	0.0	0.45	227	175200
LS_Harmony_7445_R_FR	3.2	0.699786	0.645076	23.8828	1707.29	-715.456	-909.885	0.495422	0.074396	0.0	0.280529	0.0	0.0	0.45	228	175200
LS_Harmony_7445_R_FR	6.4	0.770968	0.645076	23.1583	1683.25	-708.952	-891.517	0.495422	0.074396	0.0	0.280529	0.0	0.0	0.45	229	175200
LS_Harmony_7445_R_FR	12.8	0.84029	0.645076	22.8182	1667.96	-701.101	-883.473	0.495422	0.074396	0.0	0.280529	0.0	0.0	0.45	230	175200
LS_Harmony_7445_R_FR	25.6	0.895925	0.645076	22.7758	1661.95	-693.76	-884.474	0.495422	0.074396	0.0	0.280529	0.0	0.0	0.45	231	175200
LS_Harmony_7247_FR	0.05	0.546719	0.645076	27.0829	1780.4	-719.809	-982.671	0.495422	0.074396	0.0	0.280529	0.0	0.0	0.47	232	175200
LS_Harmony_7247_FR	0.1	0.550594	0.645076	26.9578	1778.4	-720.162	-980.03	0.495422	0.074396	0.0	0.280529	0.0	0.0	0.47	233	175200
LS_Harmony_7247_FR	0.2	0.557912	0.645076	26.7081	1774.51	-720.986	-975.017	0.495422	0.074396	0.0	0.280529	0.0	0.0	0.47	234	175200
LS_Harmony_7247_FR	0.4	0.571937	0.645076	26.3033	1767.07	-721.639	-966.384	0.495422	0.074396	0.0	0.280529	0.0	0.0	0.47	235	175200
LS_Harmony_7247_FR	0.8	0.597993	0.645076	25.6872	1753.48	-720.858	-952.748	0.495422	0.074396	0.0	0.280529	0.0	0.0	0.47	236	175200
LS_Harmony_7247_FR	1.6	0.639913	0.645076	24.8207	1732.68	-719.077	-932.734	0.495422	0.074396	0.0	0.280529	0.0	0.0	0.47	237	175200
LS_Harmony_7247_FR	3.2	0.699504	0.645076	23.8878	1707.1	-715.195	-909.97	0.495422	0.074396	0.0	0.280529	0.0	0.0	0.47	238	175200
LS_Harmony_7247_FR	6.4	0.770708	0.645076	23.1648	1683.24	-708.879	-891.585	0.495422	0.074396	0.0	0.280529	0.0	0.0	0.47	239	175200
LS_Harmony_7247_FR	12.8	0.840243	0.645076	22.8269	1668.25	-701.155	-883.756	0.495422	0.074396	0.0	0.280529	0.0	0.0	0.47	240	175200
LS_Harmony_7247_FR	25.6	0.89573	0.645076	22.7719	1662.21	-694.025	-884.418	0.495422	0.074396	0.0	0.280529	0.0	0.0	0.47	241	175200
LS_Harmony_6147_FR	0.05	0.51782	0.645076	29.9582	1781.63	-651.464	-1052.89	0.495422	0.074396	0.0	0.280529	0.0	0.0	0.47	242	175200
LS_Harmony_6147_FR	0.1	0.520722	0.645076	29.7713	1783.87	-654.181	-1049.42	0.495422	0.074396	0.0	0.280529	0.0	0.0	0.47	243	175200
LS_Harmony_6147_FR	0.2	0.526624	0.645076	29.4161	1782.52	-658.96	-1042.87	0.495422	0.074396	0.0	0.280529	0.0	0.0	0.47	244	175200
LS_Harmony_6147_FR	0.4	0.537628	0.645076	28.7934	1776.32	-667.579	-1030.85	0.495422	0.074396	0.0	0.280529	0.0	0.0	0.47	245	175200
LS_Harmony_6147_FR	0.8	0.558091	0.645076	27.8088	1769.27	-680.309	-1010.53	0.495422	0.074396	0.0	0.280529	0.0	0.0	0.47	246	175200
LS_Harmony_6147_FR	1.6	0.592978	0.645076	26.5086	1756.75	-696.197	-981.241	0.495422	0.074396	0.0	0.280529	0.0	0.0	0.47	247	175200
LS_Harmony_6147_FR	3.2	0.644943	0.645076	25.0656	1736.91	-710.333	-946.2	0.495422	0.074396	0.0	0.280529	0.0	0.0	0.47	248	175200