Date	Tmax	Tmin	Tavg
01/01/2016	11.1	-1.2	3.7
02/01/2016	11.6	5.2	8.9
03/01/2016	10.1	7.4	8.8
04/01/2016	11.7	0	9.6
05/01/2016	11.6	8.3	9.9
06/01/2016	10.2	5.6	7.9
07/01/2016	12.3	3.1	7.3
08/01/2016	8.1	7.3	7.7
09/01/2016	8.9	7.5	8.2
10/01/2016	14.5	6.9	9.9
11/01/2016	19.9	3.6	8.1
12/01/2016	13.8	11.4	12.5
13/01/2016	14.8	4.6	11.3
14/01/2016	12.7	11.2	12.3
15/01/2016	15.8	4	9.9
16/01/2016	12.3	11.2	11.9
17/01/2016	15.1	12.5	14
18/01/2016	15.3	10.8	13
19/01/2016	13.7	8.3	10.8
20/01/2016	10.9	7.5	8.6
21/01/2016	13.3	10.6	11.8
22/01/2016	14	10.6	11.6
23/01/2016	8.7	6.2	7.4
24/01/2016	15.3	3	8.8
25/01/2016	11.8	7.6	9.5
26/01/2016	10.7	0	8.4
27/01/2016	7.4	6.3	6.8
28/01/2016	13.8	5.3	10.1
23/02/2016	21.4	0	13.5
24/02/2016	8.9	8.8	8.8
25/02/2016	12.1	9.2	10.6
26/02/2016	14.5	0	13.3
27/02/2016	11.3	7.8	9.5
28/02/2016	22.3	5	12.4
29/02/2016	10.7	10.2	10.5
01/03/2016	13.6	0	12.1
02/03/2016	14.7	13.5	13.9
04/03/2016	16.5	0	15.6
05/03/2016	18	12.6	14.8
06/03/2016	18.2	6.7	12.1
07/03/2016	15.6	0	10
08/03/2016	11.1	10.9	11
09/03/2016	13.1	12.5	12.7
10/03/2016	14.8	14.3	14.6
11/03/2016	12.5	11	11.6
12/03/2016	13.9	0	12.3
13/03/2016	14.8	0	14.4
14/03/2016	7.7	6.8	7.2
15/03/2016	18.7	10.2	13.5
16/03/2016	14.2	0	12.6
17/03/2016	13.3	11.5	12.3
18/03/2016	13.6	11.15	12.45
19/03/2016	13.9	10.8	12.6
20/03/2016	14.7	9.2	11.6
21/03/2016	9.5	6.7	8
22/03/2016	15.4	0	10.1
23/03/2016	9.3	8.7	9
24/03/2016	11.6	0	10.8
25/03/2016	17	10.4	12.6
26/03/2016	25.9	6.4	16.4
27/03/2016	23.8	7.1	14.3
28/03/2016	7.8	6	7.1
29/03/2016	5.5	4.7	5.1
30/03/2016	15.4	6.7	10.2
31/03/2016	11.3	0	8.6
01/04/2016	15.5	0	10.6
02/04/2016	18.2	8.1	12.1
03/04/2016	11.1	8.4	9.7
04/04/2016	10.4	9.4	9.8
05/04/2016	13.9	12	12.8
06/04/2016	21.1	13.3	16.6
07/04/2016	23.7	9.3	17.8
08/04/2016	23.8	0	17.1
09/04/2016	15.7	12.4	13.6
10/04/2016	12.3	12.2	12.2
11/04/2016	10.75	10.35	10.5
12/04/2016	9.2	8.5	8.8
13/04/2016	12.2	11.7	12
14/04/2016	11.6	7	8.6
15/04/2016	18.2	13.9	16.7
16/04/2016	11.8	10.4	11.2
17/04/2016	17.2	11.7	14.1
18/04/2016	17.5	10.1	13.3
19/04/2016	10.6	9	9.5
20/04/2016	18.4	12	15.1
21/04/2016	14.5	14	14.3
22/04/2016	10	7.7	9.1
23/04/2016	16	10.8	13.5
24/04/2016	8.1	7.7	7.9
25/04/2016	11.6	8.6	10.1
26/04/2016	11.7	9.6	10.5
27/04/2016	14.6	8.9	10.8
28/04/2016	17.3	9.7	12.5
29/04/2016	19.5	10.2	13.8
30/04/2016	22.9	17.5	20.8
01/05/2016	13.7	12.6	13
02/05/2016	21.1	11.6	15
03/05/2016	14.5	14.1	14.3
04/05/2016	14.4	13.8	14.1
05/05/2016	11	10.3	10.7
06/05/2016	10.9	10.4	10.6
07/05/2016	12.5	11.8	12.2
08/05/2016	15.9	10.1	12.4
09/05/2016	14.5	9.5	11.6
10/05/2016	21.9	10.7	15
11/05/2016	26.2	8	15.3
12/05/2016	12.9	9.5	11.2
13/05/2016	12.7	10.3	11.9
14/05/2016	15.9	10.9	13.5
15/05/2016	20.5	11.8	14.9
16/05/2016	19.55	12.9	15.45
17/05/2016	18.6	14	16
18/05/2016	12.3	11.9	12.1
19/05/2016	12.8	12.2	12.5
20/05/2016	10.25	9.85	10.05
21/05/2016	7.7	7.5	7.6
22/05/2016	11	8.6	9.7
23/05/2016	12.7	12.4	12.5
24/05/2016	10.5	9.3	9.7
25/05/2016	16.7	10.1	13.2
26/05/2016	12.9	10.8	11.7
27/05/2016	15.6	14.3	15
28/05/2016	16.4	12.7	14.3
29/05/2016	11.9	11.4	11.6
30/05/2016	18.3	12.5	14.8
31/05/2016	14.3	12.3	13.8
01/06/2016	11.7	10.8	11.2
02/06/2016	13.4	13.3	13.4
03/06/2016	21	15.3	17.4
04/06/2016	13.2	12.1	12.7
05/06/2016	15.7	13.3	14.6
06/06/2016	16.7	13.6	15.2
07/06/2016	14.5	13.5	14
08/06/2016	12.3	12.1	12.2
09/06/2016	16.2	11.3	12.9
10/06/2016	18.6	12.1	13.9
11/06/2016	15.5	11.65	13.9
12/06/2016	12.8	11.2	12.1
13/06/2016	27.1	14.9	21.3
14/06/2016	25.5	6.7	16.6
15/06/2016	20.6	6.6	13.6
16/06/2016	23.1	8.3	16
17/06/2016	23	13.6	18.4
18/06/2016	29.2	10.9	19.7
19/06/2016	32.6	7.3	21.1
20/06/2016	34.3	7.5	22.2
21/06/2016	36	9.8	23.3
22/06/2016	28.4	8.4	18.4
23/06/2016	32.5	6	19.8
24/06/2016	32.8	7.7	20.6
25/06/2016	36.1	9.8	22.8
26/06/2016	35.2	9.9	22.5
27/06/2016	37.9	11.3	24.1
28/06/2016	34.3	11.6	21.9
29/06/2016	26.6	8.4	17.6
30/06/2016	34.9	10.1	20.6
01/07/2016	26.8	10.2	18.5
02/07/2016	25.1	11.5	17.8
03/07/2016	26.4	9.3	17.7
04/07/2016	25.1	8.8	17.5
05/07/2016	24	9.7	16.5
06/07/2016	23.4	11.4	19.1
07/07/2016	25.1	8.1	16.8
08/07/2016	30.2	10.6	19.5
09/07/2016	27.3	10.5	19
10/07/2016	30.4	7	19.7
11/07/2016	31.6	10	21.4
12/07/2016	28.5	8.3	19.1
13/07/2016	36	9.5	22.6
14/07/2016	33	10.5	21.7
15/07/2016	29.6	12.5	19.4
16/07/2016	25.7	9.6	17.2
17/07/2016	23.9	10.6	16.1
18/07/2016	27.9	9.9	17.5
19/07/2016	28.8	7.8	17.9
20/07/2016	31.8	7.4	19.6
21/07/2016	31.3	6.6	18.4
22/07/2016	33.2	6.8	20.3
23/07/2016	38	10.2	22.9
24/07/2016	33.4	10.6	21.4
25/07/2016	31.1	11.5	19.7
26/07/2016	39.3	9.5	24.1
27/07/2016	35.5	12.3	23.1
28/07/2016	33.1	10.5	21.2
29/07/2016	34	11.7	21.6
30/07/2016	29.4	9.5	18.9
31/07/2016	28.7	7.9	18.8
01/08/2016	28.7	8.9	18.2
02/08/2016	29.8	10.4	18.9
03/08/2016	29.3	10.8	18.8
04/08/2016	25.6	8.6	16
05/08/2016	25.3	10.9	17.3
06/08/2016	24.1	9.1	15.7
07/08/2016	28.1	7.5	17.3
08/08/2016	29.3	10.2	18.9
09/08/2016	30.3	10.2	19.1
10/08/2016	27.8	12	19
11/08/2016	28.3	11.5	18.4
12/08/2016	35.4	8.5	19.6
13/08/2016	37	8.4	21.3
14/08/2016	32.9	9.4	19.8
15/08/2016	28.2	9.3	16.9
16/08/2016	28.9	8.9	17.5
17/08/2016	30.2	9.9	18.8
18/08/2016	29.4	10.3	19.1
19/08/2016	29.4	10.9	19.5
20/08/2016	28.2	11.1	18.9
21/08/2016	31	10.5	18.6
22/08/2016	29.6	9.3	17.7
23/08/2016	27.9	10.3	18.5
24/08/2016	27.7	10.3	17.6
25/08/2016	26.3	8.4	15.8
26/08/2016	25.4	10.7	17.7
27/08/2016	25.3	11	18.3
28/08/2016	29.4	9.9	18.5
29/08/2016	28.7	7.5	17.1
30/08/2016	31.1	10.9	20.3
31/08/2016	29	8.3	18.8
01/09/2016	25.5	8.6	16.4
02/09/2016	30.1	11.2	19.4
03/09/2016	23.9	8.9	16.1
04/09/2016	27.6	6.6	16.6
05/09/2016	30	6.3	17.3
06/09/2016	34.1	6.8	19.4
07/09/2016	35.9	10.3	22.8
08/09/2016	28.1	9.8	18.7
09/09/2016	28.3	8.7	17.1
10/09/2016	27.6	8	16.7
11/09/2016	24.9	8.8	15.7
12/09/2016	23.4	11.1	15.3
13/09/2016	24.3	9.2	16.7
14/09/2016	28.2	7.2	17
15/09/2016	30.4	6.6	16.8
16/09/2016	30	5.6	16.6
17/09/2016	33.1	6.3	18.4
18/09/2016	37.2	9.1	22.7
19/09/2016	36.5	12.3	23.8
20/09/2016	31	8.7	18.7
21/09/2016	27.8	8.4	17.2
22/09/2016	25.8	6.4	15.8
23/09/2016	28.8	6.1	17.5
24/09/2016	34.8	9.5	20.4
25/09/2016	38	8.9	23.4
26/09/2016	38.1	10.4	23.4
27/09/2016	35.7	10.2	21.7
28/09/2016	28.1	7.9	17.1
29/09/2016	26.2	7.6	15.7
30/09/2016	23.4	8.2	15.2
01/10/2016	26.1	5.4	15.3
02/10/2016	21.8	3.8	12.7
03/10/2016	16.3	5	11.2
04/10/2016	23.7	10.5	15.8
05/10/2016	26.1	4.2	15
06/10/2016	28.7	4.5	15.9
07/10/2016	32.3	5.7	17.9
08/10/2016	32.9	8.1	19.5
09/10/2016	32.6	7.3	18.6
10/10/2016	27	5.4	14.9
11/10/2016	24.3	6.7	13.8
12/10/2016	22.6	4.9	12.6
13/10/2016	22.5	6.4	15.1
14/10/2016	20	9.8	15.7
15/10/2016	19.3	8.8	13.7
16/10/2016	18.5	10.7	14.4
17/10/2016	21.8	8	14.3
18/10/2016	24.6	5.5	13.5
19/10/2016	28	5.2	14.6
20/10/2016	30.3	5.5	16.1
21/10/2016	28	7	16.4
22/10/2016	24.7	7.9	14.5
23/10/2016	23	4.3	12.9
24/10/2016	18.5	12.6	15.6
25/10/2016	17.1	11.6	14.1
26/10/2016	24.1	10.4	15.2
27/10/2016	18.5	12.4	14.4
28/10/2016	17.6	13.1	14.7
29/10/2016	20.8	10.5	15.7
30/10/2016	18.2	9.9	13.6
31/10/2016	18.2	8.8	12.8
01/11/2016	21	7	13.6
02/11/2016	22.9	4	11.7
03/11/2016	26.3	5.6	13.2
04/11/2016	25.9	5.8	13.4
05/11/2016	23.2	5.1	13.8
06/11/2016	21.6	9.4	15.7
07/11/2016	24.4	9.2	15.7
08/11/2016	26.2	10.5	17
09/11/2016	28.5	9.2	16.3
10/11/2016	29.3	8.5	16
11/11/2016	24.2	7.4	15.6
12/11/2016	25.2	9.7	16.3
13/11/2016	25.4	7	14.1
14/11/2016	20.45	6.4	12.85
15/11/2016	15.5	5.8	11.6
16/11/2016	17.5	1.3	8.2
17/11/2016	18.4	2.9	10.1
18/11/2016	18.6	2.4	9.3
19/11/2016	13.8	9.3	11.7
20/11/2016	15.7	8.4	11.6
21/11/2016	16.3	3.8	8.6
22/11/2016	15.3	1.4	8.3
23/11/2016	16.8	1.9	7.7
24/11/2016	16.3	0.9	7
25/11/2016	13.7	2.5	7.3
26/11/2016	13	6.5	9.6
27/11/2016	15.6	4.7	10.4
28/11/2016	17.3	3.2	10
29/11/2016	18.3	1.9	9.2
30/11/2016	16.1	1.6	7.4
01/12/2016	17.8	0.5	9.7
02/12/2016	18.1	7	13.1
03/12/2016	19.1	1.8	8.4
04/12/2016	17.6	0.2	7.9
05/12/2016	12.8	2.2	6.9
06/12/2016	14.2	-1.1	5.4
07/12/2016	10.5	0.7	5.2
08/12/2016	9.3	4	7
09/12/2016	14.2	9.1	11.5
10/12/2016	15.3	6.1	12.3
11/12/2016	12.9	1.8	7.1
12/12/2016	15.2	3	7.6
13/12/2016	15	9.5	11.6
14/12/2016	14	9.4	11.7
15/12/2016	15.3	10.8	13.5
16/12/2016	13.7	0.4	7.4
17/12/2016	12.6	-2.3	3
18/12/2016	14.4	-4.2	3
19/12/2016	13.5	-2.8	3.9
20/12/2016	15.7	-0.6	6
21/12/2016	21.2	1.7	8.4
22/12/2016	16.7	0	6.8
23/12/2016	12.6	2.3	7.3
24/12/2016	13.4	-1.4	3.9
25/12/2016	12.5	-2.5	3.3
26/12/2016	13.7	-0.6	4.2
27/12/2016	13.6	-0.6	4.7
28/12/2016	17.9	-2.2	5.5
29/12/2016	20.2	-0.8	8.3
30/12/2016	17	-0.4	7.3
31/12/2016	15.1	-0.8	5.1
01/01/2017	13.2	0.4	6
02/01/2017	8.9	0.4	4.9
03/01/2017	13.3	3.9	7.5
04/01/2017	13.6	5.4	10.1
05/01/2017	12	-0.3	4.5
06/01/2017	11.8	-2.4	4.6
07/01/2017	14.9	4.9	9.8
08/01/2017	16.3	12.1	14.4
09/01/2017	13.8	10.2	12.1
10/01/2017	15.5	10.2	12.4
11/01/2017	13.5	7	10.1
12/01/2017	10.2	3.3	6.9
13/01/2017	17.3	-0.5	6.3
14/01/2017	17	-0.4	6.7
15/01/2017	11.8	-0.5	3.5
16/01/2017	13.2	-0.6	3.6
17/01/2017	13.7	-0.6	6
18/01/2017	11.4	6.3	8.1
19/01/2017	15.2	6.5	10.4
20/01/2017	14	6.6	9.3
21/01/2017	14	7.7	9.9
22/01/2017	15.7	4.9	9.1
23/01/2017	12.6	2.4	6.4
24/01/2017	14.4	1.3	6.9
25/01/2017	13.2	-1	5
26/01/2017	15.9	1	6.3
27/01/2017	18.8	1.7	7.8
28/01/2017	19.3	0.8	7.5
29/01/2017	17.8	1.3	7.9
30/01/2017	20.1	-0.6	7.5
31/01/2017	18.6	-0.2	8.5
01/02/2017	16.1	5.6	9.4
02/02/2017	14.4	7.4	10.2
03/02/2017	15.5	11.1	13.4
04/02/2017	15.5	7.9	12.1
05/02/2017	14.9	8.2	11.4
06/02/2017	15.2	11.5	13.2
07/02/2017	17.5	11.7	15.2
08/02/2017	18.5	12.3	15.4
09/02/2017	17.5	12.7	15.3
10/02/2017	18	5.9	12.4
11/02/2017	20	3.3	10.8
12/02/2017	22.6	5	12.7
13/02/2017	19.3	3.9	10.6
14/02/2017	22.4	3.7	12.2
15/02/2017	20	9	13.6
16/02/2017	18.5	8.5	14.1
17/02/2017	12.5	8.7	10.9
18/02/2017	17.5	8.1	11.6
19/02/2017	11.9	7.5	9.8
20/02/2017	15	11.3	12.8
21/02/2017	15.8	5.2	11.5
22/02/2017	14.9	1	6.1
23/02/2017	13.7	-0.7	5.6
24/02/2017	13.2	-1.4	5.6
25/02/2017	14	0.7	6.4
26/02/2017	14.9	-1.1	6.3
27/02/2017	15.1	-0.4	7
28/02/2017	15.9	-0.2	7.7
01/03/2017	20.2	0.3	9.2
02/03/2017	21.5	5.5	12.5
03/03/2017	20.5	2.1	10.4
04/03/2017	14.8	2.3	8.8
05/03/2017	10.3	0.8	6.1
06/03/2017	13.1	1.7	6.7
07/03/2017	15.6	2.3	8.3
08/03/2017	22.8	3.8	12.5
09/03/2017	24.3	5.9	15
10/03/2017	26.2	9.5	15.7
11/03/2017	25	6	14.7
12/03/2017	26.6	5.5	15.4
13/03/2017	28.5	4.9	15.9
14/03/2017	27.5	7.6	17
15/03/2017	20.4	8.2	13
16/03/2017	22.7	8.6	15.5
17/03/2017	25.6	5.3	15.1
18/03/2017	21.3	9.3	13.5
19/03/2017	21.5	9.9	14.7
20/03/2017	15.3	9.2	12.5
21/03/2017	19.6	11.3	15
22/03/2017	17	5.2	11.4
23/03/2017	18.2	2.4	10.1
24/03/2017	14.7	9	10.6
25/03/2017	19.5	5.1	11.8
26/03/2017	16	6	11
27/03/2017	20.1	4.2	12.1
28/03/2017	25.1	5.8	15.2
29/03/2017	28.1	7.4	16.4
30/03/2017	21	9.8	15.5
31/03/2017	24	10.9	17.7
01/04/2017	30.1	11	20.6
02/04/2017	28.8	7.4	17.5
03/04/2017	26.4	4.6	16
04/04/2017	23	7.8	15
05/04/2017	24.1	7.4	15.1
06/04/2017	15.8	8	10.8
07/04/2017	16.4	6.9	12.2
08/04/2017	14.8	3.1	8.4
09/04/2017	18.2	1.6	9.2
10/04/2017	19.9	3.8	11.7
11/04/2017	17.6	9.9	12.8
12/04/2017	16.7	10.7	13.3
13/04/2017	16.3	4.4	11.4
14/04/2017	19.7	1.8	10.6
15/04/2017	22.2	3.1	13.2
16/04/2017	12.5	6.7	10
17/04/2017	17.5	9.4	12.6
18/04/2017	22.7	7.5	14.6
19/04/2017	20.3	4.3	13.1
20/04/2017	22.9	7.2	14.6
21/04/2017	26.6	6.9	16.7
22/04/2017	21.5	5.9	13.7
23/04/2017	22.3	7.6	15
24/04/2017	17.6	10.2	13.7
25/04/2017	21.4	8.5	14.9
26/04/2017	19.7	9.9	15.3
27/04/2017	25.1	6.9	16
28/04/2017	24.8	5.5	16.2
29/04/2017	29.5	9.3	19.4
30/04/2017	29.4	6.9	18.8
01/05/2017	33.7	9.9	22.9
02/05/2017	34.3	12.3	24.2
03/05/2017	34.5	15.2	24.5
04/05/2017	27.8	11.3	18.9
05/05/2017	25.4	10.1	16.5
06/05/2017	21.2	5.7	14.5
07/05/2017	27.3	7.9	17.6
08/05/2017	27.7	6.4	17.1
09/05/2017	30.2	7.8	18.1
10/05/2017	18.7	10.6	13.6
11/05/2017	18.8	10.4	13.8
12/05/2017	20.8	5.7	14
13/05/2017	20.9	3.3	12.8
14/05/2017	21.8	4.2	12.5
15/05/2017	23.4	2.8	13.9
16/05/2017	19.6	4.9	12.7
17/05/2017	24.9	6.2	15.6
18/05/2017	30.7	5.5	18.7
19/05/2017	32.3	8.1	20.6
20/05/2017	33.1	8.9	21.3
21/05/2017	34.6	9.8	22.3
22/05/2017	33.1	9.2	20.7
23/05/2017	30	9.2	18.2
24/05/2017	23.1	8.8	15
25/05/2017	20.5	11.7	14.8
26/05/2017	20.8	8.7	15.2
27/05/2017	25.3	5.6	15.5
28/05/2017	25.3	8	16
29/05/2017	24	9.6	15.8
30/05/2017	23.7	7.5	15.7
31/05/2017	26.6	10.3	18.1
01/06/2017	27.8	8.1	18.6
02/06/2017	31.7	8.1	20.1
03/06/2017	28.1	11	18.5
04/06/2017	29.6	7.4	18
05/06/2017	31.8	7.6	19.5
06/06/2017	26.7	8.5	17.2
07/06/2017	24.4	9.5	16.3
08/06/2017	18.1	11.8	14.8
09/06/2017	22.6	11.1	16.9
10/06/2017	21.9	7.4	15.3
11/06/2017	21.8	6.2	12.7
12/06/2017	23.1	5.3	14.5
13/06/2017	27.6	7	17.8
14/06/2017	31.7	8.5	19.8
15/06/2017	33.2	8.8	21.9
16/06/2017	36.9	14.5	26.2
17/06/2017	37	15.8	26.4
18/06/2017	41.2	16.5	28.6
19/06/2017	34.4	16.7	25.3
20/06/2017	33.2	15.8	23.4
21/06/2017	34.3	14.2	23.3
22/06/2017	36.6	15.8	25
23/06/2017	30.9	13	21.8
24/06/2017	30	11.4	19.6
25/06/2017	29.8	12	19.1
26/06/2017	27.2	11.2	18.7
27/06/2017	27.9	9.4	18
28/06/2017	26.3	10.1	17.5
29/06/2017	26.9	8.4	17.5
30/06/2017	26.8	9.5	17.5
01/07/2017	26.3	7.7	17.8
02/07/2017	25.4	12.3	17.8
03/07/2017	27	11.3	18.7
04/07/2017	29.3	9.5	18.5
05/07/2017	31.1	11	19.5
06/07/2017	37.3	10	22.9
07/07/2017	41.1	11.7	26.4
08/07/2017	38.9	13.8	25.3
09/07/2017	31.9	10.3	20.5
10/07/2017	29.2	9.8	19.3
11/07/2017	27.2	11.7	18.7
12/07/2017	28.7	10.4	19
13/07/2017	28.5	12.6	18.9
14/07/2017	30	12.7	20.1
15/07/2017	35.9	10.8	23.3
16/07/2017	40.7	12.4	26.8
17/07/2017	31.6	12.8	22.3
18/07/2017	27.2	8.8	17.8
19/07/2017	30.1	8.9	19.2
20/07/2017	29.3	9.1	19.5
21/07/2017	30.7	9	20
22/07/2017	36.8	10	22.8
23/07/2017	33.5	12	21.8
24/07/2017	26.7	11.5	18.5
25/07/2017	30	10.2	19
26/07/2017	30.9	9.7	20.1
27/07/2017	34.4	10.4	21.7
28/07/2017	29.8	10.6	19.8
29/07/2017	27.6	10.9	18.5
30/07/2017	29.8	11.8	19.6
31/07/2017	32.8	10.7	20.8
01/08/2017	37.1	12.3	22.2
02/08/2017	36.4	12.1	23.3
03/08/2017	35.4	16.1	24.4
04/08/2017	30.1	16.8	22.6
05/08/2017	30.9	11.9	20.4
06/08/2017	29.6	12.2	19.5
07/08/2017	28.1	11.7	19
08/08/2017	28.1	12.4	19
09/08/2017	25.6	13.5	18.7
10/08/2017	27.5	13.1	19.1
11/08/2017	29.7	12.3	19.8
12/08/2017	27.7	12.2	18.8
13/08/2017	26.2	11	18.5
14/08/2017	23.3	13.1	17.3
15/08/2017	23.3	12.2	16.9
16/08/2017	26.9	11.1	18.3
17/08/2017	31.2	11.9	20.4
18/08/2017	29.3	11.7	19.4
19/08/2017	27	11.9	18.4
20/08/2017	28.3	13.2	19.6
21/08/2017	26	12.3	18.5
22/08/2017	32.6	11.5	20.5
23/08/2017	28.4	12.5	19.1
24/08/2017	27.1	11.2	17.6
25/08/2017	32.3	11.9	19.7
26/08/2017	41.3	9.2	23.6
27/08/2017	41.2	13.4	25.5
28/08/2017	37.8	12.9	24.1
29/08/2017	28.5	12.6	19.5
30/08/2017	29.7	8.8	18.4
31/08/2017	39	9.2	21.9
01/09/2017	43.4	16.1	29.6
02/09/2017	42.8	16.8	29.2
03/09/2017	37.2	17	26.6
04/09/2017	30.6	17.5	24.1
05/09/2017	32	17.7	24.2
06/09/2017	29.5	14	21.6
07/09/2017	22.3	14.3	19.3
08/09/2017	29.8	12.5	20.1
09/09/2017	32.4	14.3	20.8
10/09/2017	38.5	12.9	25.1
11/09/2017	37.2	17.7	25.3
12/09/2017	32	15.5	22.3
13/09/2017	24.7	15.3	18.6
14/09/2017	25.2	9.6	17.9
15/09/2017	27.9	7.1	16.7
16/09/2017	26.3	8	16.5
17/09/2017	26.7	6.6	15.6
18/09/2017	26.8	9.4	17.4
19/09/2017	27.2	7.9	17.5
20/09/2017	24.9	10.3	17.7
21/09/2017	24	6.1	14.9
22/09/2017	24.4	4.1	14.1
23/09/2017	27.6	6.7	16.4
24/09/2017	29.9	6.6	18.1
25/09/2017	32.8	6.4	19.1
26/09/2017	33.4	11.9	22.8
27/09/2017	34.4	11.4	22.4
28/09/2017	32.7	8	19.4
29/09/2017	26.4	7.7	16.3
30/09/2017	29.3	8.6	17.3
01/10/2017	29.5	8	18.8
02/10/2017	28.1	6.2	19.1
03/10/2017	26.1	3.5	14.7
04/10/2017	28	3.2	15
05/10/2017	29.9	3.3	15.9
06/10/2017	33	4.2	17.9
07/10/2017	31.9	4.8	17.2
08/10/2017	28.9	5.1	19.1
09/10/2017	28.2	8.7	19.8
10/10/2017	26.9	8	16.1
11/10/2017	24.6	5.2	13.4
12/10/2017	26.2	1.6	12.6
13/10/2017	26.3	1.7	12.9
14/10/2017	28.7	6.7	17.9
15/10/2017	31.4	5.9	17.4
16/10/2017	31	6.6	17.1
17/10/2017	29.4	6.2	15.6
18/10/2017	24.7	1.4	12
19/10/2017	19.1	6.7	13.5
20/10/2017	17.7	6.2	11.2
21/10/2017	23.9	3.1	12.5
22/10/2017	27.7	5.5	14.6
23/10/2017	35.1	7.3	18
24/10/2017	36.3	12.3	23.4
25/10/2017	32.6	9.9	19.6
26/10/2017	35	7.1	19.4
27/10/2017	32.6	6.8	18.1
28/10/2017	28.4	5.6	15.5
29/10/2017	21.6	8.1	12.8
30/10/2017	20.5	5.5	12
31/10/2017	21.2	3.1	11.5
01/11/2017	22.8	3.3	11.9
02/11/2017	19.9	3.9	12
03/11/2017	17.3	8	12.6
04/11/2017	17.7	1.2	11
05/11/2017	18.1	-0.6	7.9
06/11/2017	18.5	2.9	9.8
07/11/2017	20.6	2	9.7
08/11/2017	16.3	4.2	11.5
09/11/2017	20.4	11	14.9
10/11/2017	18.8	8.9	13.1
11/11/2017	18.3	6.1	10.2
12/11/2017	16.5	5.9	10.2
13/11/2017	17.2	9.6	13.5
14/11/2017	19.7	4.4	11
15/11/2017	15.2	8.4	11.3
16/11/2017	14.6	9.9	12.5
17/11/2017	17	3.2	9.6
18/11/2017	18.4	0.8	7.7
19/11/2017	17.3	1.2	9.3
20/11/2017	14	10.1	11.9
21/11/2017	23.2	9.5	14.9
22/11/2017	23.8	9.3	15.2
23/11/2017	19.4	10.1	13.8
24/11/2017	22.4	10.2	15
25/11/2017	22.5	11.4	16
26/11/2017	17.4	11.8	14.6
27/11/2017	16.9	3.9	9.2
28/11/2017	16.9	1.9	7.9
29/11/2017	19.9	1.3	7.9
30/11/2017	19	2.1	8.2
01/12/2017	16.9	1.8	7.6
02/12/2017	14.5	2.7	8.4
03/12/2017	15.2	2.6	7.9
04/12/2017	17.5	7.9	12.9
05/12/2017	22.2	1.9	11.5
06/12/2017	21.6	0.4	9.9
07/12/2017	24	2.5	12
08/12/2017	20.9	-0.8	7.8
09/12/2017	22.5	-0.3	8.9
10/12/2017	23.1	0.7	10.1
11/12/2017	23.1	2.8	11.3
12/12/2017	17.7	0	6.5
13/12/2017	16.7	-1	6.3
14/12/2017	18.7	-0.8	6.9
15/12/2017	15.6	0.6	7.6
16/12/2017	17.5	3.9	13.3
17/12/2017	22.7	3.2	13.6
18/12/2017	18.5	1.4	8
19/12/2017	15.5	0.7	8.4
20/12/2017	14.2	0.7	7.3
21/12/2017	16	-0.8	7.7
22/12/2017	14.4	-2.4	5.7
23/12/2017	12.4	2.6	7
24/12/2017	12.8	3.9	7.7
25/12/2017	16.1	2.2	7.9
26/12/2017	18.1	1.1	7.7
27/12/2017	17.6	0.6	7.2
28/12/2017	18	0.7	7.8
29/12/2017	19.1	0.6	7.4
30/12/2017	19.1	-0.2	7.5
31/12/2017	14.8	0.9	7.3
01/01/2018	19.5	3.4	9.8
02/01/2018	21.5	3.9	11
03/01/2018	16.2	7.2	11.3
04/01/2018	15.9	10.3	12.7
05/01/2018	15	9.6	12.9
06/01/2018	17	4.3	8.6
07/01/2018	11.7	1.9	7
08/01/2018	11.2	8.9	10.1
09/01/2018	17.9	6.7	11.9
10/01/2018	14.9	4.8	9.7
11/01/2018	14.7	5.9	9.5
12/01/2018	19.3	4.3	10.3
13/01/2018	17.4	1.1	6.9
14/01/2018	14.7	2.5	8.1
15/01/2018	15.6	3.6	9.4
16/01/2018	14	10.2	11.8
17/01/2018	16.9	8.6	12.1
18/01/2018	13.5	8	10.6
19/01/2018	13.6	2	7
20/01/2018	14.8	0.5	6
21/01/2018	11.8	-1.2	6
22/01/2018	14.4	5.1	10.1
23/01/2018	15	1.5	7.2
24/01/2018	13.2	2.6	7.3
25/01/2018	13.1	1.3	5.9
26/01/2018	13.5	-0.5	5.6
27/01/2018	16.1	3.2	8.4
28/01/2018	19.1	1.2	8.7
29/01/2018	16.4	2.8	8.4
30/01/2018	20.1	1.8	9.5
31/01/2018	22.1	1.3	9.7
01/02/2018	24.4	4.4	11.9
02/02/2018	25.6	4.8	12.8
03/02/2018	28	5.9	15.1
04/02/2018	28.3	7.1	14.6
05/02/2018	24.1	4.9	13.9
06/02/2018	26.8	11.1	17.8
07/02/2018	25.4	7.5	15
08/02/2018	24.9	5.8	13.5
09/02/2018	24.8	4.5	13.8
10/02/2018	22.3	5.7	14.7
11/02/2018	15.8	0.3	8.6
12/02/2018	16.6	-0.2	8.7
13/02/2018	19.9	3	11.1
14/02/2018	17.2	-0.1	7
15/02/2018	19.6	0.9	9.9
16/02/2018	22	-0.4	9.1
17/02/2018	22.3	1.2	10.6
18/02/2018	14.4	0.4	7.6
19/02/2018	11.8	-1.7	4.2
20/02/2018	12.4	-4.3	3.9
21/02/2018	15.4	-1.3	6.5
22/02/2018	13.1	-3.2	4.6
23/02/2018	14.3	-3.6	4.7
24/02/2018	15	-3.3	5.3
25/02/2018	18.9	-1.3	8.6
26/02/2018	14.5	3.5	8.1
27/02/2018	16.7	0.6	8.9
28/02/2018	13.5	-2.1	6.4
01/03/2018	14.3	6.1	10.3
02/03/2018	9.9	-0.3	4.8
03/03/2018	10.8	-0.5	3.9
04/03/2018	15.1	-0.8	5.6
05/03/2018	19.3	-1	7.6
06/03/2018	22.1	1	10.9
07/03/2018	21.2	6.8	13.2
08/03/2018	19.8	7.1	12.5
09/03/2018	19.7	4.3	12
10/03/2018	16.7	6.4	10.9
11/03/2018	22.8	3.4	11.8
12/03/2018	23	6.5	14.4
13/03/2018	16.4	8.3	12.9
14/03/2018	13.8	4	8.8
15/03/2018	12.4	1	6.6
16/03/2018	13.1	2.5	8.2
17/03/2018	12.8	0.1	5.5
18/03/2018	15	0.4	7.2
19/03/2018	19.4	0.8	10.2
20/03/2018	13.4	8.8	10.6
21/03/2018	16.4	9.7	12.7
22/03/2018	16.1	3.7	12.7
23/03/2018	15.2	0.4	8.7
24/03/2018	13.6	2.8	7.8
25/03/2018	16.2	0.6	7.9
26/03/2018	20.2	1.4	11.8
27/03/2018	27.6	8.7	17.7
28/03/2018	27.8	6	16.7
29/03/2018	30.7	9	18.9
30/03/2018	26.7	8	17.7
31/03/2018	25.2	7.4	15.2
01/04/2018	26.3	5	14.7
02/04/2018	23.7	7.7	14.8
03/04/2018	24.7	4.7	14.1
04/04/2018	22.5	8.1	14.2
05/04/2018	17.1	8.9	12.6
06/04/2018	15.4	11.7	13.6
07/04/2018	19.4	9.4	15.3
08/04/2018	22.7	5.2	13.3
09/04/2018	26.2	5.8	16.7
10/04/2018	18.6	7.7	14.3
11/04/2018	16.4	4.8	10
12/04/2018	16.2	2.3	9.3
13/04/2018	23.3	3.6	13.1
14/04/2018	25.1	6.5	15.3
15/04/2018	18.3	5	10.5
16/04/2018	12.3	3.3	7.6
17/04/2018	17.2	1.7	9.6
18/04/2018	16.8	4.4	10.1
19/04/2018	22.7	1.7	12.2
20/04/2018	26.1	4.8	15.2
21/04/2018	28.4	6.9	16.8
22/04/2018	29	6.6	17.9
23/04/2018	29.9	9.4	19
24/04/2018	24.1	8.1	15
25/04/2018	24	4.3	13.2
26/04/2018	22.6	6.5	12.9
27/04/2018	20	6.8	13.7
28/04/2018	17.9	6.4	12.3
29/04/2018	20.4	5.2	13.1
30/04/2018	20.8	5.8	12.3
01/05/2018	24.8	5.4	14.4
02/05/2018	23	7.7	15.3
03/05/2018	22.8	6.7	14
04/05/2018	29	6.1	16.4
05/05/2018	24.5	8	15.3
06/05/2018	25.1	7.1	15.2
07/05/2018	29.4	10.6	21.3
08/05/2018	28.4	7.9	17.7
09/05/2018	26	7.8	17.1
10/05/2018	26.7	8.8	17.1
11/05/2018	28.4	7.8	19.7
12/05/2018	27.5	10.6	20.5
13/05/2018	18.7	9.7	13.5
14/05/2018	21.5	10.2	14.3
15/05/2018	19.9	11	14.4
16/05/2018	20.2	9.9	14.4
17/05/2018	25.5	6.9	15.6
18/05/2018	23.2	8.6	15.3
19/05/2018	24.6	7.5	14.8
20/05/2018	23.9	6.8	14.7
21/05/2018	26.4	6.8	16.1
22/05/2018	22	10.8	15
23/05/2018	18.7	12.1	14.2
24/05/2018	21.4	12.3	14.9
25/05/2018	16.3	11.9	13.8
26/05/2018	23.2	10.7	16.1
27/05/2018	30.2	8.3	18.6
28/05/2018	33.9	10.2	21.7
29/05/2018	33.8	11.5	21
30/05/2018	24.8	9.2	15.3
31/05/2018	22.8	7.7	14.9
01/06/2018	28.9	6.7	18.1
02/06/2018	35.6	9.2	22.5
03/06/2018	34.5	11.6	22
04/06/2018	30.8	10.2	19.5
05/06/2018	26.8	6.4	16.7
06/06/2018	25.5	8.1	16.1
07/06/2018	27.8	7.5	17.1
08/06/2018	29.8	7.7	18.8
09/06/2018	23.2	11.1	17.2
10/06/2018	27	7.4	17.6
11/06/2018	32.4	9.5	20.9
12/06/2018	35.8	11.2	22.5
13/06/2018	32.8	10.1	21.5
14/06/2018	25.1	8.9	17.2
15/06/2018	22.1	9.6	15.9
16/06/2018	24.8	9.1	16.4
17/06/2018	24	8.5	16.4
18/06/2018	28.6	9.9	18.4
19/06/2018	28.4	9.2	17.4
20/06/2018	28.5	8.4	16.6
21/06/2018	29.3	6	17.7
22/06/2018	37.2	10	22.5
23/06/2018	39.2	12.3	25.3
24/06/2018	28.5	11.6	18.9
25/06/2018	24.8	10.9	17.8
26/06/2018	27.2	10	17.7
27/06/2018	23.4	8.5	16
28/06/2018	28.1	7.9	18.1
29/06/2018	31.4	10.2	20.4
30/06/2018	34.7	10.8	21.8
01/07/2018	26.9	11.4	19.1
02/07/2018	24.6	12.2	17.8
03/07/2018	24.7	11.2	16.7
04/07/2018	25.1	8.5	16.1
05/07/2018	31.6	7.6	19.2
06/07/2018	32.3	14.2	22.1
07/07/2018	34.6	10.4	22.6
08/07/2018	32.5	8.6	20.4
09/07/2018	36.9	8.3	22.7
10/07/2018	34.6	11.7	23.4
11/07/2018	31.2	11.2	19.9
12/07/2018	31	11.2	20.6
13/07/2018	35.1	16.4	23.1
14/07/2018	33.5	13.8	21.3
15/07/2018	29.7	11.9	19.8
16/07/2018	30.7	9.4	19.3
17/07/2018	31	10.3	19.6
18/07/2018	30.9	13.5	20.4
19/07/2018	32.4	12.3	20
20/07/2018	30.4	9.9	20
21/07/2018	32.6	14	22.4
22/07/2018	32.8	14.5	22.2
23/07/2018	33.7	12.7	21.8
24/07/2018	31.9	11.7	21.1
25/07/2018	35.5	11	22
26/07/2018	29.4	10.9	19.6
27/07/2018	28	8.7	18.1
28/07/2018	30.1	9.3	18.2
29/07/2018	28	9.3	17.4
30/07/2018	29.2	11.5	18.7
31/07/2018	27.7	11.5	18.5
01/08/2018	27.8	10.8	17.9
02/08/2018	28.1	8.5	17.5
03/08/2018	31.9	9.9	19.8
04/08/2018	35.1	9.9	22.3
05/08/2018	29.8	9.2	18.7
06/08/2018	33	9.5	21.1
07/08/2018	26.5	9.9	18
08/08/2018	30.6	11.2	19.3
09/08/2018	36.3	11.4	21.5
10/08/2018	32.8	9.9	21.3
11/08/2018	30.8	11.9	21
12/08/2018	30.1	10.8	19.1
13/08/2018	26.8	11.4	17.9
14/08/2018	25.7	10.2	17
15/08/2018	28.1	11.2	18.1
16/08/2018	29.7	9.9	19
17/08/2018	33.9	9.9	19.7
18/08/2018	33.4	8.9	20.1
19/08/2018	29.4	7.7	17.2
20/08/2018	24.5	12.1	16.8
21/08/2018	23.6	12.1	16.2
22/08/2018	25.5	11.7	18.7
23/08/2018	26.9	10.5	17.5
24/08/2018	25.3	10.4	16.9
25/08/2018	26.9	10.2	16.6
26/08/2018	24.6	9.8	15.8
27/08/2018	23.3	10.2	16.1
28/08/2018	24.3	11.3	17
29/08/2018	27.1	8.1	17.2
30/08/2018	25.6	11.2	17.7
31/08/2018	30.2	10.5	18.8
01/09/2018	28	9.2	17.5
02/09/2018	30.3	10.8	18.4
03/09/2018	26.8	11	17.5
04/09/2018	28.3	9.1	16.7
05/09/2018	24.6	9	15.7
06/09/2018	27.8	8.7	16.8
07/09/2018	34.1	8	18.7
08/09/2018	33.6	7.6	19.2
09/09/2018	33.6	7.5	18.4
10/09/2018	31.2	6.7	18
11/09/2018	30	7	18
12/09/2018	25.7	7.4	15.7
13/09/2018	26.3	8.6	16.7
14/09/2018	26.9	7.5	17.1
15/09/2018	25.4	8.1	16
16/09/2018	26.9	5	15.4
17/09/2018	26.1	7.7	16
18/09/2018	26	7.3	15.7
19/09/2018	30.9	7.2	17.3
20/09/2018	32.7	7.2	19.5
21/09/2018	29.9	6.7	17.7
22/09/2018	28.7	6.1	16
23/09/2018	28.2	6.7	15.9
24/09/2018	32.6	5.4	17.4
25/09/2018	30.2	6	16.2
26/09/2018	35.1	6.2	18.5
27/09/2018	29.2	6.9	16.7
28/09/2018	25.2	8.1	14.8
29/09/2018	20.3	7.9	15.2
30/09/2018	25.6	13.5	18.6
01/10/2018	25.2	11.3	18.1
02/10/2018	27.6	15.9	19.7
03/10/2018	24.3	14.9	18.7
04/10/2018	21	10.1	16.5
05/10/2018	25.5	7.7	16.1
06/10/2018	26.9	10.2	18
07/10/2018	27.7	13.4	21.2
08/10/2018	30	12.2	21.8
09/10/2018	27.8	9.3	16.4
10/10/2018	23.1	8.4	14.9
11/10/2018	25.6	7.3	14.3
12/10/2018	30.9	6.5	17.4
13/10/2018	26.4	5.3	14.7
14/10/2018	27.9	5.7	16.6
15/10/2018	29.5	5.1	19
16/10/2018	28.5	2.2	14
17/10/2018	26.3	2.7	13.2
18/10/2018	26.9	3.9	13.5
19/10/2018	31.5	4.4	15.6
20/10/2018	27.8	4.2	14.4
21/10/2018	23.8	3.4	11
22/10/2018	21.4	4.1	10.3
23/10/2018	21.2	3.2	10.9
24/10/2018	25.6	4.8	13.8
25/10/2018	26.9	6.6	14.9
26/10/2018	28.2	6.5	15.9
27/10/2018	26.9	7.6	15.8
28/10/2018	24.5	7.3	14.9
29/10/2018	23.9	6.6	13.2
30/10/2018	26.3	5.6	15.8
31/10/2018	29.4	6.8	18.4
01/11/2018	30.8	10.5	18.8
02/11/2018	28.5	6.8	16.1
03/11/2018	32.2	7.8	17
04/11/2018	25.7	4.6	14
05/11/2018	27.8	5.1	14.1
06/11/2018	26.8	-0.1	11.4
07/11/2018	27.1	2.2	12.3
08/11/2018	22.8	6	16.7
09/11/2018	18.3	0.6	9.3
10/11/2018	18.6	-1.6	6.2
11/11/2018	23.8	0.1	13.5
12/11/2018	23.3	-0.2	10
13/11/2018	20.2	1.5	8.9
14/11/2018	20.5	-2	7.9
15/11/2018	20.7	-0.6	7.9
16/11/2018	18.7	-1.9	6.6
17/11/2018	18.9	-2.4	6.7
18/11/2018	19.5	-2.7	6.2
19/11/2018	22.4	1.2	8.7
20/11/2018	18.9	-1.6	8.1
21/11/2018	14.3	8.3	11.5
22/11/2018	16.5	7.9	12.8
23/11/2018	16.5	10.5	13.6
24/11/2018	19.5	8.8	13.8
25/11/2018	21	5.5	11.2
26/11/2018	20.9	5	11.7
27/11/2018	13.7	6.4	10.9
28/11/2018	18.6	11.6	14.2
29/11/2018	15.1	7.3	12
30/11/2018	16.5	4.6	8.6
01/12/2018	14.2	3.1	8.3
02/12/2018	14.6	-0.1	6
03/12/2018	13.9	1.4	8.3
04/12/2018	13.2	7.4	10.8
05/12/2018	12.3	5.4	8.9
06/12/2018	18.4	4.1	9
07/12/2018	17.3	1.9	7.7
08/12/2018	17.7	2.5	8.4
09/12/2018	13.9	2.6	7.9
10/12/2018	15.6	2.9	9.2
11/12/2018	15.4	-0.5	6.9
12/12/2018	19.6	3.6	9.8
13/12/2018	19	1.4	8.3
14/12/2018	15.2	3.6	9.8
15/12/2018	15.9	8.5	11.6
16/12/2018	14.4	10.1	12.3
17/12/2018	14.2	5.4	9.9
18/12/2018	14.3	3.2	9.5
19/12/2018	15.7	5.8	11.1
20/12/2018	13.6	4.5	9.6
21/12/2018	17.3	4	10.8
22/12/2018	12.4	0.5	6.6
23/12/2018	14	4.8	9.1
24/12/2018	15.2	7.5	10
25/12/2018	17.2	3	10
26/12/2018	15.9	1.6	7.7
27/12/2018	15.2	0.9	8.2
28/12/2018	16.1	5.2	10.5
29/12/2018	15.4	1.1	7.1
30/12/2018	15.3	0	6
31/12/2018	13	1.8	9.6
01/01/2019	15.5	-0.2	7.7
02/01/2019	14	-3.2	3.7
03/01/2019	14.6	-1.7	5.4
04/01/2019	14.7	-0.2	5.7
05/01/2019	12.6	2.4	8.1
06/01/2019	10.8	4.7	8.1
07/01/2019	13.1	5.8	9.2
08/01/2019	14	8.3	10.6
09/01/2019	15.4	8.5	12.4
10/01/2019	16.7	5	9.8
11/01/2019	13.1	5	9.7
12/01/2019	17.7	5	10.3
13/01/2019	17	3.8	9.3
14/01/2019	13.3	5.5	9.5
15/01/2019	11.9	7.1	9.1
16/01/2019	15.5	11	12.8
17/01/2019	14.5	8.2	12.5
18/01/2019	15.4	7.7	11.3
19/01/2019	16.7	10.6	13
20/01/2019	16	4.9	11.8
21/01/2019	15	2.2	7.3
22/01/2019	19.2	2.9	10.7
23/01/2019	17.3	0.6	7.4
24/01/2019	19.3	1.2	8.6
25/01/2019	21.7	0.8	8.6
26/01/2019	16.8	2.5	9.2
27/01/2019	19.9	4.3	11.2
28/01/2019	18.3	6.6	11.5
29/01/2019	18	7.7	11.7
30/01/2019	18.3	9.4	11.9
