Date	Gmc	Tmin	Tmax	Value
01/09/1994	22.34	22	29	100
02/09/1994	22.17	22	30	100.4
03/09/1994	22	22	30	100.9
04/09/1994	21.82	21	30	101.3
05/09/1994	21.65	22	30	101.7
06/09/1994	21.48	22	27	102.2
07/09/1994	21.31	21	29	102.6
08/09/1994	21.13	21	30	103
09/09/1994	20.96	22	29	103.5
10/09/1994	20.79	21	29	103.9
11/09/1994	20.62	22	30	104.3
12/09/1994	20.44	22	30	104.8
13/09/1994	20.27	22	30	105.2
14/09/1994	20.1	22	31	105.6
15/09/1994	19.93	23	32	106
16/09/1994	19.76	21	29	106.5
17/09/1994	19.58	21	30	106.9
18/09/1994	19.41	20	30	107.3
19/09/1994	19.24	22	30	107.8
20/09/1994	19.07	22	29	108.2
21/09/1994	18.89	20	29	108.6
22/09/1994	18.72	21	30	109.1
23/09/1994	18.55	21	30	109.5
24/09/1994	18.38	22	30	109.9
25/09/1994	18.2	21	31	110.4
26/09/1994	18.03	22	25	110.8
27/09/1994	17.86	19	30	111.2
28/09/1994	17.69	21	30	111.7
29/09/1994	17.51	21	31	112.1
30/09/1994	17.34	20	30	112.5
01/10/1994	17.17	20	30	113
02/10/1994	17.17	21	31	113.4
03/10/1994	17.12	22	30	113.8
04/10/1994	17.07	21	30	114.2
05/10/1994	17.03	22	30	114.6
06/10/1994	16.98	22	30	115.1
07/10/1994	16.93	22	27	115.5
08/10/1994	16.88	21	30	115.9
09/10/1994	16.84	20	30	116.3
10/10/1994	16.79	20	30	116.7
11/10/1994	16.74	21	31	117.1
12/10/1994	16.69	21	31	117.6
13/10/1994	16.64	22	31	118
14/10/1994	16.6	21	32	118.4
15/10/1994	16.55	21	32	118.8
16/10/1994	16.5	20	31	119.2
17/10/1994	16.45	21	31	119.7
18/10/1994	16.41	21	32	120.1
19/10/1994	16.36	22	31	120.5
20/10/1994	16.31	22	31	120.9
21/10/1994	16.26	20	31	121.3
22/10/1994	16.22	21	31	121.7
23/10/1994	16.17	22	19	122.2
24/10/1994	16.12	20	31	122.6
25/10/1994	16.07	21	32	123
26/10/1994	16.02	22	32	123.4
27/10/1994	15.98	23	32	123.8
28/10/1994	15.93	20	32	124.3
29/10/1994	15.88	21	32	124.7
30/10/1994	15.83	22	32	125.1
31/10/1994	15.76	23	32	125.5
01/11/1994	15.69	20	32	125.9
02/11/1994	15.69	23	30	126.1
03/11/1994	15.67	21	32	126.3
04/11/1994	15.64	21	32	126.5
05/11/1994	15.62	21	31	126.7
06/11/1994	15.6	21	32	126.9
07/11/1994	15.57	22	32	127
08/11/1994	15.55	22	31	127.2
09/11/1994	15.53	21	32	127.4
10/11/1994	15.51	22	32	127.6
11/11/1994	15.48	22	32	127.8
12/11/1994	15.46	21	33	128
13/11/1994	15.44	22	32	128.1
14/11/1994	15.41	22	33	128.3
15/11/1994	15.39	23	29	128.5
16/11/1994	15.37	20	32	128.7
17/11/1994	15.34	20	33	128.9
18/11/1994	15.32	23	28	129.1
19/11/1994	15.3	22	31	129.3
20/11/1994	15.27	22	32	129.4
21/11/1994	15.25	21	31	129.6
22/11/1994	15.23	22	32	129.8
23/11/1994	15.2	22	32	130
24/11/1994	15.18	22	32	130.2
25/11/1994	15.16	22	33	130.4
26/11/1994	15.14	20	31	130.6
27/11/1994	15.11	21	31	130.7
28/11/1994	15.09	19	30	130.9
29/11/1994	15.07	20	31	131.1
30/11/1994	15.02	22	31	131.3
01/12/1994	14.98	22	31	131.5
02/12/1994	14.95	21	31	131.7
03/12/1994	14.91	19	29	132
04/12/1994	14.87	21	30	132.2
05/12/1994	14.84	22	31	132.4
06/12/1994	14.8	21	32	132.7
07/12/1994	14.76	21	32	132.9
08/12/1994	14.73	22	32	133.2
09/12/1994	14.69	21	33	133.4
10/12/1994	14.65	22	32	133.6
11/12/1994	14.62	21	32	133.9
12/12/1994	14.58	21	32	134.1
13/12/1994	14.54	21	32	134.3
14/12/1994	14.51	19	31	134.6
15/12/1994	14.47	20	32	134.8
16/12/1994	14.43	19	31	135.1
17/12/1994	14.4	20	32	135.3
18/12/1994	14.36	20	33	135.5
19/12/1994	14.32	21	32	135.8
20/12/1994	14.28	22	32	136
21/12/1994	14.25	22	33	136.3
22/12/1994	14.21	23	32	136.5
23/12/1994	14.17	23	32	136.7
24/12/1994	14.14	21	32	137
25/12/1994	14.1	20	32	137.2
26/12/1994	14.06	19	32	137.5
27/12/1994	14.03	19	33	137.7
28/12/1994	13.99	20	32	137.9
29/12/1994	13.94	21	32	138.2
30/12/1994	13.89	21	31	138.4
31/12/1994	13.84	15	32	138.7
01/01/1995	13.78	18	31	138.9
02/01/1995	13.73	15	30	138.9
03/01/1995	13.68	14	31	139
04/01/1995	13.66	16	31	139.1
05/01/1995	13.64	16	32	139.1
06/01/1995	13.62	18	31	139.2
07/01/1995	13.6	19	31	139.2
08/01/1995	13.58	21	30	139.3
09/01/1995	13.57	21	31	139.4
10/01/1995	13.55	22	30	139.4
11/01/1995	13.53	22	31	139.5
12/01/1995	13.51	23	31	139.5
13/01/1995	13.49	20	31	139.6
14/01/1995	13.47	21	32	139.7
15/01/1995	13.45	19	31	139.7
16/01/1995	13.43	16	30	139.8
17/01/1995	13.41	15	31	139.8
18/01/1995	13.39	20	31	139.9
19/01/1995	13.38	20	31	140
20/01/1995	13.36	23	31	140
21/01/1995	13.34	21	31	140.1
22/01/1995	13.32	20	31	140.1
23/01/1995	13.3	20	31	140.2
24/01/1995	13.28	20	32	140.3
25/01/1995	13.26	22	31	140.3
26/01/1995	13.24	22	31	140.4
27/01/1995	13.22	23	31	140.4
28/01/1995	13.2	21	32	140.5
29/01/1995	13.19	21	32	140.6
30/01/1995	13.17	21	32	140.6
31/01/1995	13.15	22	31	140.7
01/02/1995	13.11	20	33	140.7
02/02/1995	13.03	19	32	140.7
03/02/1995	12.95	19	31	140.6
04/02/1995	12.87	21	27	140.5
05/02/1995	12.79	21	33	140.5
06/02/1995	12.71	22	31	140.4
07/02/1995	12.63	22	32	140.3
08/02/1995	12.55	24	31	140.3
09/02/1995	12.46	24	32	140.2
10/02/1995	12.38	25	32	140.1
11/02/1995	12.3	25	32	140.1
12/02/1995	12.22	25	32	140
13/02/1995	12.14	24	33	139.9
14/02/1995	12.06	24	33	139.9
15/02/1995	11.98	23	33	139.8
16/02/1995	11.9	24	33	139.7
17/02/1995	11.82	24	33	139.7
18/02/1995	11.74	24	33	139.6
19/02/1995	11.66	24	32	139.6
20/02/1995	11.58	24	33	139.5
21/02/1995	11.5	25	34	139.4
22/02/1995	11.42	25	33	139.4
23/02/1995	11.33	25	33	139.3
24/02/1995	11.25	25	34	139.2
25/02/1995	11.17	24	33	139.2
26/02/1995	11.09	25	33	139.1
27/02/1995	11.01	26	33	139
28/02/1995	10.93	25	34	139
01/03/1995	10.77	22	34	138.9
02/03/1995	10.82	21	31	137.4
03/03/1995	10.87	24	33	135.9
04/03/1995	10.91	25	32	134.4
05/03/1995	10.96	25	32	132.9
06/03/1995	11.01	25	32	131.4
07/03/1995	11.06	25	33	129.9
08/03/1995	11.11	26	32	128.4
09/03/1995	11.15	27	33	126.9
10/03/1995	11.2	26	32	125.4
11/03/1995	11.25	23	31	124
12/03/1995	11.3	24	32	122.5
13/03/1995	11.35	25	31	121
14/03/1995	11.39	25	31	119.5
15/03/1995	11.44	23	32	118
16/03/1995	11.49	24	32	116.5
17/03/1995	11.54	25	33	115
18/03/1995	11.59	24	32	113.5
19/03/1995	11.64	25	32	112
20/03/1995	11.68	27	32	110.5
21/03/1995	11.73	20	31	109
22/03/1995	11.78	22	31	107.5
23/03/1995	11.83	23	31	106
24/03/1995	11.88	24	32	104.5
25/03/1995	11.92	24	32	103
26/03/1995	11.97	27	33	101.6
27/03/1995	12.02	26	32	100.1
28/03/1995	12.07	25	33	98.6
29/03/1995	12.12	25	32	97.1
30/03/1995	12.16	26	32	95.6
31/03/1995	12.26	25	33	94.1
01/04/1995	12.27	27	33	92.6
02/04/1995	12.28	27	32	92.2
03/04/1995	12.28	27	31	91.9
04/04/1995	12.29	23	32	91.5
05/04/1995	12.3	22	31	91.1
06/04/1995	12.31	24	32	90.7
07/04/1995	12.31	24	32	90.4
08/04/1995	12.32	24	28	90
09/04/1995	12.33	23	33	89.6
10/04/1995	12.34	22	32	89.3
11/04/1995	12.34	27	32	88.9
12/04/1995	12.35	26	32	88.5
13/04/1995	12.36	26	32	88.1
14/04/1995	12.37	25	31	87.8
15/04/1995	12.37	23	32	87.4
16/04/1995	12.38	23	33	87
17/04/1995	12.39	25	32	86.7
18/04/1995	12.4	24	32	86.3
19/04/1995	12.41	25	32	85.9
20/04/1995	12.41	25	33	85.6
21/04/1995	12.42	25	33	85.2
22/04/1995	12.43	25	32	84.8
23/04/1995	12.44	25	32	84.4
24/04/1995	12.44	24	32	84.1
25/04/1995	12.45	25	32	83.7
26/04/1995	12.46	25	33	83.3
27/04/1995	12.47	22	32	83
28/04/1995	12.47	24	33	82.6
29/04/1995	12.48	23	30	82.2
30/04/1995	12.49	20	32	81.9
01/05/1995	12.5	25	32	81.5
02/05/1995	12.5	25	26	81.9
03/05/1995	12.52	23	31	82.3
04/05/1995	12.52	24	32	82.7
05/05/1995	12.52	24	31	83.2
06/05/1995	12.52	24	32	83.6
07/05/1995	12.52	25	32	84
08/05/1995	12.52	25	32	84.4
09/05/1995	12.52	21	27	84.8
10/05/1995	12.52	22	32	85.2
11/05/1995	12.52	24	32	85.7
12/05/1995	12.52	24	31	86.1
13/05/1995	12.52	24	31	86.5
14/05/1995	12.52	21	28	86.9
15/05/1995	12.52	22	31	87.3
16/05/1995	12.52	24	30	87.8
17/05/1995	12.52	22	32	88.2
18/05/1995	12.52	22	31	88.6
19/05/1995	12.52	24	32	89
20/05/1995	12.52	24	32	89.4
21/05/1995	12.52	23	32	89.8
22/05/1995	13.4824	23	31	90.3
23/05/1995	13.5069	24	31	90.7
24/05/1995	13.5316	24	32	91.1
25/05/1995	13.5567	25	32	91.5
26/05/1995	13.582	26	31	91.9
27/05/1995	13.6076	22	30	92.4
28/05/1995	13.6335	22	30	92.8
29/05/1995	13.6597	23	32	93.2
30/05/1995	13.6861	22	32	93.6
31/05/1995	13.7128	23	31	94
01/06/1995	13.7399	24	30	94.4
02/06/1995	13.7671	24	30	94.4
03/06/1995	13.7947	24	30	94.4
04/06/1995	13.8225	24	30	94.4
05/06/1995	13.8506	24	30	94.4
06/06/1995	13.879	24	30	94.4
07/06/1995	13.9077	24	30	94.4
08/06/1995	13.9366	24	30	94.4
09/06/1995	13.9658	24	30	94.4
10/06/1995	13.9953	24	30	94.4
11/06/1995	13.9953	24	30	94.4
12/06/1995	13.9953	24	30	94.4
13/06/1995	13.9953	24	30	94.4
14/06/1995	13.9953	24	30	94.4
15/06/1995	13.9953	24	30	94.4
16/06/1995	13.9953	24	30	94.4
17/06/1995	13.9953	24	30	94.4
18/06/1995	13.9953	24	30	94.4
19/06/1995	13.9953	24	30	94.4
20/06/1995	13.9953	24	30	94.4
21/06/1995	13.9953	24	30	94.4
22/06/1995	13.9953	24	30	94.4
23/06/1995	13.9953	24	30	94.4
24/06/1995	13.9953	24	30	94.4
25/06/1995	13.9953	24	30	94.4
26/06/1995	13.9953	24	30	94.4
27/06/1995	13.9953	24	30	94.4
