Date	Gmc	Tmin	Tmax	Value
01/09/1993	20	22	29	100
02/09/1993	20	22	30	100.4
03/09/1993	20	22	30	100.8
04/09/1993	20	21	30	101.3
05/09/1993	20	22	30	101.7
06/09/1993	20	22	27	102.1
07/09/1993	20	21	29	102.5
08/09/1993	20	21	30	103
09/09/1993	20	22	29	103.4
10/09/1993	20	21	29	103.8
11/09/1993	20	22	30	104.2
12/09/1993	20	22	30	104.6
13/09/1993	20	22	30	105.1
14/09/1993	20	22	31	105.5
15/09/1993	20	23	32	105.9
16/09/1993	20	21	29	106.3
17/09/1993	20	21	30	106.8
18/09/1993	20	20	30	107.2
19/09/1993	20	22	30	107.6
20/09/1993	20	22	29	108
21/09/1993	20	20	29	108.4
22/09/1993	16.52	21	30	108.9
23/09/1993	16.52	21	30	109.3
24/09/1993	16.52	22	30	109.7
25/09/1993	16.52	21	31	110.1
26/09/1993	16.52	22	25	110.6
27/09/1993	16.52	19	30	111
28/09/1993	16.52	21	30	111.4
29/09/1993	16.52	21	31	111.8
30/09/1993	16.52	20	30	112.2
01/10/1993	16.52	20	30	112.7
02/10/1993	16.52	21	31	112.9
03/10/1993	16.52	22	30	113.2
04/10/1993	16.52	21	30	113.5
05/10/1993	16.52	22	30	113.8
06/10/1993	16.52	22	30	114.1
07/10/1993	16.52	22	27	114.3
08/10/1993	16.52	21	30	114.6
09/10/1993	16.52	20	30	114.9
10/10/1993	16.52	20	30	115.2
11/10/1993	16.52	21	31	115.5
12/10/1993	16.52	21	31	115.7
13/10/1993	15.95	22	31	116
14/10/1993	15.95	21	32	116.3
15/10/1993	15.95	21	32	116.6
16/10/1993	15.95	20	31	116.9
17/10/1993	15.95	21	31	117.1
18/10/1993	15.95	21	32	117.4
19/10/1993	15.95	22	31	117.7
20/10/1993	15.95	22	31	118
21/10/1993	15.95	20	31	118.3
22/10/1993	15.95	21	31	118.5
23/10/1993	15.95	22	19	118.8
24/10/1993	15.95	20	31	119.1
25/10/1993	15.95	21	32	119.4
26/10/1993	15.95	22	32	119.7
27/10/1993	15.95	23	32	119.9
28/10/1993	15.95	20	32	120.2
29/10/1993	15.95	21	32	120.5
30/10/1993	15.95	22	32	120.8
31/10/1993	15.95	23	32	121.1
01/11/1993	15.95	20	32	121.3
02/11/1993	15.95	23	30	121.7
03/11/1993	15.28	21	32	122
04/11/1993	15.28	21	32	122.3
05/11/1993	15.28	21	31	122.7
06/11/1993	15.28	21	32	123
07/11/1993	15.28	22	32	123.3
08/11/1993	15.28	22	31	123.7
09/11/1993	15.28	21	32	124
10/11/1993	15.28	22	32	124.3
11/11/1993	15.28	22	32	124.7
12/11/1993	15.28	21	33	125
13/11/1993	15.28	22	32	125.3
14/11/1993	15.28	22	33	125.7
15/11/1993	15.28	23	29	126
16/11/1993	15.28	20	32	126.3
17/11/1993	15.28	20	33	126.7
18/11/1993	15.28	23	28	127
19/11/1993	15.28	22	31	127.3
20/11/1993	15.28	22	32	127.7
21/11/1993	15.28	21	31	128
22/11/1993	15.28	22	32	128.3
23/11/1993	15.28	22	32	128.7
24/11/1993	14.73	22	32	129
25/11/1993	14.73	22	33	129.3
26/11/1993	14.73	20	31	129.7
27/11/1993	14.73	21	31	130
28/11/1993	14.73	19	30	130.3
29/11/1993	14.73	20	31	130.7
30/11/1993	14.73	22	31	131
01/12/1993	14.73	22	31	131.3
02/12/1993	14.73	21	31	131.3
03/12/1993	14.73	19	29	131.2
04/12/1993	14.73	21	30	131.2
05/12/1993	14.73	22	31	131.2
06/12/1993	14.73	21	32	131.1
07/12/1993	14.73	21	32	131.1
08/12/1993	14.73	22	32	131
09/12/1993	14.73	21	33	131
10/12/1993	14.73	22	32	130.9
11/12/1993	14.73	21	32	130.9
12/12/1993	14.73	21	32	130.9
13/12/1993	14.73	21	32	130.8
14/12/1993	14.73	19	31	130.8
15/12/1993	14.18	20	32	130.7
16/12/1993	14.18	19	31	130.7
17/12/1993	14.18	20	32	130.6
18/12/1993	14.18	20	33	130.6
19/12/1993	14.18	21	32	130.6
20/12/1993	14.18	22	32	130.5
21/12/1993	14.18	22	33	130.5
22/12/1993	14.18	23	32	130.4
23/12/1993	14.18	23	32	130.4
24/12/1993	14.18	21	32	130.3
25/12/1993	14.18	20	32	130.3
26/12/1993	14.18	19	32	130.3
27/12/1993	14.18	19	33	130.2
28/12/1993	14.18	20	32	130.2
29/12/1993	14.18	21	32	130.1
30/12/1993	14.18	21	31	130.1
31/12/1993	14.18	15	32	130
01/01/1994	14.18	18	31	130
02/01/1994	14.18	15	30	130.3
03/01/1994	14.18	14	31	130.6
04/01/1994	14.18	16	31	130.8
05/01/1994	14.74	16	32	131.1
06/01/1994	14.74	18	31	131.4
07/01/1994	14.74	19	31	131.7
08/01/1994	14.74	21	30	132
09/01/1994	14.74	21	31	132.2
10/01/1994	14.74	22	30	132.5
11/01/1994	14.74	22	31	132.8
12/01/1994	14.74	23	31	133.1
13/01/1994	14.74	20	31	133.4
14/01/1994	14.74	21	32	133.6
15/01/1994	14.74	19	31	133.9
16/01/1994	14.74	16	30	134.2
17/01/1994	14.74	15	31	134.5
18/01/1994	14.74	20	31	134.8
19/01/1994	14.74	20	31	135
20/01/1994	14.74	23	31	135.3
21/01/1994	14.74	21	31	135.6
22/01/1994	14.74	20	31	135.9
23/01/1994	14.74	20	31	136.2
24/01/1994	14.74	20	32	136.4
25/01/1994	14.74	22	31	136.7
26/01/1994	12.65	22	31	137
27/01/1994	12.65	23	31	137.3
28/01/1994	12.65	21	32	137.5
29/01/1994	12.65	21	32	137.8
30/01/1994	12.65	21	32	138.1
31/01/1994	12.65	22	31	138.4
01/02/1994	12.65	20	33	138.7
02/02/1994	12.65	19	32	137.9
03/02/1994	12.65	19	31	137
04/02/1994	12.65	21	27	136.2
05/02/1994	12.65	21	33	135.4
06/02/1994	12.65	22	31	134.6
07/02/1994	12.65	22	32	133.8
08/02/1994	12.65	24	31	133
09/02/1994	12.65	24	32	132.2
10/02/1994	12.65	25	32	131.4
11/02/1994	12.65	25	32	130.6
12/02/1994	12.65	25	32	129.8
13/02/1994	12.65	24	33	129
14/02/1994	12.65	24	33	128.1
15/02/1994	12.65	23	33	127.3
16/02/1994	13.7	24	33	126.5
17/02/1994	13.7	24	33	125.7
18/02/1994	13.7	24	33	124.9
19/02/1994	13.7	24	32	124.1
20/02/1994	13.7	24	33	123.3
21/02/1994	13.7	25	34	122.5
22/02/1994	13.7	25	33	121.7
23/02/1994	13.7	25	33	120.9
24/02/1994	13.7	25	34	120
25/02/1994	13.7	24	33	119.2
26/02/1994	13.7	25	33	118.4
27/02/1994	13.7	26	33	117.6
28/02/1994	13.7	25	34	116.8
01/03/1994	13.7	22	34	116
02/03/1994	13.7	21	31	114.4
03/03/1994	13.7	24	33	112.8
04/03/1994	13.7	25	32	111.2
05/03/1994	13.7	25	32	109.6
06/03/1994	13.7	25	32	108
07/03/1994	13.7	25	33	106.5
08/03/1994	13.7	26	32	104.9
09/03/1994	14.28	27	33	103.3
10/03/1994	14.28	26	32	101.7
11/03/1994	14.28	23	31	100.1
12/03/1994	14.28	24	32	98.5
13/03/1994	14.28	25	31	96.9
14/03/1994	14.28	25	31	95.3
15/03/1994	14.28	23	32	93.7
16/03/1994	14.28	24	32	92.1
17/03/1994	14.28	25	33	90.5
18/03/1994	14.28	24	32	88.9
19/03/1994	14.28	25	32	87.4
20/03/1994	14.28	27	32	85.8
21/03/1994	14.28	20	31	84.2
22/03/1994	14.28	22	31	82.6
23/03/1994	14.28	23	31	81
24/03/1994	14.28	24	32	79.4
25/03/1994	14.28	24	32	77.8
26/03/1994	14.28	27	33	76.2
27/03/1994	14.28	26	32	74.6
28/03/1994	14.28	25	33	73
29/03/1994	14.28	25	32	71.4
30/03/1994	14.28	26	32	69.8
31/03/1994	14.28	25	33	68.3
01/04/1994	14.28	27	33	66.7
02/04/1994	14.28	27	32	66.6
03/04/1994	14.28	27	31	66.5
04/04/1994	14.28	23	32	66.5
05/04/1994	14.28	22	31	66.4
06/04/1994	14.28	24	32	66.3
07/04/1994	14.28	24	32	66.3
08/04/1994	14.28	24	28	66.2
09/04/1994	14.28	23	33	66.1
10/04/1994	14.28	22	32	66.1
11/04/1994	14.28	27	32	66
12/04/1994	14.28	26	32	65.9
13/04/1994	14.28	26	32	65.9
14/04/1994	14.28	25	31	65.8
15/04/1994	14.28	23	32	65.7
16/04/1994	14.28	23	33	65.7
17/04/1994	14.28	25	32	65.6
18/04/1994	14.28	24	32	65.5
19/04/1994	14.1	25	32	65.5
20/04/1994	14.1	25	33	65.4
21/04/1994	14.1	25	33	65.3
22/04/1994	14.1	25	32	65.3
23/04/1994	14.1	25	32	65.2
24/04/1994	14.1	24	32	65.1
25/04/1994	14.1	25	32	65.1
26/04/1994	14.1	25	33	65
27/04/1994	14.1	22	32	64.9
28/04/1994	14.1	24	33	64.9
29/04/1994	14.1	23	30	64.8
30/04/1994	14.1	20	32	64.7
01/05/1994	14.1	25	32	64.7
02/05/1994	14.1	25	26	64.9
03/05/1994	14.1	23	31	65.2
04/05/1994	14.1	24	32	65.4
05/05/1994	14.1	24	31	65.7
06/05/1994	14.1	24	32	66
07/05/1994	14.1	25	32	66.2
08/05/1994	14.1	25	32	66.5
09/05/1994	14.1	21	27	66.7
10/05/1994	14.1	22	32	67
11/05/1994	14.1	24	32	67.2
12/05/1994	14.1	24	31	67.5
13/05/1994	15.15	24	31	67.8
14/05/1994	15.15	21	28	68
15/05/1994	15.15	22	31	68.3
16/05/1994	15.15	24	30	68.5
17/05/1994	15.15	22	32	68.8
18/05/1994	15.15	22	31	69.1
19/05/1994	15.15	24	32	69.3
20/05/1994	15.15	24	32	69.6
21/05/1994	15.15	23	32	69.8
22/05/1994	15.15	23	31	70.1
23/05/1994	13.5069	24	31	70.3
24/05/1994	13.5316	24	32	70.6
25/05/1994	13.5567	25	32	70.9
26/05/1994	13.582	26	31	71.1
27/05/1994	13.6076	22	30	71.4
28/05/1994	13.6335	22	30	71.6
29/05/1994	13.6597	23	32	71.9
30/05/1994	13.6861	22	32	72.2
31/05/1994	13.7128	23	31	72.4
01/06/1994	13.7399	24	30	72.7
02/06/1994	13.7671	24	30	72.8
03/06/1994	13.7947	24	30	73
04/06/1994	13.8225	24	30	73.2
05/06/1994	13.8506	24	30	73.4
06/06/1994	13.879	24	30	73.6
07/06/1994	13.9077	24	30	73.7
08/06/1994	13.9366	24	30	73.9
09/06/1994	13.9658	24	30	74.1
10/06/1994	13.9953	24	30	74.3
11/06/1994	13.9953	24	30	74.4
12/06/1994	13.9953	24	30	74.6
13/06/1994	13.9953	24	30	74.8
14/06/1994	13.9953	24	30	75
15/06/1994	13.9953	24	30	75.2
16/06/1994	13.9953	24	30	75.3
17/06/1994	13.9953	24	30	75.5
18/06/1994	13.9953	24	30	75.7
19/06/1994	13.9953	24	30	75.9
20/06/1994	13.9953	24	30	76
21/06/1994	13.9953	24	30	76.2
22/06/1994	13.9953	24	30	76.4
23/06/1994	13.9953	24	30	76.6
24/06/1994	13.9953	24	30	76.8
25/06/1994	13.9953	24	30	76.9
26/06/1994	13.9953	24	30	77.1
27/06/1994	13.9953	24	30	77.3
